05218	4893,1019,2250,207,1950,5159,2253,2259,5294,595,2254,8074,26291,8823,1871,1026,2249,8817,1869,5290,5605,2255,8503,5594,1021,1870,5296,5925,3480,3845,4193,2256,5156,5728,5595,26281,5295,2258,27006,3082,3479,1029,5894,673,9965,56034,3265,10000,5155,5604,2246,5291,1956,4233,8822,23533,999,4286,7157,5154,2251,2247,5293,572,2260,369,2257,208,2252,2248,80310	71	103740	Melanoma
00230	171568,29922,5433,661,272,9583,84618,53343,112,26289,84172,58497,50484,27115,158,5150,132,4831,3704,10201,8654,5152,5236,111,646625,57804,5313,113,5140,654364,51082,5424,1716,471,5631,51292,56953,6241,204,64425,5141,124583,5158,84265,318,5167,5148,221823,5441,953,4830,548644,205,10621,5425,9615,5436,5440,4833,23649,3000,2982,5169,5142,5138,4860,3615,7498,5149,100,2987,5426,55811,5435,377841,5143,5315,270,8382,5139,4832,10714,196883,30834,56655,5136,3251,84284,108,353,11128,3614,6240,5558,5144,2984,5438,5471,55276,271,51251,5432,5439,30833,8622,5427,25885,5145,109,54107,10846,4907,956,5137,10622,51728,5437,957,93034,2977,5430,55703,203,8833,87178,2618,122481,5198,5146,55821,107,56985,9061,2986,5557,954,50940,22978,4882,115,2272,10623,9533,5153,9060,5147,10606,5151,5634,5434,114,122622,5422,4881,159,1633,2983,955,5431,246721,2766,11164	162	286802	Purine metabolism
05160	5521,4893,7098,5970,3446,207,3665,3451,1950,9063,7189,9021,6774,24146,3447,3444,3439,5294,148022,3646,9074,27102,3551,7124,8554,3659,1147,3716,100506658,4790,3576,55844,4939,5515,8517,6300,7186,1026,3445,8737,9075,5290,137075,8503,5594,9076,5600,5296,7132,10062,10379,3845,29110,5465,3434,6772,10686,5595,10401,2932,440275,5610,5295,5522,4938,4940,3455,5894,3442,7187,673,6654,439996,149461,3265,8717,5599,51588,53842,10000,10197,6256,6655,5291,3443,3440,3452,1432,9080,1956,4792,5518,949,9071,9641,1364,6041,23533,3448,975,49861,7157,3949,5519,5603,7122,3456,51208,23562,3441,5516,5293,572,5601,9451,57506,1365,369,5520,26285,1965,208,23586,9073,5163,7297,6773,5602,5010,1366,3449,3661,3454,2885	134	202637	Hepatitis C
04146	4358,5825,225,8528,2180,54363,5193,570,5191,11001,92960,55825,1891,4598,5826,9409,5190,5192,10654,3155,847,390916,51268,26061,8309,25824,7498,10455,6342,3295,81616,215,5824,1962,10901,5194,8800,8504,1610,8799,4843,30,51179,8540,51,55711,10478,8310,54677,2182,5830,55670,84188,5195,8443,83594,1384,5052,26063,189,2181,5827,3418,6648,23600,23417,10005,5264,11264,3417,5189,255027,373156,196743,6647,23305,2053,51703,5828	79	118427	Peroxisome
05211	1387,4893,2034,6513,207,57144,56924,998,6921,7039,5294,54583,405,7042,6923,2889,5063,5290,5605,3091,112398,7428,8503,5594,7040,5228,1398,5296,5062,3845,1399,10298,5906,9915,5595,2033,5295,7422,3082,5908,5894,673,201163,6654,3265,2113,10000,5155,5058,5604,112399,6655,5291,5879,4233,8453,23533,7424,9978,5781,2277,5293,2549,3725,7423,369,208,2271,7043,2885	70	124162	Renal cell carcinoma
04540	4893,10376,203068,112,1950,5578,5592,2911,5159,111,5607,113,1902,10381,23236,5579,1453,5593,10382,5567,2776,2770,5605,3710,112714,2982,1812,5582,2697,5594,10383,84617,983,3356,3845,5613,2771,5156,5595,196883,2915,153,5598,7278,57369,108,5894,79861,56034,6654,81027,3265,7277,3708,84790,5155,109,5330,5568,5604,6655,347688,3358,2977,1956,2778,7082,2767,107,3709,5154,56604,5331,115,1813,347733,7280,3357,113457,5566,51807,7846,2773,114,5332,2983,6714,10746,2885,80310	90	195181	Gap junction
05144	2994,3458,3592,7412,2532,7042,3553,7124,7097,3576,3043,2993,6401,6383,7059,1378,54106,1311,3039,9672,7040,4035,948,6382,3689,3040,6403,6385,3683,3082,6347,3820,7057,7060,3586,3383,7058,3569,4233,1440,975,958,959,3606,3045,2995,7099,22914,4615,7043,5175	51	89373	Malaria
05322	3109,8344,1991,8369,3458,317772,3015,89,8364,8352,6741,729,735,3123,3117,8330,6632,8337,128312,158983,2212,716,940,3108,121504,8343,723790,92815,7124,8363,8329,8346,8359,94239,3014,2903,81,9103,8351,8349,8370,8362,2213,8331,8342,717,1511,6737,941,8354,731,733,714,2904,333932,9555,8361,715,720,8339,8332,8341,730,8970,732,6738,8353,83740,721,554313,3017,3111,126961,6628,8347,8968,8356,3021,8340,85235,440689,3119,3127,8368,55506,8290,8294,712,8355,3586,653604,440093,8334,713,3126,8367,55766,3118,8350,255626,87,8358,3113,85236,3013,3020,8338,474381,8366,727,2209,286436,2214,958,8345,959,3115,3125,3112,8335,718,221613,3018,8357,3012,8365,8348,8336,474382,8969,942,6634,3122,2215,88,8360	136	116648	Systemic lupus erythematosus
03320	2710,5105,6257,2712,51129,335,2180,6319,336,3611,1374,28965,10999,11001,4199,10998,345,7316,5468,33,79966,9370,2173,8309,948,364,5170,2167,10062,6342,81616,5106,5465,5467,5360,1962,30,1375,2168,51,1579,8310,4973,116519,5346,10580,2172,2182,6256,1593,2171,2170,3158,7350,2169,1622,2181,1582,4023,126129,284541,6258,1581,34,9415,376497,1376,23305,51703,4312	70	104100	PPAR signaling pathway
00450	883,56267,22929,51091,1491,11185,51540,7296,92935,4548,114112,4141,9061,9060,22928,118672,10587	17	26421	Selenocompound metabolism
05100	1785,7454,8936,998,1212,8976,3611,5294,60,9564,26084,23624,5747,1213,10163,10093,1499,3678,5290,858,8503,1398,399694,10109,29119,5296,3688,1399,6464,1211,857,71,391,5295,387,23607,867,5829,10094,81873,9844,10059,859,1759,53358,5291,8218,5879,2335,4233,23533,79658,999,1793,10092,3059,2017,1495,25759,7414,5293,2549,26052,10095,868,1731,10552,1496,6714,10459	70	137469	Bacterial invasion of epithelial cells
00785	51601,387787,11019	3	2923	Lipoic acid metabolism
04360	4893,1630,1969,2045,10509,59277,9423,1944,57144,23365,56924,29984,5362,7869,1943,998,11261,4776,25791,10507,8440,6092,2242,5530,2043,8633,2044,5361,9475,5747,9353,6387,8482,6091,80031,2047,5533,64218,1945,1946,7852,5063,2770,2050,4690,5594,63928,1020,2046,84448,55558,5532,10505,5062,3845,285220,6405,3688,219699,2771,137970,2534,10298,27289,54910,5595,2932,5880,57715,90249,10725,4772,22885,56896,10371,5365,387,3983,2041,1947,25,5535,22854,2048,3265,56920,5058,4773,1948,5921,5534,5879,9901,2051,6093,4233,23654,3897,57522,54437,6585,9037,3985,57556,5364,8829,10501,1072,64221,10500,9723,1949,4917,3984,1073,5881,5998,2773,10512,57689,2049,1942,2042,23380,10154,1808,4775,223117,6586	129	310541	Axon guidance
04916	1387,4893,1638,7479,8321,5443,1855,112,7299,5578,8324,4157,111,113,8322,7484,2775,1910,23236,5579,5567,2776,1499,89780,810,7478,2770,5605,3815,51176,7471,5582,5594,7480,805,7473,7306,3845,1856,5613,2771,1385,7474,90993,5595,196883,2932,2033,7481,8325,83439,51384,6934,108,1857,7475,163688,5894,817,808,11211,148327,3265,80326,81029,109,7476,5330,5568,5604,8326,818,4254,7472,1906,7477,2778,54361,51806,107,4286,7483,815,8323,434,10488,801,5331,115,7855,2535,5566,816,6932,84699,2773,114,5332,7976,7482,64764	101	177815	Melanogenesis
03060	5018,196294,60559,3309,6731,6729,55176,9789,90701,6734,7095,6728,23480,6726,6727,11231,6730,83943,23478,28972,58477,10952,29927	23	23411	Protein export
05142	5521,4087,917,5970,3458,207,2774,3592,7189,841,2769,5294,148022,7042,2775,916,3459,3553,3551,3593,7124,7048,23236,7097,6416,1147,4790,3576,624,55844,2776,5515,8517,6300,6349,919,5290,2770,811,54106,1636,714,915,8503,5594,7040,6348,3654,5600,414062,5296,7132,8837,2771,4843,5595,5295,5522,6347,8772,51135,712,7046,10333,5599,3586,10000,5330,5291,355,3569,1432,2778,4792,713,5518,356,23533,2767,107,6352,5519,3558,5603,3460,5331,3456,2353,5516,5293,3725,5601,7099,718,9630,5520,4088,208,2773,5054,5332,5602,4615,7043	104	163063	Chagas disease (American trypanosomiasis)
00531	3074,10855,4669,3423,3373,2990,138050,3073,23553,2588,2720,8692,3425,6677,60495,2799,6448,411,8372	19	31666	Glycosaminoglycan degradation
04020	1816,7419,8913,775,4923,2774,490,5578,113026,776,5737,6915,2911,5724,2769,5159,1133,11261,8912,7134,9127,113,89869,5530,3360,5255,1910,2064,3361,293,23236,5256,1139,5579,2903,777,148,5567,1909,624,814,4846,952,2149,3269,6261,3362,5335,3706,2776,493,6543,5533,810,2905,5025,886,85366,5481,6547,7417,3710,84812,623,5731,2185,5260,1812,57105,5582,63928,805,6262,778,7201,22953,3356,5024,5532,5336,5257,5613,6546,489,6870,5156,3363,2906,779,4843,185,196883,2915,153,7125,91807,56413,3707,136,3274,5136,108,7416,155,5023,154,163688,552,817,4842,5535,7220,808,147,5333,56848,491,6869,4638,135,1131,3708,488,1129,109,5733,5330,5568,5137,818,6263,553,5534,83447,3358,487,1956,2778,8877,51806,146,5261,2767,6865,107,773,3709,5027,815,1128,2925,801,5331,115,2065,5021,3357,5153,51196,5350,5566,2066,683,2902,816,9630,5026,887,3973,492,292,291,114,10800,5332,774,8911	177	434888	Calcium signaling pathway
04270	5499,140465,26279,775,27345,112,23365,5578,5592,776,3779,111,4629,113,5581,9475,23236,10266,5588,5579,157855,2768,148,5567,1909,2776,9138,10268,5322,810,8681,5501,30814,8399,85366,5605,3710,4659,2982,5582,5594,805,391013,10203,778,10672,10335,10398,123745,4660,5613,100137049,5500,3778,779,5595,185,196883,91807,136,64600,108,1579,387,5320,163688,552,5894,94274,673,808,147,4638,135,3708,109,5330,5568,5604,553,5321,2977,6093,2778,5583,51806,8398,146,2767,4637,107,10267,3709,27094,801,4882,5331,115,284541,9826,5580,59,5739,5319,81579,5566,800,50487,369,72,114,4881,5332,2983,84647,10242	116	258712	Vascular smooth muscle contraction
00120	570,10998,6718,8309,9420,6342,3295,1109,9023,51302,80270,1593,10858,1582,23600,1581	16	23441	Primary bile acid biosynthesis
04623	388372,171568,5970,3627,3446,661,3665,3451,3447,3444,3439,51082,3553,3551,1147,4790,84265,6351,8517,3445,10621,8737,81030,29110,103,29108,834,340061,11128,3442,4793,11277,10622,51728,3443,9560,3440,3452,3569,55703,4792,9641,9447,3448,6352,11035,3456,3441,10623,9533,3606,90865,57506,23586,3449,3661	56	65797	Cytosolic DNA-sensing pathway
04670	7409,5578,89,58498,11069,27035,10451,998,1535,7412,24146,5294,7294,9074,60,50508,83700,9564,9475,5579,5747,100506658,81,6387,5335,90952,6300,1499,103910,4301,9075,7852,5290,137075,2770,7410,2185,5582,8503,6494,1536,9076,29119,5600,10398,5296,7430,3689,5336,394,10627,4318,3688,4633,2771,29895,5906,10686,3702,71,5880,58494,3676,5295,50848,3683,387,4313,5908,4478,5829,93408,653361,2909,149461,53842,3383,399,5291,7070,5879,1432,9080,6093,9071,1364,10411,23533,87,49861,4688,5603,1003,7122,5781,51208,23562,83593,4267,1495,7414,5293,3684,1365,4636,4689,1500,7408,1496,26285,2773,9073,5010,1366,88,5175	116	201011	Leukocyte transendothelial migration
03040	153527,6631,8683,83443,25766,27339,10450,10713,6434,988,220988,9716,4116,1655,3192,23350,51691,6632,22827,3303,9984,10291,23658,11338,8175,23451,7307,10594,55110,10084,10569,7919,6428,10285,27258,51340,11157,6637,10929,84844,9128,22985,57187,9092,3190,10772,26121,6432,55696,1659,6429,11325,23450,144983,9129,10907,9410,5356,84321,25949,84991,3310,6431,4686,9939,6628,5093,8449,9416,3178,6627,55119,27316,3183,6636,51645,10992,10262,29896,9785,3312,6430,4670,57461,6629,51362,84950,10915,51503,4809,51690,58517,22916,9343,51639,22938,55660,6427,494115,25804,23020,3305,9879,8559,151903,6625,51729,6633,10286,10946,56949,6426,10465,6634,9775,11017,1665,8896,24148,10523,6635,3306,56259,10189,6626,3304,57819	127	197254	Spliceosome
04062	4893,388372,6358,6375,5970,3627,10344,112,7409,207,56288,2782,7454,2792,2791,56477,2919,10681,10451,998,6374,2787,8976,51764,6774,111,408,3577,6777,55970,5294,113,58191,59345,3551,6359,9564,9475,23236,1147,2783,5579,2786,5747,4790,5567,157,3576,1230,2793,6387,6364,6361,6351,8517,6349,10803,10235,6373,7852,5290,2770,7410,10563,3579,729230,1234,2185,6360,3718,8503,6367,9547,5594,1524,156,1398,399694,1445,6348,54331,6011,2829,414062,6357,5296,6372,10663,3845,1236,2788,5613,3055,2790,409,2771,1237,1399,6464,6772,5906,3702,6356,643,3717,5595,196883,2932,5880,5295,5196,4067,108,2833,387,6347,5908,5894,26230,673,5829,6654,6363,6846,653361,2920,4283,6354,9844,4793,3265,2931,5590,6346,6369,10000,94235,53358,109,5330,5058,5568,5604,131890,6655,5291,9560,6366,5879,1235,6093,2921,6355,4792,7074,1233,23533,5473,2785,2870,107,6352,6376,2869,5331,115,57580,2826,25759,5580,2784,5293,2868,5566,1232,5197,6362,10850,208,2773,114,5332,6773,2309,2268,6370,6368,1794,2885	189	276213	Chemokine signaling pathway
03022	286749,54457,6874,6883,27097,2961,6875,6880,6908,9519,11036,2962,10629,6872,2969,6881,2967,2957,6873,9569,2968,2958,11037,6878,2960,6884,2965,6879,51616,2966,2963,2959,6882,387332,138474,6877	36	59431	Basal transcription factors
00980	4258,128,1562,1557,221357,2953,222,1545,2948,2949,54490,124,4259,10941,2947,2954,131,7363,8644,119391,79799,2940,7366,1577,1572,2946,125,1551,54578,2950,4257,126,54657,54579,127,1109,2939,7364,54576,64816,2944,29785,7367,574537,27294,9446,54658,54577,1571,1544,218,1555,221,2952,1576,1646,54659,1559,130,1543,54600,220,54575,2052,1645,2941,2938,10720,373156,1558,7365	71	76103	Metabolism of xenobiotics by cytochrome P450
04974	486,51032,643834,50509,1358,6510,206358,131873,1289,5644,23439,80781,1301,63036,1293,483,4311,1360,10136,4224,1292,59272,6543,1803,1288,6519,1361,643847,1359,6547,7512,1287,6505,1357,340024,6546,1306,23428,478,5547,477,2006,9056,7373,1282,481,1504,3784,1291,1303,1506,8645,23436,1284,476,1299,4225,1286,3783,1297,1290,482,6550,117247,1278,480,10008,11136,5646,3769,1302,5222,1298,1277,1280,5645,6564,1308,6520,1281,54407	81	219124	Protein digestion and absorption
05145	3109,4261,26279,5970,3458,207,3592,7189,841,3918,22798,3123,6774,3117,5294,3303,3108,7042,2775,329,3909,3459,3551,3593,7124,842,7097,1147,3716,4790,10319,23118,5608,8517,3912,6300,5606,5322,8681,5290,30814,8399,2770,1234,8503,5594,7040,391013,3911,3654,5600,5296,7132,123745,284217,3688,100137049,2771,6772,836,3910,3310,4843,3717,5595,3588,23643,3655,3111,5295,64600,10105,330,3914,54205,5320,3119,51135,3127,8651,4793,3312,3913,5599,3586,10000,5291,345611,5321,1432,596,4792,3126,10454,8398,3118,23533,3113,3908,3587,3949,5603,3460,598,240,3305,958,5319,959,331,5293,572,81579,5601,3115,3125,3112,7099,50487,3915,208,2773,5163,7297,5602,6885,4615,3122,7043,84647,3306,3304	132	256835	Toxoplasmosis
04977	686,8029,335,8884,5948,6948,337,158835,9963,338,2346,4363,6573,5406,2694,55788,113278,151056,9227,113235,80704,25974,949,10560	24	60647	Vitamin digestion and absorption
05221	4893,5970,207,4609,6774,6199,6777,5294,595,3551,1147,4790,5914,861,8517,5290,3728,5605,2322,3815,11040,51176,2475,8503,5594,5371,5296,3845,5467,5595,7704,6688,5295,83439,5292,6934,5894,673,6654,3265,862,10000,5604,6655,5291,1050,23533,6198,6776,8900,1978,5293,572,6932,369,208,2885	57	109407	Acute myeloid leukemia
03420	5981,8451,57804,5424,1643,5984,4331,2073,1022,6118,5425,2074,5985,6119,2967,6117,5426,5111,2968,10714,5887,2067,56655,1161,7507,1642,2071,29935,5427,54107,2072,2965,5886,5983,2068,2966,9978,404672,5982,7508,8450,3978,1069,902	44	73784	Nucleotide excision repair
00471	2744,2746,27165,2747	4	7652	D-Glutamine and D-glutamate metabolism
05340	57379,4261,326,973,926,916,695,8517,7535,915,3561,3718,100,5788,920,3543,6890,7374,23495,930,6891,3932,115650,29851,5896,64421,5994,8625,958,925,959,3575,29760,5897,5993	35	52512	Primary immunodeficiency
00052	8704,5236,7360,2592,5213,2582,2717,5214,2584,3938,2645,2548,8972,3906,2683,5211,57818,55276,3098,3099,2720,2538,2595,80201,3101,2585,231	27	58728	Galactose metabolism
04320	440822,51513,56907,4854,5594,143689,64506,4855,3845,55124,84501,5595,2114,6654,2113,5604,6655,4853,1956,56776,2120,4851,9271,2885	24	71669	Dorso-ventral axis formation
04510	5499,2002,7409,3694,207,57144,50509,1950,5578,56924,89,58498,1101,131873,1289,10451,7143,998,5159,3918,1301,22798,7791,1293,3611,5294,595,329,3909,3695,60,2064,3673,63923,9564,9475,5579,896,3672,5747,81,10319,2889,8515,1292,3912,3696,1499,103910,7059,1288,5501,3678,5063,5290,85366,7410,3680,858,1311,4659,6696,7148,5582,8503,5594,1287,8516,5228,1398,399694,3911,5170,10398,5296,83660,3480,5062,3679,394,10627,284217,3688,4633,29780,5156,1399,6464,2534,5500,10298,29895,5728,5906,7448,3910,857,3381,5595,71,2932,3655,5880,91807,3676,5295,2316,7422,330,2321,3082,3914,387,3479,55742,7057,5908,7060,5894,1282,673,56034,5829,6654,93408,7094,1291,2909,3265,4638,859,3693,3913,7450,5599,824,10000,5155,53358,2318,5058,1284,5604,6655,5291,1286,5879,7058,6093,2335,596,1956,4233,1290,1729,64098,23533,1278,22801,87,7424,3685,3690,3908,1793,5154,1302,894,2317,1277,2277,1280,5649,25759,7414,3674,3791,331,5293,572,3725,2324,5601,7423,4636,7408,3915,3371,3691,5881,208,1281,3675,5602,6714,23396,5923,88,2885,80310	200	592045	Focal adhesion
05200	1387,4893,1630,4087,7479,5970,8321,3326,7184,581,652,2034,1019,1855,6257,5337,6513,2250,207,6502,1950,5578,4609,9063,7189,841,8324,8313,998,5159,3918,6921,4791,2253,22798,1030,6774,64399,6777,23604,7039,675,8312,2259,5294,54583,595,8322,405,7042,7484,2254,329,3909,650,1487,2064,3551,8074,6923,3673,8554,10342,842,23624,7048,2122,1147,3716,5579,4292,5747,4790,3576,10319,613,26291,5914,8823,6469,1488,898,5335,3065,861,1438,1871,8517,3912,7186,1436,1026,1499,5468,89780,1288,2249,4089,8817,1869,4149,5290,7478,3728,1612,8643,5605,3091,2322,5899,3815,112398,2255,2956,7428,51176,7471,2475,5582,8503,5594,11186,1287,2261,7040,7480,1021,5228,1398,7473,1870,10297,3911,29119,2950,5371,5296,5925,3480,3845,4193,5336,1856,4318,284217,3320,5467,7849,4437,3688,2256,5156,1399,6772,2737,5728,2323,836,9915,3910,51684,5900,4843,7474,5595,7175,26281,7704,10401,2932,3655,5880,2033,6688,7481,8325,5295,2736,2258,7422,5898,83439,2308,51384,27006,26060,6934,330,1857,7475,3082,3914,387,3479,54205,4313,4436,1029,5894,1282,867,7187,673,9965,25,6654,8772,2263,1613,11211,7046,3265,27148,80326,3913,367,5599,862,51588,4824,2113,8030,81029,10000,6256,5155,7476,1284,5604,112399,2735,6655,5727,2246,7185,8326,354,5291,4254,7188,3066,1286,355,5879,1441,1027,7472,3569,2335,596,7477,1956,54361,4792,6608,4233,7170,1163,8453,356,5979,1050,8822,23533,999,7424,6776,3685,4286,9978,4914,3908,7483,7157,5154,5743,8323,5915,10928,598,2251,8900,2277,2353,8031,7855,2535,83593,1495,9134,3674,2247,331,5293,572,3725,5601,7423,5888,324,637,2260,6258,868,3915,6932,369,1496,2257,4088,332,5881,208,2271,3675,1017,5602,7976,6789,7482,2252,9618,7043,2248,4312,2885	326	691306	Pathways in cancer
00564	26279,10390,253558,8611,23171,23659,55224,5337,79143,5338,57678,1606,10162,9162,79888,85465,23761,5130,1608,43,5322,129642,8681,30814,8399,9926,1119,391013,3931,1607,1103,8612,123745,9468,100137049,2819,81490,254531,56894,84803,9791,1120,150763,162466,64600,2820,5320,56895,151056,10554,9489,55500,1040,10400,154141,11313,1609,8443,5321,8613,8760,8398,56985,10555,8526,56994,5319,81579,6901,10423,50487,54947,8527,137964,5833,160851,54675,10434,84647,8525	80	121450	Glycerophospholipid metabolism
04664	4893,26279,3562,7409,207,5578,10451,5294,3937,3565,7124,1437,5581,6416,5579,5608,695,5335,6300,2205,5606,5322,8681,5290,30814,8399,7410,5605,8503,5594,391013,5600,5296,123745,3845,5336,100137049,2534,5595,3596,5880,5295,64600,4067,27040,5320,5894,6654,2207,3265,5599,10000,5604,6655,5291,5321,5879,2206,1432,8398,23533,3635,5609,6850,5603,9846,5580,5319,5293,81579,5601,50487,5881,208,5163,5602,84647,2885,3567	79	117104	Fc epsilon RI signaling pathway
05110	11015,155066,526,51382,5578,8992,523,9550,525,60,533,9296,127124,23545,5579,5567,5335,30001,6558,9114,5582,527,50617,55176,5336,5613,1080,71,23480,245972,375,3784,537,529,10312,245973,109,5568,2778,528,7082,10952,11014,534,115,9414,5566,535,29927,9601,51606,4583,90423,10945	54	88315	Vibrio cholerae infection
04744	1259,6010,2782,9187,2792,2979,408,1258,5158,5148,810,2779,3000,2978,5957,805,6011,409,163688,808,5145,131890,8787,51806,2780,2986,801,346562,9626	29	38025	Phototransduction
04115	8493,581,1019,9133,64393,10912,50484,841,472,595,901,842,1643,896,6241,55240,900,898,27113,1026,56475,64326,1021,51512,983,2810,4193,4194,5728,5268,836,55367,4616,51246,545,3479,54205,7057,1029,317,9538,1647,575,891,143686,355,63970,7249,3732,85417,27244,7157,3486,894,6477,83667,11200,9134,7161,5366,637,64065,1111,8795,9540,5054,1017,25898	68	105195	p53 signaling pathway
00740	7299,55,55312,51205,5167,5169,80308,52,53,93650,54	11	16225	Riboflavin metabolism
00603	3074,4668,2523,10317,2717,8706,3073,10690,6489,26301,2524,6482,53947,6483	14	16106	Glycosphingolipid biosynthesis - globo series
04966	495,155066,526,51382,8992,523,9550,525,9296,127124,23545,1188,9114,527,496,50617,10723,760,245972,529,10312,245973,528,534,6521,535,90423	27	37146	Collecting duct acid secretion
04145	3109,10376,83547,155066,203068,526,3135,51382,4481,27035,1535,8992,3123,3117,2212,523,4360,9550,3108,525,60,3134,50508,533,3673,10381,51143,9296,127124,23545,7097,9341,10382,9103,929,8685,4153,2213,8417,7059,3678,811,1311,3105,9114,653509,112714,948,527,2204,715,10383,84617,8411,1536,5289,50617,55176,3689,338382,11151,7037,6890,3688,71,23480,245972,3111,4353,7278,7879,78989,4973,7057,7060,6891,4842,79861,537,3119,529,3127,653361,821,10312,64581,10333,81027,1514,7277,3693,245973,84790,5869,6441,1781,3920,1780,200576,5878,5879,347688,5868,7058,53407,23673,10332,9554,3126,949,3118,81035,528,1778,10952,3685,3113,22925,534,3690,4688,56604,4074,1520,3916,9902,2209,1783,79659,3107,2214,347733,7280,3684,113457,535,29927,3115,3125,3112,7099,718,4689,51807,51606,7846,30835,3133,9146,3122,90423,2215,3106	153	254392	Phagosome
03410	142,55247,57804,4350,6996,5424,5423,252969,5425,328,23583,5426,5111,143,7374,3980,10038,10714,2237,56655,4595,5427,54107,8930,4968,27301,27343,10039,3146,4913,3978,7515,79661	33	56494	Base excision repair
05330	3109,3458,3135,3592,3123,3117,940,3108,3565,3134,3593,7124,941,3105,3111,3119,3127,5551,3586,355,3126,3118,356,3002,3113,3558,3107,958,959,3115,3125,3112,3133,942,3122,3106,3567	37	29150	Allograft rejection
00260	4128,635,6470,5723,64902,27232,2731,29968,51268,4129,55349,1757,1491,1610,26227,6472,875,212,10993,29958,501,2593,8639,1738,314,211,189,23464,2628,275,63826,132158	32	50573	Glycine, serine and threonine metabolism
03440	4361,10111,675,57804,5890,5424,4683,641,6118,5425,6119,6117,80198,7979,10714,7517,7156,29935,7516,8438,5892,5889,146956,5888,8940,6742,5893,25788	28	57886	Homologous recombination
00601	8704,2525,8708,2523,84002,6484,8707,8703,2526,2528,10317,10678,28,10690,79369,10402,2683,6489,11041,2651,2527,2524,6487,8702,2529,10331	26	30034	Glycosphingolipid biosynthesis - lacto and neolacto series
04666	1785,8611,5337,7409,207,5578,7454,5338,10451,8936,998,8976,6199,382,8394,2212,5294,5581,273,5579,10163,9103,10093,5335,2213,5290,7410,2934,85477,5582,8503,5594,55616,1398,255189,10109,5788,5296,8612,123745,5336,3055,100137049,1399,5595,5880,5295,4067,27040,5894,10094,653361,56848,81873,10059,1759,4651,10000,5058,5604,5291,8853,5321,5879,283748,8613,8877,8398,23533,3635,6198,8395,65108,3985,6850,10092,2209,1072,9846,2214,5580,5293,3984,26052,10095,1073,7408,10552,208,50807,4082,10810,23396,1794	94	175121	Fc gamma R-mediated phagocytosis
04150	81617,1975,207,6199,5294,92335,6009,253314,7248,253260,1977,6194,5290,5562,8408,3091,3630,51719,2475,8503,5594,5228,5170,5296,57521,5595,9470,5295,6196,7422,3479,673,27330,10000,5563,5291,6195,54541,7249,23533,25989,6198,7424,2277,6794,1978,5293,64223,7423,6197,208,9706	52	105769	mTOR signaling pathway
00500	278,54490,5236,178,10941,279,7360,280,7363,283209,2632,5167,79799,80146,7366,2990,2821,5169,54578,5837,2645,2548,8972,54657,54579,7364,54576,5836,57818,55276,7367,574537,3098,2997,54658,57733,54577,2998,3099,2538,2595,54659,276,5834,54600,80201,54575,6476,11181,10720,3101,7358,7365,277	54	97550	Starch and sucrose metabolism
05012	6531,4537,4709,7419,4704,506,7054,11315,7385,4509,4718,4717,4722,4729,55967,9627,7318,498,4698,118424,4536,293,4712,842,1345,1349,9246,56901,7327,6571,1329,4716,5481,7417,6622,4535,4513,4701,4710,5071,51079,7326,513,4723,7388,4724,6389,7384,518,836,4715,7317,170712,7332,2861,517,9377,4519,10975,7345,7314,6390,4539,7416,65018,51465,539,4714,54205,84701,1350,4719,1347,317,1340,4708,54539,4512,4541,4514,509,6570,126328,5413,440567,1346,83447,4731,4702,4726,7386,27429,4707,4694,4713,1351,120892,10476,6392,4508,515,1327,9167,341947,374291,1537,4706,4695,4696,4725,4538,29796,522,516,4728,6391,7381,1339,514,1337,4705,292,125965,291,4697,4540,4711,4700,4720,27089	130	97499	Parkinson's disease
04910	5499,4893,2203,2002,8789,79660,5571,5105,207,10891,5564,9021,6199,31,5294,5313,5140,5255,6009,5576,3551,23624,253314,51422,9322,5256,5567,7248,2889,5506,1977,810,5501,6194,5290,5562,5605,3630,5573,5260,3643,2475,8503,5594,5837,805,1398,399694,8660,5170,5296,3845,2645,5106,5509,5565,57521,5257,5613,3991,6517,5139,1399,6464,5500,5595,2932,9470,2194,10211,5295,8471,2308,5770,8569,5836,163688,5894,867,673,6654,808,5584,57818,10580,8651,3265,32,5599,8835,5590,10000,3098,53358,5563,5568,5604,2997,6655,5291,53632,2998,5507,2872,3099,51806,7249,2538,5577,23533,5261,3667,10603,3635,6198,6720,801,2319,5834,23433,25759,80201,1978,5293,572,51763,5601,5792,5566,868,122809,369,23265,3101,208,5602,5575,2885	138	273401	Insulin signaling pathway
04970	486,5554,653247,112,278,490,5578,5592,23439,111,113,1473,483,23236,820,5579,5593,362,148,5567,952,55503,2776,54831,3346,493,1469,6548,810,4589,3710,6558,2982,5582,805,5555,5613,3778,478,196883,153,4025,108,477,155,154,163688,481,4842,808,147,491,6522,1131,3708,1755,727897,109,1470,5330,5568,476,6263,2977,3783,2778,482,51806,146,480,107,1471,3709,5542,276,801,5331,115,4069,1472,6844,5566,683,492,114,5332,2983,6779,277	89	219993	Salivary secretion
00310	79813,10919,39,3030,84444,217,79709,224,9739,1892,23067,5351,51111,2639,51268,38,10157,1962,23127,3033,55870,83852,64324,1743,6419,8424,84787,501,6839,4967,79723,9869,54904,55217,55753,5352,51166,29072,7468,80854,387893,219,8985,223	44	118631	Lysine degradation
00592	26279,5322,8681,30814,8399,391013,123745,100137049,51,64600,8310,5320,151056,5321,8398,5319,81579,50487,9415,84647	20	27915	alpha-Linolenic acid metabolism
04912	4893,2002,26279,775,468,112,5337,5578,776,5338,998,111,113,23236,6416,1839,5579,5567,5608,2776,6300,5606,5322,810,8681,30814,8399,5605,3710,2185,5594,805,391013,778,5600,123745,3845,5613,100137049,779,5595,196883,5598,4323,64600,2796,108,4313,5320,163688,5894,817,6654,808,3265,3708,5599,4214,109,2797,5330,5568,5604,6655,818,5321,1432,1956,2778,4215,51806,8398,3972,2767,107,2798,5609,3709,815,4216,5603,801,5331,115,1081,5580,5319,81579,3725,5601,5566,816,50487,114,5332,5602,6714,10746,84647,2885,2488	101	210492	GnRH signaling pathway
05016	1387,4709,7419,4704,5433,506,581,64446,6874,2876,841,2911,7385,10891,4509,4718,1212,51164,6667,23186,4717,4722,7019,4729,55967,6875,6908,9519,498,4698,293,4712,25942,842,27019,23236,1213,7802,27113,3065,1345,2776,5441,548644,1349,5468,56901,4899,5436,163,1329,5440,4716,5481,7417,55567,2904,4513,4701,9586,4710,5435,51079,513,4723,83544,7388,55081,4724,6389,1385,7384,518,1211,836,4715,90993,170712,9001,2915,517,9377,4519,10975,3092,2033,7052,6390,7416,539,4714,54205,84701,1350,4719,1347,317,1340,4708,5438,54539,10126,10540,4512,148327,5432,4514,5439,3064,509,3708,1173,161,5330,126328,440567,8218,1346,5437,3066,83447,5430,4731,4702,4726,7386,4707,4694,4713,1351,10476,160,7350,6392,4508,515,1327,9167,7157,341947,10488,374291,1537,4706,5331,4695,4696,4725,29796,522,516,6648,4728,627,5978,1639,6391,2902,7381,1339,25981,5434,514,1175,1337,84699,4705,292,125965,291,146754,4697,5332,387332,4711,1742,4700,4720,6647,5431,246721,64764,27089	183	269563	Huntington's disease
04722	4893,5970,581,468,207,7189,27018,998,5294,5607,3551,10971,4790,814,4804,6272,4909,5335,11213,2889,10782,6300,810,5290,25970,5663,5605,4908,9252,4803,397,8503,5594,805,1398,399694,4794,10019,1445,8660,3654,11108,5600,5296,3845,9261,5336,1399,6464,5906,5664,5595,7529,2932,5598,8767,5295,8471,7533,6196,4916,387,5908,163688,5894,817,673,25,6654,51135,808,27330,7534,4793,3265,5599,4214,10000,53358,3656,4915,5604,8986,6655,818,5291,6195,5879,1432,596,4792,4215,396,51806,356,23533,3667,10603,5609,4914,7157,815,10818,5603,801,7532,5781,25759,5580,7161,5293,572,2549,3725,5601,627,6197,816,7531,208,57498,4217,9500,5163,5602,2309,2885	127	214226	Neurotrophin signaling pathway
00562	55300,3612,5288,27124,113026,3628,8396,8867,4329,8394,5294,89869,5287,79837,23236,5286,3705,55586,5335,3706,138429,5290,84812,3632,5289,5336,9562,64768,3631,51477,5728,3707,56623,3633,4952,5333,5305,8871,5330,5291,5298,200576,253430,8395,5297,55361,5331,5293,51196,51763,8821,7167,3613,10423,3636,5332,23396	57	143423	Inositol phosphate metabolism
03013	8563,50628,79902,26986,55520,7514,1975,1973,23225,1983,6612,1981,140886,55746,8667,8891,54960,8661,8668,9688,8892,55706,80336,4116,4928,94026,29107,5976,9972,10775,8894,1974,10921,1968,9984,3646,5901,1982,8021,10284,8662,10209,10073,11218,253314,728343,26019,55110,4927,7919,55998,1917,9818,348995,8669,10248,1977,54913,22985,57187,51068,51367,6396,91181,10940,5042,96764,8890,9669,8761,59343,6606,5903,10250,5411,11260,84321,1915,25929,100101267,7175,51095,9470,84305,4686,9939,10460,10557,23511,7329,1207,79228,8480,53371,23279,60528,10419,10799,8672,11097,80145,1964,81929,387082,10762,8666,10482,22916,55916,8487,51808,11171,9631,22794,8893,9086,5905,129401,132430,1967,79897,340529,8663,6607,23165,57510,65110,1978,8665,8086,10556,57122,11102,9883,79833,79023,79760,65109,6613,3837,1965,10289,56001,8664,645974,7341,9775,138716,23636,10605,10189	151	285211	RNA transport
00770	53354,79646,79717,5167,51733,80347,5169,60490,55229,8875,8876,1806,587,80025,586,1807	16	27245	Pantothenate and CoA biosynthesis
04973	486,207,278,776,23439,5294,279,483,280,5579,6518,5290,8503,2542,5296,3938,8972,478,6523,5295,477,83756,481,57818,10000,3098,5330,476,5291,3099,482,2538,23533,480,276,6514,80201,346562,5293,6476,3101,208,80834,277	44	103170	Carbohydrate digestion and absorption
04640	917,3574,3552,3562,3559,2814,2056,3563,928,1791,3123,926,3565,916,1435,4311,3553,3673,7124,1437,7173,3672,952,929,2993,3590,7066,2812,1438,3554,1436,3678,3568,1378,2322,3815,915,948,2811,914,947,920,7037,921,2057,2323,3655,3676,1380,951,930,913,2815,7850,3566,3127,290,3581,3589,3570,911,931,960,4254,1441,3569,912,3126,909,966,1440,3690,2209,100133941,3674,925,945,3684,933,3125,3575,1604,2208,3675,910,3122,924,3567	88	137643	Hematopoietic cell lineage
00472	1610	1	1034	D-Arginine and D-ornithine metabolism
00900	39,3157,79947,2224,4597,3156,4598,10654,38,23590,9453,91734,3158,3422,57107	15	18230	Terpenoid backbone biosynthesis
00140	1585,6716,1584,412,6715,1545,3283,54490,10941,51144,3284,7363,1583,8644,7923,79799,79644,7366,1577,6718,1586,1551,54578,9420,54657,54579,3290,1109,7364,54576,64816,51478,1589,8630,3292,6820,1588,7367,574537,54658,54577,3291,6783,1576,1646,54659,1543,3294,54600,1312,54575,1645,1581,10720,3293,7365	56	64689	Steroid hormone biosynthesis
00590	26279,1562,1557,2876,257202,8529,5740,8644,5730,874,5322,8681,30814,8399,2878,57834,27306,391013,2687,123745,2880,100137049,246,5742,64600,2686,2882,1579,9536,5320,247,151056,242,4051,2877,5321,1571,873,8398,2678,80142,1555,1559,5743,4056,240,239,124975,284541,5319,1573,81579,50487,4048,1558,2053,84647,6916,113612	59	82625	Arachidonic acid metabolism
00565	26279,10390,8611,5337,5338,79888,85465,5322,5050,8681,30814,8399,7941,391013,8612,123745,100137049,254531,5168,5048,8540,64600,133121,5320,151056,5051,5049,5321,8613,8398,56994,5319,81579,50487,54947,84647	36	51026	Ether lipid metabolism
04310	1387,4087,7479,8321,1855,8607,64321,22943,27101,5578,23002,1454,5527,4609,8324,8313,11261,4776,8312,1460,595,8322,23500,7484,5530,51701,1487,166336,11197,85407,9475,23236,57680,5579,896,5567,8061,1488,4316,5515,6500,1499,5533,89780,4089,81839,8454,7478,5663,51176,64840,7471,5582,6423,63928,7480,79718,7473,59343,10297,4041,5532,1856,5467,5613,5525,6422,23291,7474,2932,5880,6425,2033,7481,8325,10725,4772,83439,51384,6934,1857,7475,387,1459,122011,817,5535,10023,11211,27121,80326,90665,5599,9350,6424,81029,8945,1457,7476,5330,5568,23401,4773,8326,818,5534,5879,7472,80319,6093,5528,7477,54361,5518,56998,9978,85409,4040,7483,7157,815,57216,8323,144165,5519,894,27123,5331,6477,7855,2535,6907,5516,3725,5601,324,5566,5529,816,6932,4088,1452,5881,5332,5602,6885,7976,7482,4775,5526	150	269688	Wnt signaling pathway
00071	39,3030,128,217,36,2180,3032,124,1374,224,1892,131,37,33,2639,125,38,10455,126,81616,1962,3033,30,127,1375,51,1579,501,8310,35,2182,10449,2181,130,126129,1632,284541,219,34,1376,23305,223,51703	43	67851	Fatty acid metabolism
00790	248,2356,249,5860,6697,1719,8836,5805,2643,250,251	11	12360	Folate biosynthesis
00400	2806,259307,2805,6898,5053	5	6991	Phenylalanine, tyrosine and tryptophan biosynthesis
05131	64127,5970,5217,7454,8936,998,8976,10392,5216,60,3551,9475,1147,7307,4790,3576,10163,10093,8517,6300,3678,345456,5594,1398,1445,10109,5600,3688,1399,23291,5595,71,391,8767,25,10094,81873,9844,4793,5599,8945,960,5879,1432,6093,4792,1729,1793,5603,10092,3059,2017,7414,5601,10095,10552,9474,5602,10459,375189,7322	61	90539	Shigellosis
04370	4893,26279,207,5578,998,11261,4776,5294,5530,842,5579,5747,4846,5335,7867,6300,5533,5322,8681,5290,30814,8399,5605,5582,8503,5594,63928,391013,5600,5296,5532,123745,3845,9261,5336,100137049,5595,5880,10725,5295,64600,7422,4772,5320,5894,5829,5535,56848,3265,10000,5604,4773,5291,5534,5321,5879,1432,9047,8877,8398,3315,23533,5743,5603,25759,5319,3791,5293,572,81579,50487,5881,208,6714,4775,84647	76	125265	VEGF signaling pathway
05332	3109,3824,3552,3458,3135,3123,3117,940,3108,3134,3553,7124,941,3105,3111,3802,3812,3119,3127,5551,3803,3804,355,3569,3126,3118,356,3002,3113,3558,57292,3107,3811,3115,3125,3112,3821,3133,942,3122,3106	41	32637	Graft-versus-host disease
00910	23632,440,763,2744,762,2752,768,761,771,767,759,1491,760,766,11238,3034,1373,2746,377677,27165,765,275,2747	23	31211	Nitrogen metabolism
05222	5970,1019,6257,207,6502,4609,9063,7189,3918,22798,1030,5294,595,329,3909,3551,3673,8554,842,1147,5747,4790,10319,898,1871,8517,3912,7186,1288,1869,4149,5290,8503,1287,1021,1870,3911,5296,5925,284217,3688,5728,3910,4843,10401,3655,5295,330,3914,54205,1282,7187,317,3913,51588,10000,6256,1284,7185,5291,7188,1286,1027,2335,596,4792,1163,23533,3685,3908,7157,5743,5915,598,9134,2272,3674,331,5293,6258,3915,208,3675,1017,9618	85	229329	Small cell lung cancer
00534	2134,9955,2137,135152,8509,3340,26229,9957,64132,9394,266722,222537,9956,64131,9348,64579,27087,11285,26035,2135,9653,2132,126792,2131,90161,9953	26	44165	Glycosaminoglycan biosynthesis - heparan sulfate
04330	1387,8850,1855,23385,4242,55534,171558,23220,55851,1487,9612,1488,3065,3955,51107,9253,4854,3280,5663,4855,1856,5664,196403,6868,2033,8650,1857,2648,151636,9794,1840,3066,4853,5986,22938,11317,28514,182,84441,3516,9541,54567,3714,10683,4851,388585,113878	47	126003	Notch signaling pathway
04962	112,359,51626,10671,51164,6810,8655,51143,5567,9230,397,84516,9586,140735,5613,1385,90993,360,361,554,10540,148327,109,5869,5568,1781,1780,5878,5868,2778,396,1778,10488,115,1783,79659,6844,5566,1639,84699,4905,8766,551,64764	44	83641	Vasopressin-regulated water reabsorption
04730	4893,26279,5578,5592,2911,2775,23236,5579,10842,5593,2768,6261,2776,5515,5322,8681,30814,8399,2770,5605,3710,2982,5582,5594,2895,391013,10672,3480,123745,3845,1392,100137049,2771,5595,2915,64600,4067,3479,5320,5894,673,4842,3265,2890,3708,5330,5604,5321,2977,2778,5518,8398,2767,773,3709,2891,5519,5331,1394,5319,5516,81579,50487,369,2781,2773,5332,2892,2983,84647	70	159970	Long-term depression
00514	146664,8704,6480,4242,9486,54490,79709,10941,10585,8703,7363,56983,2526,79799,3955,7366,283464,54578,10690,54657,23127,54579,8473,7364,54576,145173,2683,7367,574537,54658,54577,84620,5986,54659,6487,23275,29954,23509,54600,8985,727936,54575,2529,10720,7365,55624	46	64416	Other types of O-glycan biosynthesis
04930	8913,775,389692,776,3651,9021,5294,5313,3551,7124,5581,777,5290,3630,9370,3643,2475,8503,5594,8660,5296,2645,3767,5315,6517,5595,5295,8471,8651,5599,8835,5590,3098,6833,5291,3099,23533,3667,773,6514,80201,5580,5293,5601,122809,3101,774,5602	48	126259	Type II diabetes mellitus
00330	5831,4953,262,26,4128,5625,217,2806,383,65263,2744,224,6611,4846,5009,2805,162417,6303,2752,283208,4942,51056,113451,4129,1152,5832,112483,58510,384,1610,4843,8659,501,4842,2593,1159,79814,8974,1160,95,1158,435,1373,2628,219,2746,27165,5033,6723,445,548596,29920,223,2747	54	84069	Arginine and proline metabolism
05414	10368,775,112,3694,782,781,776,59284,7169,111,9254,7134,4000,113,7042,3695,60,7273,7139,3673,7124,3672,5567,8515,784,3696,1605,3678,3680,1756,4607,7040,8516,1674,783,6262,778,10369,27092,3679,5613,6546,3688,7137,4633,779,70,196883,71,153,3655,6444,3676,27091,4625,108,3479,6445,4624,3693,488,55799,109,5568,785,59283,2778,7170,7168,22801,107,3685,3690,3908,6442,2010,115,4634,3674,5350,5566,6443,7171,3691,93589,114,3675,59285,786,7043	90	346663	Dilated cardiomyopathy
00360	4128,222,1644,2806,259307,2805,4129,3242,4282,8639,6898,9588,314,218,221,220,5053	17	22304	Phenylalanine metabolism
05323	3109,155066,8600,3552,526,3458,51382,2919,6374,8992,3123,3117,7010,940,523,9550,3108,7042,525,1435,3553,533,7124,1437,9296,127124,23545,7097,3576,4050,6387,6364,6349,941,9114,10673,7040,5228,527,6348,414062,50617,6372,3689,245972,3111,3683,7422,2321,6347,537,3119,529,4314,284,3127,1493,10312,1514,3589,245973,3383,3569,3126,3118,528,3605,6352,3113,534,2353,3606,3725,7423,8741,51561,535,3115,3125,3112,7099,51606,1513,942,3122,90423,7043,3600,4312,54,8792	91	95374	Rheumatoid arthritis
04940	3109,3552,3458,3135,3592,2571,3123,3117,940,3108,3134,3553,3593,7124,2572,941,3630,3105,3382,4049,1363,3111,5798,3119,3127,5551,5799,355,3126,3118,356,3002,3113,3558,3107,3329,3115,3125,3112,3133,942,3122,3106	43	42774	Type I diabetes mellitus
00240	171568,29922,5433,661,9583,84618,84172,1890,50484,4831,3704,10201,57804,1854,654364,51082,5424,790,151531,56953,6241,64425,124583,84265,318,5441,953,4830,548644,1723,10621,5425,5436,5440,4833,51733,23649,54963,4860,5426,5435,377841,1635,8382,56474,4832,7296,10714,30834,56655,7084,11128,6240,5558,51727,5438,51251,5432,5439,114112,30833,50808,5427,25885,54107,4907,956,10622,51728,1806,5437,957,1503,7372,93034,5430,55703,87178,139596,7378,978,129607,1841,5557,7298,22978,7371,83549,10623,9533,7083,1807,5434,5422,1633,955,10587,5431,246721	99	134109	Pyrimidine metabolism
00130	10229,84274,3242,27235,51805,6898,51004	7	7904	Ubiquinone and other terpenoid-quinone biosynthesis
04530	4628,5521,4893,8735,260425,6709,1019,9223,207,56288,84552,2037,5578,89,58498,998,4621,22808,4629,24146,1460,4620,9074,60,83700,92359,5581,8777,2036,5588,5579,100506658,81,55844,5865,5515,4619,1499,103910,4626,4301,9075,150084,137075,57644,2770,7525,5582,3993,4627,23136,9076,29119,10398,3845,10627,5872,4633,2771,29895,5728,10686,55870,22800,51776,50855,71,58494,11336,50848,5522,4625,22989,93643,387,1459,27134,4622,64398,93408,5584,149461,3265,4624,5590,53842,10000,1457,3996,154810,8531,8573,79784,9080,6237,84612,5518,9071,5583,1364,7082,87,49861,5519,7122,10207,51208,3059,23562,2017,9863,1495,5580,9218,5516,9414,1365,4636,2035,5520,1496,26285,57530,208,2773,9073,6714,5010,1366,60412,88,8189	132	302817	Tight junction
04610	728,710,5327,1675,729,2,735,5104,716,3075,462,3818,2165,624,2149,4153,2243,717,1361,3827,1378,4179,731,623,733,2152,714,5627,2160,715,720,2244,5265,730,732,2155,721,2266,5345,722,1380,2158,712,2161,7450,2153,629,2157,5648,5328,3426,3053,713,2162,966,7056,5340,5329,727,10747,2159,7035,5624,718,2147,1604,725,5054,719	69	148529	Complement and coagulation cascades
04514	57863,3109,80381,1001,3135,7412,6404,3123,3117,5818,24146,926,940,3108,4359,3695,9074,3134,83700,1272,100506658,5133,5817,1000,90952,3696,6401,6383,257194,9075,941,23308,137075,3680,57502,214,3105,9379,9672,8516,5797,4684,9369,9076,914,4756,5788,8174,6382,3689,26047,5819,947,920,3688,29126,4685,10686,80380,6403,3655,58494,3111,9019,6385,57555,3676,8506,6693,50848,3683,3384,6900,1462,3119,3127,1493,23705,149461,9378,53842,29851,3383,23114,2734,1013,3385,923,9080,3126,9071,3118,3897,1364,999,4099,3685,3113,6614,49861,1003,7122,51208,23562,4267,3107,958,925,959,3684,933,5792,1002,4897,3115,965,25945,3125,1365,3112,26285,6402,3133,10666,9073,54413,942,3122,5010,1366,5175,22871,3106	133	231667	Cell adhesion molecules (CAMs)
00051	2203,8789,8776,29085,2762,5373,197258,5372,5213,5208,5209,4351,6652,226,5214,57103,5207,8790,29926,229,5211,57016,3098,9107,29925,8898,3099,230,80201,3795,9108,7167,3101,5210,231,7264	36	59717	Fructose and mannose metabolism
05130	10376,203068,5578,7454,998,8976,9181,8440,60,10971,10381,9475,3875,100506658,10382,929,10093,1499,4690,112714,10109,10383,84617,9076,7430,3688,2534,4691,71,23643,7278,387,25,79861,10094,7534,81873,81027,7277,84790,347688,6093,999,56604,10092,3059,2017,347733,7280,7100,113457,10095,7099,51807,10552,7846	56	86734	Pathogenic Escherichia coli infection
05217	7479,8321,652,1855,8324,8313,64399,8312,8322,7484,650,6469,1499,89780,7478,8643,51176,7471,7480,7473,10297,1856,2737,51684,7474,2932,7481,8325,2736,83439,51384,6934,1857,7475,11211,27148,80326,81029,7476,2735,5727,8326,7472,7477,54361,6608,7483,7157,8323,7855,2535,324,6932,7976,7482	55	114020	Basal cell carcinoma
00780	686,3141	2	3800	Biotin metabolism
04110	1387,4087,9126,1019,9133,6502,10912,4609,7272,25847,9088,5934,4176,472,51529,4998,8555,10735,995,1030,595,51434,8881,10744,7042,10971,246184,896,7027,7709,9184,898,3065,9232,1871,1022,6500,1026,1874,5885,4089,1869,8454,701,5001,494551,1875,7040,1021,1870,5111,983,5925,2810,4193,994,5000,29882,64682,51343,4616,7529,8379,4171,2932,2033,8318,7533,990,545,1028,1029,890,25,9700,7534,1647,1032,4085,4172,996,991,699,891,3066,1027,8317,8556,1031,10274,85417,4173,5347,9978,7157,5933,23595,5591,894,7532,8900,27127,11200,9134,7465,7029,4174,993,8243,29945,4175,1111,23594,4088,7531,51433,1017,902,8697,10459,10393,7043,4999,10926	124	228340	Cell cycle
00460	6470,2687,6472,2686,57733,2678,124975	7	11544	Cyanoamino acid metabolism
04142	3074,1203,23659,9583,20,1510,9374,4668,5476,1212,130340,10053,6609,8546,968,256471,5660,8120,4669,427,3423,533,6556,9476,2517,8722,26503,23545,1509,3373,1213,58511,6272,8907,1201,1511,5538,2990,10947,1512,2717,9114,8905,527,138050,84572,950,3073,2581,50617,1200,1519,768239,23062,1176,2548,79158,5641,4891,23163,1211,3482,10717,26088,55353,245972,1522,175,537,9741,3988,2629,10312,8943,1514,23457,22901,967,1777,4758,8218,3920,57192,7805,1521,9179,2588,2720,164,410,8763,1174,1508,4074,1520,53,11154,3916,3425,10577,4126,27074,1515,2799,51172,535,26985,1075,51606,2760,285362,4125,1513,162,23431,4864,6448,1497,411,10239,54	121	202015	Lysosome
04614	5476,4311,2028,183,59272,1511,1359,1636,186,4142,7064,185,4012,290,57486,5972,1215	17	31721	Renin-angiotensin system
00290	57176,51520,5160,5162,3376,587,55699,5161,586,7407,23395	11	25874	Valine, leucine and isoleucine biosynthesis
05214	4893,1019,207,1950,5578,5159,7039,5294,595,5579,5335,1871,1026,810,1869,5290,5605,2475,5582,8503,5594,805,1021,1870,399694,5296,5925,3480,3845,4193,5336,5156,6464,5728,5595,5295,3479,163688,1029,5894,817,673,6654,808,3265,10000,5155,53358,5604,6655,818,5291,1956,51806,23533,7157,5154,815,801,25759,5293,816,369,208,2885	65	120193	Glioma
04740	391192,390648,347168,26707,219865,81442,283297,81309,4993,390261,119749,284383,26658,403239,282770,125962,128372,390437,346525,256144,26496,343406,2774,26531,81327,219436,119692,81168,390154,390327,5592,390093,338662,390084,219965,26532,124538,79295,158131,4992,127069,2979,1179,26686,26245,343169,26659,284433,442184,81328,1258,219479,119682,219986,219870,390429,26212,283694,138803,81318,219482,22802,389090,120796,138802,390445,128367,390264,135948,391211,4991,127064,79317,284521,5593,390436,81448,390162,5567,8383,390083,157,283093,343173,403257,121130,130075,81282,143496,81470,390079,442191,219484,10798,119695,81300,219968,390892,392392,390078,79324,79544,340980,23538,284532,390439,286365,81797,219428,390538,391194,338755,390199,401665,81696,81472,26539,810,403282,219981,338675,390168,81061,219447,122742,26716,26664,391114,390174,219959,441669,26493,121275,79290,8390,283092,120066,120776,26692,391109,219431,143502,3000,442361,441639,346517,2978,219464,128360,392391,126541,26339,79473,805,343172,387748,119694,81399,390181,254973,390077,392376,219477,283365,219453,79541,442186,138881,390155,26683,5613,390081,81099,409,219429,283111,127066,127385,26492,127074,219958,127059,401992,390201,135941,219875,26534,390321,219960,390063,219432,390064,26533,401667,120586,219954,390144,392138,138805,26529,401993,26740,390197,4995,144124,162998,390323,138882,8392,125958,341568,9635,341152,391112,391196,26648,392309,504189,163688,346528,26476,390265,390326,817,81127,219957,26189,81697,26333,26211,808,390191,390113,390433,219983,442194,256892,390059,401666,441670,219874,120793,390260,401427,56656,138804,390442,254783,219437,390066,390275,138883,1261,8387,109,120787,338674,8590,127068,81050,120775,5568,26494,5137,79339,196335,26682,26689,119774,818,144125,283159,401994,402317,390167,81469,390157,390649,219869,26219,143503,393046,81392,219493,391195,390054,122740,390882,343171,79345,341418,390058,1262,390075,219956,283189,286362,26188,79310,256148,138799,51806,219982,282775,125963,403284,26338,8388,120065,26246,390036,403253,150681,341799,390067,283162,391189,390142,390152,441608,127077,815,128368,219952,343563,135924,219487,801,285659,134083,119687,79501,26538,119765,219469,219438,119678,341276,390151,254786,347169,338751,441933,9626,347468,391191,8386,119772,441911,5566,5132,390431,122748,26696,390883,816,135946,392390,81285,121364,127062,390037,127623,126370,4994,390195,26248,390061,391107,128371,341416,219858,283160,390038,26737,391190,402135,119679,255725,390072,219473,219417,254879,26735,219873,7932,119764,282763	388	381058	Olfactory transduction
04972	486,26279,4218,51032,112,490,1358,5578,9545,5644,1179,23439,63036,111,6344,5874,113,1056,279,483,22802,1360,280,23236,5579,10136,952,2776,493,6548,5322,8681,1361,30814,8399,886,1359,3710,6558,5582,1357,391013,6262,123745,489,1080,100137049,3778,478,5906,760,196883,5408,8671,64600,108,477,9635,5406,387,5908,5320,481,1504,3784,7220,491,1506,6522,1131,3708,488,1811,109,23436,5330,476,5321,5879,487,2778,5407,482,8398,480,107,3709,5646,5331,115,219931,5319,5645,81579,683,50487,492,114,5332,8766,84647	101	211730	Pancreatic secretion
05212	4087,5970,1019,5337,207,1950,998,9459,6774,7039,675,5294,595,7042,2064,3551,842,7048,1147,3716,4790,1871,8517,4089,1869,5290,5899,8503,5594,7040,1021,5228,1870,5296,5925,3845,6772,5900,5595,5880,5295,7422,5898,1029,5894,673,7046,5599,10000,5604,5291,5879,1956,23533,7424,7157,10928,598,2277,5293,572,5601,7423,5888,369,4088,5881,208,5602,7043	70	125861	Pancreatic cancer
04120	7337,4591,10075,89910,23295,27339,6502,8451,25847,326,9063,7189,57448,7334,55585,51529,6921,7324,9021,51434,8881,9354,329,7318,27338,6923,118424,8554,148581,23624,23327,1643,246184,8452,4734,9040,65264,10273,6500,51619,92912,9246,10054,7327,8454,22888,4281,997,7428,9886,26272,9320,64326,26232,26259,140739,9817,5371,10055,672,5071,4193,7326,51366,22954,29882,23291,64682,51343,7317,7332,10401,9039,1161,330,90293,8065,55070,51465,7329,7321,867,11060,1642,83737,63893,84447,8651,55294,55958,51588,4214,8945,7320,996,991,55236,11065,23221,55284,57154,7328,8453,7319,8925,9820,55120,389898,9978,8916,6477,378884,7323,10477,9616,331,8924,134111,11059,3093,29945,8450,26091,868,23759,10277,51433,54926,8697,7325,25898,10393,9690,64750,7322	135	300832	Ubiquitin mediated proteolysis
05150	3109,728,2359,1675,5724,6404,3123,3117,2212,716,3108,3075,9103,4153,2213,717,714,2204,715,720,3689,2357,721,1828,2266,6403,3111,3683,3119,3127,712,3586,3383,629,5648,3426,713,3126,3118,5340,3113,3858,727,10747,2209,2214,2358,3684,3115,3125,3112,718,719,3122,2215	55	87315	Staphylococcus aureus infection
00524	2645,3098,3099,80201,3101	5	12596	Butirosin and neomycin biosynthesis
04650	117157,4893,353091,3824,154064,3446,7409,3458,3135,3451,5578,8793,10451,11261,5777,4776,3808,3447,3444,3439,5294,3823,3937,5530,9437,3459,7124,1437,10870,4277,5579,51744,8743,5335,80328,259197,919,3445,5533,79465,7535,5290,7410,5605,3105,2185,5582,8503,5594,3805,63928,4068,399694,80329,5296,3689,3806,5532,3845,5336,6464,2534,962,836,7305,5595,5880,10725,3802,5295,3683,4772,3384,3812,27040,3455,5894,3442,673,3932,6654,5535,5551,2207,135250,3265,8797,3803,3383,53358,5058,5604,6655,4773,5291,3804,3443,8794,355,5534,5879,3440,3452,356,23533,3810,3448,3002,3822,3809,6850,3460,3456,57292,9436,5781,6452,3107,3441,2214,25759,5293,3811,637,3821,369,8795,5881,3133,22914,4775,3449,2215,3454,2885,3106	136	180688	Natural killer cell mediated cytotoxicity
00061	31,55301,54995,2194,32,27349	6	25463	Fatty acid biosynthesis
04144	1785,4087,23362,2350,3559,5337,25978,3135,56288,84552,1950,10193,10938,7189,23527,84249,29082,5338,64744,51100,9765,998,64411,116987,1212,51652,408,3577,382,8394,3303,7042,9815,3134,84364,55040,23624,23327,7048,155382,23096,4734,30011,157,22905,1213,2149,116986,64145,84440,137492,138429,1436,4092,7852,163,11267,858,116985,9230,9372,3815,3579,3105,4091,1234,29924,30846,2060,3561,30844,27243,11311,26056,2261,156,7040,55616,79720,8411,6011,5371,7251,92421,3480,2264,4193,7037,390243,409,5156,9727,116984,1211,857,3310,30845,3560,55738,50855,57403,153,23550,9525,6457,22841,80230,1601,7879,2321,128866,155,387,5867,9744,154,867,2263,83737,27183,5584,11031,7046,3265,5662,3312,10059,859,1759,6456,10617,5590,1173,116983,26286,161,5869,80223,93343,79643,51510,131890,2348,60682,8218,8853,9829,440073,5878,28964,5868,2352,1956,84612,4233,57154,5979,51160,10254,160,2870,89853,26119,8395,4914,55048,57132,10015,3949,51028,2869,84313,2065,3305,56904,51534,3107,3791,2868,26052,2066,8027,9922,11059,9101,868,4088,1175,6455,3133,50807,6714,8766,23396,9146,9135,7043,3306,64750,3304,3106	201	383688	Endocytosis
00533	8704,93010,8703,4166,2530,10678,2683,8534,11041,6487,6482,10164,6483,8702,9435	15	18526	Glycosaminoglycan biosynthesis - keratan sulfate
00520	3074,91373,5238,2673,51700,1118,5236,5973,2762,7360,10020,5373,140838,197258,5372,2592,2582,4351,80146,55907,2821,51706,3073,2584,2645,8790,29926,6675,1727,55276,3098,10007,29925,51005,3099,9945,64841,54187,1116,80201,27159,132789,80896,3101,2585,7358,55577,7264	48	72122	Amino sugar and nucleotide sugar metabolism
04012	4893,2002,207,57144,1950,5578,56924,4609,6199,9542,6777,7039,5294,685,8440,27,2064,23624,6416,1839,5579,3084,5747,5335,1026,5063,5290,5605,4690,2475,5582,8503,5594,1398,399694,5296,5062,3845,5336,374,1399,6464,10298,5595,2932,145957,5295,5894,867,817,673,25,6654,3265,5599,10000,53358,5058,2069,5604,6655,818,5291,1027,1956,23533,6198,5609,6776,815,2065,25759,1978,5293,572,2549,3725,5601,2066,816,868,369,10718,208,5602,6714,2885	87	171617	ErbB signaling pathway
00604	3074,9197,2583,27090,3073,29906,8705,6489,2720,256435,6482,8869,6483,30815,81849	15	19612	Glycosphingolipid biosynthesis - ganglio series
00591	26279,1562,1557,5322,8681,30814,8399,1577,1551,391013,123745,100137049,246,64600,64816,5320,151056,57016,5321,1571,1544,8398,1576,1559,5319,1573,81579,50487,1558,84647	30	42941	Linoleic acid metabolism
00983	1890,3704,8824,54490,10941,9,151531,7363,79799,1549,7366,2990,1577,51733,1551,54963,54578,3615,7498,54657,54579,221223,7364,54576,3251,7084,64816,3614,1553,7367,574537,54658,1806,54577,7372,8833,1066,7378,978,7172,1576,54659,54600,7371,83549,10,54575,7083,1807,1548,10720,7365	52	68251	Drug metabolism - other enzymes
00860	3163,94033,54490,3162,10941,644,1355,7363,79799,1356,7366,2990,7389,2495,3052,54578,3145,1371,645,124454,54657,54579,7364,54576,212,210,7367,574537,1352,7390,54658,2512,54577,2058,2235,211,54659,326625,54600,54575,10720,5498,7365	43	55826	Porphyrin and chlorophyll metabolism
04710	6097,1454,406,4862,1453,1408,6500,8454,9575,8553,1407,23291,79365,8863,8945,9978,6096,26224,9572,5187,8864,6095	22	42727	Circadian rhythm - mammal
04620	7098,5970,3627,3446,207,3665,3451,3592,7189,841,51284,54472,3447,3444,3439,5294,148022,114609,3553,3551,3593,7124,7097,6416,1147,4790,3576,929,23118,5608,6351,8517,6300,5606,3445,51311,3663,8737,6373,941,7096,5290,5605,54106,6696,8503,5594,6348,3654,5600,5296,29110,6772,5595,23643,5295,353376,3455,3442,7187,8772,51135,4283,10333,5599,10000,5604,5291,3443,5879,3440,3452,3569,1432,4792,10454,9641,23533,5609,3448,6352,5603,3929,3456,2353,3441,958,5293,7100,3725,5601,7099,1326,208,1513,5602,6885,4615,942,3449,3661,3454	102	149851	Toll-like receptor signaling pathway
04380	2274,5970,8600,3552,3458,207,7189,27035,1535,4791,9021,10990,2212,5294,3937,7042,5530,10326,3459,1435,50508,1540,3553,3551,140885,7124,7048,1147,3716,54209,4790,8061,814,9103,23118,5608,695,3554,8517,6300,7186,2213,1436,5468,5533,5290,23547,8503,5594,7040,4982,1536,5600,5296,7132,5532,10379,5336,2534,6772,9020,1385,5971,7305,5595,79168,6688,11026,5295,3727,4772,3726,2354,3455,3932,653361,8651,7046,8878,5599,10000,11025,5604,4773,5291,5879,2355,1432,4792,10454,23533,5609,4286,3690,4688,55423,11027,6850,5603,3460,2209,9846,3456,2353,7006,2214,10288,799,5293,3725,5601,11006,10859,4689,29760,208,1513,7297,6773,5602,126014,6885,11024,2215,54,8792,3454,2885	128	199661	Osteoclast differentiation
04976	1244,486,112,6513,23439,570,111,6579,3156,6344,113,483,7363,10998,5567,123264,10864,6548,8431,28234,10257,5613,1080,478,57835,343,8714,760,57552,196883,8671,6523,366,6555,108,477,64241,361,6580,481,9429,6522,200931,6256,109,64240,5568,476,2778,482,949,6550,8647,480,107,1576,9971,3949,115,5243,6822,358,2052,5566,6554,10599,3781,1581,5244,9376,114	71	159015	Bile secretion
05223	4893,1019,6257,207,1950,5578,7039,5294,595,2064,842,5579,5335,1871,1869,5290,5605,5582,8503,5594,11186,1021,1870,5170,5296,5925,3845,5336,5595,5295,1029,5894,673,6654,3265,10000,6256,5604,6655,5291,1956,23533,7157,5915,83593,2272,5293,572,6258,369,208,2309,6789,2885	54	99953	Non-small cell lung cancer
04141	55968,3326,51009,7466,573,7184,581,468,2081,10134,23193,6048,5589,6748,55666,85479,4287,22926,26270,10427,7324,56893,55741,201595,3303,7494,1388,27102,118424,1409,267,6747,9532,7991,143630,51128,9871,80700,55432,578,10960,30001,6746,10273,6500,7186,51726,51619,3309,3300,3337,10970,3998,27248,7327,8454,80331,811,6184,22872,10299,1650,6396,1649,10961,823,56605,22824,26232,11253,3301,2923,10525,79748,55757,6745,55176,5071,7326,10802,54431,3320,258010,10484,51360,4780,3310,56681,10130,7095,9373,5887,92552,23480,440275,5610,5034,11231,51465,7321,57134,84447,9709,821,56886,9632,6238,5611,3312,5599,10905,824,23471,7415,5886,10956,50613,10808,6400,7841,64215,596,80267,25956,10294,6185,4121,55829,81567,9695,10952,5609,91319,9978,55768,64374,10483,285126,79139,23640,29979,3305,7323,23645,10477,5601,7353,9451,29927,9601,10113,10277,54788,1965,1410,3703,1603,4217,5602,7325,29978,8720,3306,3304,7322	165	274691	Protein processing in endoplasmic reticulum
00510	146664,84920,23193,8704,6480,8818,201595,85365,25834,7991,8703,4245,29880,4249,29929,6184,1650,2530,11253,4248,57171,22845,11320,199857,2683,54344,4122,57134,4247,440138,10905,79868,7841,84620,6185,4121,10195,11282,4124,79087,56052,79796,1798,144245,3703,1603,8813,79053,91869	49	82467	N-Glycan biosynthesis
00430	2571,570,51380,84890,2572,2687,2686,2678,1036,124975	10	16358	Taurine and hypotaurine metabolism
05146	5970,3458,2774,50509,5578,3592,89,1289,2919,2769,3918,735,1301,383,22798,5294,7042,5275,3909,3553,3593,7124,1437,23236,7097,5579,5747,4790,5567,3576,81,10319,929,3554,2776,3912,1288,1511,6317,5290,731,733,5582,8503,1287,7040,1992,3911,5296,3689,338382,5273,284217,5613,732,384,836,3910,4843,5295,7879,3914,1282,7850,3913,3586,5869,5330,5568,1284,5291,1286,5878,5868,3569,912,2335,2778,1290,3315,23533,2767,1278,107,87,3908,1302,5331,1277,1280,5055,7414,5272,5293,5269,3684,5566,7099,9630,3915,6318,1281,5332,4583,7043,88	106	292550	Amoebiasis
00270	4144,191,262,2806,1789,92483,4357,29947,259307,635,6611,1788,55256,3948,2805,51074,160287,58478,1787,4143,1491,1786,27430,875,3939,10993,4548,4507,3945,6898,23382,7263,10768,1036,6723,84245	36	50431	Cysteine and methionine metabolism
04810	4628,5499,4893,10787,5217,10458,2250,7409,3694,57144,23365,1950,56924,89,4342,7454,58498,10451,8936,998,5159,8396,1133,22808,3687,2253,9459,8976,8874,55970,8394,2259,5294,2254,5216,3695,60,8074,3673,10788,9564,9475,79837,26999,8826,9087,3672,5747,2768,81,624,10163,26291,2149,929,10093,8823,8515,3696,9138,103910,6548,2249,5501,3678,5063,8817,5290,345456,85366,7410,3680,5605,3630,2255,623,2934,4659,85477,8503,5594,2261,8516,1398,1445,10109,4627,10297,10672,10398,5296,7430,3689,5062,2264,3845,3679,10627,3688,4633,2256,5156,1399,5500,10298,29895,5962,22800,5595,26281,71,3655,5880,91807,3676,5295,2258,3683,27006,387,54434,2245,4478,5894,26230,673,9965,56034,5829,6654,1730,2263,81624,93408,10094,2909,81873,5305,3265,7114,4638,3693,1131,1129,5155,3682,5058,5604,6655,2246,5291,200576,5879,28964,3681,79784,6093,2335,6237,1956,1132,1729,7074,8822,23533,22801,87,3685,8395,3690,3985,1793,5154,1128,50649,10092,1072,2251,85464,7414,3674,2247,5293,3984,3684,23191,324,10095,54961,2260,1073,4636,2147,10552,369,55845,89846,2257,3691,55740,5881,3071,3675,3645,23396,2252,10152,2248,88,7117,128239,375189,80310	213	447350	Regulation of actin cytoskeleton
00340	131965,55798,131669,26,4128,222,1644,217,51451,224,3067,51409,4129,84735,501,91703,443,60487,114049,218,221,3176,3034,9836,219,10841,220,223,144193	29	41105	Histidine metabolism
01100	3074,1638,5831,2203,91373,4537,171568,57026,8694,3421,51109,29922,26279,2134,10390,84649,10380,686,57452,253558,1585,4709,8611,155066,4704,8789,3419,5433,4144,39,2710,506,2937,661,3157,79611,131669,9197,146664,84920,272,3030,84618,4953,10327,55300,55224,2583,2589,5105,191,3612,26289,50814,262,2590,5337,11112,7299,526,23193,48,5288,4128,7054,128,84172,278,27124,2712,1562,51382,1557,5223,1890,8801,55454,10229,10026,1584,8704,6480,1718,113026,2673,5625,157506,50484,5224,9374,440,2525,8708,53354,2137,135152,5338,3628,222,51227,1644,55163,217,8509,158,9563,36,132,93183,2180,2806,7385,4831,3032,1789,8733,3704,339221,25902,10855,3141,8992,84706,4509,55808,2571,10201,2224,26290,4718,4191,383,55312,4597,92483,3283,54363,2730,54490,570,883,5236,9091,8867,2523,31,4717,8608,6609,5444,4722,192134,4729,4329,646625,8818,201595,57804,178,3156,124,8394,85365,5313,523,8564,65263,1854,441024,9550,1056,84076,8566,89869,10941,654364,57678,1355,525,4357,2744,4669,5287,29947,427,169355,2762,224,25834,341392,5226,3423,5980,51082,8529,279,498,79646,4698,7360,1606,5424,84002,790,533,259307,4536,9162,1716,10020,635,5373,26330,51144,1892,9296,9,127124,317749,79717,4712,51380,3620,6484,4199,2954,10826,51809,3340,2531,8707,1737,84890,55301,26229,3284,151531,280,471,23545,79888,5631,6611,131,23236,7991,37,1788,7173,55256,6888,8703,7363,4245,56953,5096,6470,29071,4598,18,3373,10998,374378,6241,23556,204,64425,4846,85465,952,5286,140838,5009,23761,3705,3948,2805,51074,168391,84274,162417,1583,5740,5723,84265,2526,2572,29880,248,3420,5130,2632,197258,160287,4249,5372,5335,5167,493911,3706,54480,5428,2592,1345,1608,7923,29929,594,5213,79799,221823,2582,64132,84992,2597,5441,6303,438,9380,4830,548644,1723,10654,5281,1349,205,5730,138429,874,125061,2528,9388,2752,55902,2023,56267,1549,2356,64902,6309,10621,56901,5322,10063,283208,65220,5425,33,4351,9615,8277,80146,25796,5436,5538,5050,129642,55907,55191,549,8681,3155,7366,2990,10317,2639,4942,54995,6610,2731,5160,30814,8399,1577,1329,5440,6184,249,51604,5095,4716,51601,847,2821,7389,9488,1787,6718,1650,51181,6999,2539,7086,84812,2530,4833,10678,29968,51733,23649,7368,4535,125,51056,80347,51268,1119,8706,1586,9114,1551,57834,113451,22929,5169,7941,54963,54988,7915,3067,22934,6652,27090,27306,5860,54578,55790,38,4143,10157,8309,348158,4129,226,527,5214,51084,4513,3632,1152,391013,4860,11253,3615,138050,9517,120227,3073,7498,4248,11226,1607,4701,2584,100,4710,5289,2987,2581,2591,5426,123876,5435,56922,2687,9487,50700,60490,50617,54965,7306,8612,9249,5832,123745,337876,6342,29906,3295,126,2875,3145,9468,64131,134147,1757,23057,55229,5336,1491,1371,513,50,3938,2645,9348,81616,64768,28,4723,10690,5106,2184,3990,112483,2548,3631,116285,1786,124454,8972,7388,1962,4594,51477,100137049,4724,622,81490,54657,1635,5315,10901,254531,270,51540,8382,83440,5409,6389,22845,121278,56894,6697,27430,58510,7384,3033,518,384,3242,1595,1610,4715,54579,84803,26227,56474,27034,64802,669,23498,9791,4843,1120,8693,8705,79369,4832,170712,30,3290,6472,150763,84735,10714,1719,8790,51179,127,517,5408,30834,1109,9377,3906,4519,10975,64087,2194,166929,245972,84532,5048,10402,246,11343,55650,8540,221223,7364,3707,875,11320,54576,5742,3939,56655,199857,51,162466,56623,64600,84720,1743,29926,5162,3251,7084,8659,94005,84284,7166,7108,212,6390,4539,2686,8802,27235,10993,29958,1579,64816,353,51478,3633,5406,501,2650,11128,3614,539,8310,9536,4714,35,1589,6240,2683,54344,5279,5558,130013,8630,4548,5320,84701,3292,50614,51727,1350,80270,64579,229,4719,4842,56895,8560,3712,537,529,4122,23530,247,1340,5211,4952,4708,4522,5438,5471,2629,57134,4247,6675,57818,5283,151056,1431,5333,4967,8050,290,210,10312,56848,55276,2593,1159,4512,271,57016,340485,4541,242,1588,32,10554,51251,1553,81888,4051,5432,15,4507,7367,6489,51805,4514,9489,574537,51301,5439,509,11041,55500,1040,30833,2182,10170,10400,440138,154141,245973,10905,79868,3945,5427,79814,3098,349565,10007,25885,1352,1621,54107,5232,2651,5051,8974,5049,9942,8639,128869,80055,5805,8871,5330,4907,8803,27087,7357,1160,9453,26275,10558,6898,7390,8854,126328,29925,54658,23483,10622,440567,2527,9588,51728,441531,387787,316,1806,1738,8513,11227,23553,5437,1609,26301,5298,1503,314,54577,2058,283871,5859,2643,7372,93034,5321,91734,80308,11232,1571,593,11019,10632,9245,5430,1593,11285,7841,23382,23475,587,95,3291,4731,55703,203,8942,55568,4702,1158,80025,4726,435,8833,1066,64409,26035,2235,873,3081,8613,3099,27349,55304,84620,9945,5407,7386,729020,6185,4707,1544,4694,4713,8760,8877,4121,2618,2588,8398,55753,5161,1351,2720,528,2678,122481,51102,139596,2538,7378,978,80142,7263,5198,56898,211,10476,218,3158,256435,55750,125981,1555,586,55821,189,6392,221,8879,2524,1576,4508,5091,129607,8395,8692,51166,534,9061,10449,2595,515,10195,4047,10555,1327,54659,56913,80339,2181,11282,1582,1559,3422,10768,326625,6487,5743,117248,6482,3034,5297,51004,4056,250,341947,130,1373,8526,56624,2135,276,54187,1543,4124,1841,3294,5557,7298,79087,374291,1537,3425,56052,2222,4524,55361,22978,10797,6713,55627,1717,4706,3418,5331,240,230,2628,79796,284098,9514,10682,4695,1036,4696,9331,239,124975,4725,4538,29796,1798,522,8869,54600,56994,22856,5277,516,284541,7371,83549,2132,23600,10,144245,6677,80201,60495,5445,2026,53947,4728,10623,126792,219,79623,10588,5319,9533,2746,10841,220,1312,51196,63917,119548,23417,132789,6483,3795,54575,1573,81579,2799,51763,5053,4190,9060,79695,79178,535,683,27165,8821,5033,7167,4837,6391,10873,259230,6120,10606,3613,7083,1807,5230,145226,6723,7381,6476,445,2131,1339,10423,1581,3417,275,22928,3028,8702,51606,50487,251,1594,1548,5634,5434,54947,8527,132158,2529,514,10720,4048,1337,3101,54802,5498,34,548596,4705,2271,137964,125965,3703,3636,4697,122622,55512,6307,1603,5833,1558,5422,160851,159,1633,47,4540,5332,6296,10331,4711,521,3293,1353,2585,54675,30815,84245,23396,6448,411,7358,79586,231,4700,4720,7365,8813,5446,23305,442117,79053,90423,114805,2053,2027,53630,123099,29920,84647,5431,223,7264,6916,144193,246721,216,81849,277,84693,51703,2747,27089,27010,8372,113612,8525,26007,1629,2729,9551	1130	1663636	Metabolic pathways
01040	11332,3030,641371,6319,570,9200,3992,51144,55825,79966,54898,122970,30,51,201562,8310,10965,79071,60481,9415,9524	21	27220	Biosynthesis of unsaturated fatty acids
04621	64127,5970,3326,7184,59082,7189,841,2919,84674,10392,329,3553,3551,7124,1147,838,4790,4210,3576,55914,23118,8517,6300,64170,5594,22900,10910,22861,5600,3320,29108,5595,4671,834,8767,330,257397,6347,2920,4793,7205,5599,3569,1432,4792,114548,10454,6352,9051,5603,331,3606,5601,7128,260434,58484,5602,6885	58	98327	NOD-like receptor signaling pathway
03015	5521,11051,56903,26986,140886,5527,28227,80336,4116,8106,9887,124540,1477,29107,5976,11052,10921,10284,2935,728343,26019,1478,55110,7919,51692,55998,55844,10898,5515,22985,390748,1479,64895,5042,8761,23283,2107,10250,5411,5525,84305,4686,9939,5522,79869,81608,23381,5523,55012,5528,5518,10482,53918,22916,29894,23293,8731,55916,10767,10914,22794,53981,5519,23708,132430,10978,340529,65110,51585,23049,5516,5529,8732,26528,65109,5520,56001,645974,4440,9775,5526,10189,8189	83	153884	mRNA surveillance pathway
05140	3109,2002,5970,3552,3458,3592,7189,1535,5777,3123,3117,2212,3108,3565,7042,3459,3553,3593,7124,7097,3716,5579,4790,9103,23118,6300,1378,5594,7040,3654,5600,3689,3688,6772,4843,3717,5595,3111,3676,3119,51135,3127,653361,4793,3586,1432,4792,3126,10454,3118,3113,65108,4688,5743,5603,3460,2209,2353,2214,3684,3725,3115,3125,3112,7099,718,4689,6885,4615,3122,7043,2215	72	110097	Leishmaniasis
04340	7479,652,1454,64399,3549,7484,650,53944,1453,5567,6469,50846,89780,7478,8643,1456,7471,654,7480,7473,5613,2737,23291,51684,7474,1455,2932,51715,7481,4036,2736,7546,51384,7475,122011,655,27148,80326,653,81029,8945,7476,5568,2735,5727,7472,656,7477,54361,6608,7483,2619,5566,1452,7482,353500	56	100315	Hedgehog signaling pathway
03008	55226,7514,25996,23160,10885,9790,51119,55781,29107,10775,1460,6880,5901,65083,6949,23195,728343,55998,4550,22803,10248,54913,55341,51068,51367,10528,54552,10940,51077,10199,4931,27341,55813,55505,54464,55272,84128,10813,51602,9724,10171,29889,100288470,23560,10557,3692,1459,55131,79631,51096,10799,1457,100288500,84135,92856,4549,4809,29102,54433,10607,57455,10436,55127,10482,5822,83732,55916,28987,84916,1736,2091,254958,55651,26354,10556,134430,56001,166378,100288562,138716	80	147952	Ribosome biogenesis in eukaryotes
00600	8611,339221,6609,64781,427,2531,4759,6610,7368,2717,9517,2581,8612,81537,166929,8560,2629,56848,340485,129807,7357,10558,4758,8613,55304,8877,2720,125981,130367,410,8879,56624,55627,10825,9514,9331,55331,259230,55512,123099	40	56174	Sphingolipid metabolism
00640	39,79611,3030,8801,217,92483,31,4329,224,1892,5096,18,3948,160287,55902,5095,38,1962,4594,84532,3939,8802,501,32,3945,8803,26275,219,23417,34,223,84693	32	60746	Propanoate metabolism
04080	728,1816,2359,2690,27334,10161,5745,4923,1901,56288,1141,4987,1146,2150,1269,2893,5737,8001,6915,2911,5724,2569,5644,1133,2837,7442,4157,116444,7434,4160,2846,4988,6344,9127,3354,3360,1902,2559,59340,10888,1910,3361,2696,2912,680,319100,1139,2903,286530,148,1909,624,7433,2492,7252,4158,2149,2554,2894,3269,4544,3362,9248,706,2587,1903,56923,1144,1268,4829,2905,1511,64106,5025,886,9340,623,2564,9568,5731,2862,8484,186,2904,2555,1812,57105,4142,2913,2895,1145,2743,10203,7201,9294,55879,22953,5540,3356,5024,10316,2357,59350,2566,1815,2556,55584,2563,6870,53637,3363,2570,2914,2906,134860,3001,6755,1137,5732,134,2151,1134,185,23566,2915,153,1135,84539,53829,56413,136,3274,4889,6754,165829,1442,4887,2565,187,5734,8973,155,2847,5023,2642,2550,154,3062,554,552,122042,3355,3350,9002,11255,147,1142,5617,117,6752,2560,3953,6869,2897,23620,2890,135,1131,6753,1138,152,5028,2568,84634,1129,1143,134864,5733,8698,4886,2908,83551,2689,4543,553,8811,1241,3358,9287,57053,2742,5029,6751,1132,2916,5618,146,5030,2898,3972,2831,5032,2567,6865,2901,2859,2798,1814,5340,151,7068,5646,2900,5027,1128,2891,2925,2917,4985,2834,140,3061,2557,7067,2741,1394,2562,3352,5021,2688,1813,2692,1081,4161,2358,5739,799,3357,5645,9934,7253,4159,116443,5031,2899,5729,1395,2902,2147,1140,2832,2918,4986,5026,887,3973,1136,9170,9038,150,2693,2740,2561,10886,3952,10800,719,2892,2558,5746,3351,2488	272	408107	Neuroactive ligand-receptor interaction
00480	4258,2937,4953,2876,50484,221357,2936,2953,2948,2949,2730,257202,4259,5226,2947,2954,6611,2879,6241,119391,2940,2539,2946,2878,51056,2950,2687,4257,51060,2880,79017,2939,2686,2882,2944,6240,290,9446,2877,2678,2952,26873,3418,124975,2941,6723,3417,2938,373156,2729	50	50897	Glutathione metabolism
00380	39,3030,26,4128,1644,217,1545,883,8564,169355,224,259307,1892,3620,7453,438,125061,56267,2639,847,6999,38,4129,1962,11185,121278,3033,23498,10352,7166,501,130013,4967,15,316,8942,1544,55753,51166,1543,219,223	42	64418	Tryptophan metabolism
04070	55300,3612,5288,27124,5578,113026,3628,8396,8867,8394,5294,89869,5287,1606,9162,79837,23236,5579,5286,3705,5335,3706,1608,810,5290,3710,84812,5582,8503,805,3632,1607,5289,5296,5336,64768,3631,5728,3707,5295,56623,3633,163688,808,4952,5333,5305,3708,1040,8871,5330,5291,1609,5298,200576,8760,51806,23533,3635,8395,3709,5297,8526,801,55361,5331,5293,51196,51763,8821,3613,10423,8527,3636,160851,5332,23396,8525	78	204549	Phosphatidylinositol signaling system
00300	10157,501,51166	3	5625	Lysine biosynthesis
00100	50814,1718,1056,10826,8435,6309,120227,1595,7108,51478,3988,6646,4047,2222,6713,1717,10682,1594,6307	19	26117	Steroid biosynthesis
03010	6233,200916,6181,6218,6207,6134,100505503,6192,6206,6137,6156,11224,6189,6210,6217,6129,6209,6205,6142,6164,6155,6171,6147,6227,4550,6158,6201,9349,25873,6235,6194,6165,6208,6144,6228,6166,6135,2197,6173,6157,6230,6193,51121,6123,6160,6125,6175,6133,6229,6141,51065,6167,6203,7311,51187,140801,6232,6168,6159,6146,6122,6202,6124,4549,23521,6139,6132,6152,6222,6188,6169,6191,6136,6170,6154,6223,6143,6161,28998,6138,6128,284288,6204,6176,6187,4736,3921,6234,9045,6224,6231,6130	92	46485	Ribosome
00280	39,3157,3030,11112,217,36,3032,4329,224,259307,1892,5019,5096,18,594,549,3155,5095,38,56922,1962,4594,3033,27034,30,64087,501,35,3712,26275,316,1738,593,587,64064,3158,586,10449,219,3028,34,223,84693,1629	44	64829	Valine, leucine and isoleucine degradation
04622	5970,3627,3446,79132,338376,3665,3451,3592,7189,841,3447,3444,3439,1540,3551,3593,7124,9755,1147,4790,3576,9636,8517,6300,7186,3445,8737,5300,56832,5600,29110,79671,340061,3467,3442,7187,8772,4793,1654,8717,5599,4214,9140,3443,55593,3440,3452,1432,4792,10010,9641,7706,3448,54941,5603,64135,3456,3441,5601,57506,80143,843,23586,9474,5602,8653,6885,3449,3661,64343,26007	71	97733	RIG-I-like receptor signaling pathway
04260	486,10368,775,782,781,776,59284,7385,23439,7169,9254,7134,7139,483,1345,784,1349,6548,1329,4513,783,6262,778,10369,27092,6546,7388,7137,4633,7384,478,779,170712,70,9377,4519,10975,27091,4625,477,84701,1350,481,1347,1340,4512,4624,4514,488,10479,55799,476,440567,1346,785,59283,7386,7170,482,1351,7168,480,1327,9167,341947,1537,4634,29796,7381,1339,1337,7171,93589,125965,59285,786,27089	77	111433	Cardiac muscle contraction
04122	4357,27304,348180,7263,4337,81605,90353,9054,4338,55687	10	12267	Sulfur relay system
04971	495,112,5578,23439,111,113,60,483,23236,5579,5567,3776,3759,2776,6750,6548,810,3773,2770,85366,3710,5582,805,496,7430,3758,5613,1080,2771,478,54207,760,9992,196883,91807,3274,108,477,163688,3766,481,817,3784,808,6752,4638,6522,1131,3708,109,5330,5568,3772,476,115111,818,389015,2778,482,51806,480,107,3709,815,801,5331,115,5566,816,887,2773,114,5332,2520	74	167365	Gastric acid secretion
00410	3030,217,2571,224,1892,6611,18,2572,51733,1962,84735,501,8639,26275,1806,314,219,23417,1807,6723,34,223	22	35847	beta-Alanine metabolism
00830	8694,51109,128,1562,1557,157506,54490,8608,124,10941,317749,131,7363,158835,79799,1549,7366,1577,54884,125,1551,54578,50700,9249,126,54657,10901,8228,54579,127,7364,54576,1579,64816,5959,9227,1553,7367,574537,10170,1592,8854,54658,54577,1544,6121,340665,1555,1576,54659,1559,130,1543,54600,284541,54575,145226,56603,1548,10720,1558,7365,53630,216	64	79984	Retinol metabolism
00920	10380,6817,50515,6818,166012,6821,6820,6783,9061,6799,9060,55501,445329	13	15242	Sulfur metabolism
04140	11345,30849,3446,3458,3451,84971,3447,3444,3439,84938,3445,5562,8408,3630,5289,64422,115201,3442,11337,9140,5563,3443,3440,3452,8678,25989,23710,3448,10533,3441,23192,9706,9474,3449	34	38669	Regulation of autophagy
00040	217,54490,10941,224,7360,7363,79799,7366,2990,51181,54578,51084,54657,54579,7364,54576,7367,574537,9942,27294,54658,54577,729020,54659,54600,219,54575,6120,10720,7358,231,7365	32	36638	Pentose and glucuronate interconversions
00620	39,4200,5105,217,4191,2739,92483,31,5313,224,197257,4199,1737,3948,160287,9380,55902,5160,84264,38,5106,5315,84532,3939,5162,501,134526,32,3945,1738,5161,98,5091,3029,219,4190,10873,97,231,223	40	69330	Pyruvate metabolism
04662	4893,5970,8519,7409,207,10451,973,11261,5777,4776,5294,27071,5530,25780,3551,84433,1147,5579,4790,695,8517,2213,5533,8915,5290,7410,971,5605,8503,5594,63928,4794,5296,5532,3845,5336,5595,2932,5880,10725,5295,1380,4772,4067,930,5894,6654,5535,974,4793,3265,10000,11025,5604,6655,4773,5291,5534,5879,4792,23533,3635,975,6850,2353,5293,3725,933,10892,29760,5881,208,118788,4775,2885	75	133930	B cell receptor signaling pathway
05320	3109,3446,3135,3451,3123,3117,3447,3444,3439,940,3108,3565,3134,7173,7252,3445,941,7038,3105,3111,3442,3119,3127,5551,1493,3586,3443,355,3440,3452,3126,3118,356,3448,3002,3113,3558,3107,3441,1081,958,959,7253,3115,3125,3112,3133,942,3122,3449,3106,3567	52	51161	Autoimmune thyroid disease
00232	9,1549,7498,1553,1544,10,1548	7	11877	Caffeine metabolism
05213	4893,2002,207,1950,4609,8313,8312,3611,5294,595,2064,842,4292,1499,5290,5605,51176,8503,5594,10297,29119,5170,5296,3845,5728,5595,2932,5295,83439,6934,5894,673,6654,3265,10000,5604,6655,5291,1956,23533,999,7157,1495,5293,572,324,6932,369,1496,208,2309,2885	52	114140	Endometrial cancer
05216	4893,6257,4609,595,10342,1499,5468,5605,51176,5594,3845,7849,5595,7175,83439,6934,673,3265,8030,6256,5604,7170,5979,999,4914,7157,8031,6258,6932	29	49559	Thyroid cancer
00982	4258,4128,128,1562,1557,221357,2953,222,2948,2949,54490,124,4259,10941,2947,2954,131,1565,7363,2328,119391,79799,2940,1549,7366,1577,2946,125,1551,54578,4129,2950,4257,126,2329,54657,54579,127,2939,7364,54576,2326,64816,2944,1553,7367,574537,9446,54658,316,54577,1571,2327,1544,218,1555,2330,221,2952,1576,54659,1559,130,54600,220,54575,2941,2938,1548,10720,373156,1558,7365	73	84720	Drug metabolism - cytochrome P450
00350	1638,131965,55798,7299,4128,7054,128,222,1644,2806,124,51451,259307,2954,131,7173,2805,125,51409,4129,7306,126,2184,5409,3242,4282,127,1621,8639,6898,316,314,60487,114049,3081,218,221,130,9836,220,1312	41	59873	Tyrosine metabolism
04960	486,5578,23439,5294,6337,483,23327,5579,5290,3630,53828,3643,5582,6340,8503,5594,8660,5170,5296,3845,2810,3758,478,3290,5595,5295,8471,9351,477,3479,481,476,5291,3291,6338,482,23533,3667,480,6446,5293,4306	42	84183	Aldosterone-regulated sodium reabsorption
00030	2203,8789,9563,5236,84076,5226,5631,6888,5213,221823,8277,25796,51071,2821,2539,7086,22934,226,5214,229,5211,55276,729020,230,6120,64080,5634	27	39673	Pentose phosphate pathway
00563	10026,54872,51227,93183,8733,80235,9091,8818,23556,84992,5281,51604,9488,9487,54965,2822,55650,84720,94005,5279,5283,128869,80055,284098,5277	25	37003	Glycosylphosphatidylinositol(GPI)-anchor biosynthesis
00512	57452,2589,2590,55808,26290,192134,51809,29071,374378,168391,9334,11226,2591,8693,2650,50614,51301,11227,9245,55568,64409,56913,117248,6482,79623,63917,6483,79695,442117,114805	30	47438	Mucin type O-Glycan biosynthesis
02010	1244,5825,20,225,19,94160,21,5826,10350,22,23456,340273,10347,10257,10060,4363,215,6890,1080,23460,8714,89845,10058,64241,6891,9429,23457,10351,23461,64240,11194,6833,85320,64137,8647,154664,10349,5243,9619,26154,10057,5244,368,24	44	189968	ABC transporters
05215	1387,4893,5970,3326,7184,468,207,6716,1950,5159,7039,5294,595,2064,3551,842,1147,4790,898,1871,8517,1026,1499,1869,5290,5605,3630,51176,2475,8503,5594,1870,9586,2950,5170,5296,5925,3480,3845,4193,3320,5156,5728,1385,90993,5595,2932,2033,5295,83439,2308,6934,3479,5894,673,56034,6654,2263,148327,3265,367,4824,10000,5155,5604,6655,354,5291,1027,596,1956,4792,23533,7157,5154,10488,9134,5293,572,2260,6932,369,84699,208,1017,3645,64764,2885,80310	89	173595	Prostate cancer
05416	4628,3109,8735,1981,3135,841,4621,3123,3117,4629,940,595,4620,3108,27,60,3134,1982,842,4619,4626,1605,941,57644,1756,3105,4627,3689,2534,836,857,71,5880,3111,6444,3683,4625,22989,54205,25,4622,3119,3127,5551,6445,4624,8672,3383,5879,79784,3126,3118,3113,3908,1525,6442,3107,958,959,637,3115,3125,6443,3112,1604,5881,3133,942,3122,3106	70	172950	Viral myocarditis
00630	39,48,4191,54363,5096,9380,125061,5095,38,50,4594,51179,1431,81888,283871,4190,132158,84693	18	24828	Glyoxylate and dicarboxylate metabolism
03430	5981,57804,5424,5984,4292,6118,5425,2956,5985,6119,6117,5111,4437,10714,9156,4436,29935,5983,5982,5395,27030,3978,6742	23	43770	Mismatch repair
04010	4893,2002,26279,5970,5536,8913,10368,3552,775,468,84867,5922,8649,2250,207,1843,782,781,1950,5578,4342,10912,4609,776,7189,11184,998,59284,5159,22808,4791,2253,11261,408,4776,9254,8912,4208,55970,2259,5607,3303,7042,51347,5530,2254,9693,51701,5801,25780,3553,3551,8074,9175,7124,7048,2122,6416,1147,5579,777,2768,4790,5567,26291,929,23118,8823,5608,4909,7867,3554,3925,8517,784,6300,1844,7186,5606,5533,23162,5871,5322,8491,10235,2249,8681,8817,4149,30814,8399,5605,4908,2255,9252,4803,1649,5582,5594,2261,63928,7040,1398,4296,783,7786,391013,1845,778,1386,10369,27092,5600,11221,7132,5532,5062,123745,2264,3845,9261,994,5613,409,100137049,2256,5156,1399,9020,836,5906,5971,779,10125,3310,1846,9064,4616,22800,5595,26281,51776,5880,5598,4137,2258,3727,6196,64600,2316,27091,27006,115727,5494,8569,5908,5320,5894,673,9965,7850,6654,5535,2263,1847,6788,27330,6722,7046,1647,3265,3312,8550,5599,9344,4214,10000,55799,5155,2318,5058,5568,4915,5604,8986,6655,4773,2246,1850,5924,5921,355,5534,2005,5321,6195,5879,5495,57551,4763,1432,785,59283,2872,6237,1956,4215,1616,80824,10454,8398,356,8822,23542,3315,5609,773,4914,7157,5154,4216,5603,1848,2317,2251,2353,3305,2247,5319,81579,3725,5601,627,6197,5566,9448,2260,11072,50487,56940,2257,1326,9479,5881,1849,208,93589,5778,4217,59285,786,774,5602,6885,5923,6789,10746,2252,7043,8911,84647,51295,1852,2248,3306,3164,3304,2885	268	490247	MAPK signaling pathway
00190	4537,495,5464,4709,155066,4704,506,526,51382,7385,8992,4509,4718,4717,4722,4729,55967,523,9550,1355,525,498,4698,533,4536,9296,127124,4712,23545,1345,1349,56901,10063,1329,4716,479,4535,9114,527,4513,4701,4710,496,50617,51079,513,4723,7388,4724,6389,7384,518,4715,170712,517,9377,4519,10975,245972,6390,4539,539,4714,84701,1350,4719,1347,537,529,1340,4708,54539,10312,4512,4541,4514,509,245973,1352,126328,440567,1346,10632,4731,4702,4726,7386,4707,4694,4713,1351,528,10476,6392,4508,534,515,1327,9167,341947,374291,1537,4706,4695,4696,4725,4538,29796,522,516,4728,535,6391,7381,1339,51606,514,1337,4705,125965,4697,4540,4711,521,1353,27068,4700,4720,90423,64077,27089,9551	132	88433	Oxidative phosphorylation
05210	1630,4087,581,207,4609,8313,8312,5294,595,7042,842,7048,4292,1499,4089,5290,2956,51176,8503,5594,7040,10297,5296,3845,4437,836,5900,5595,2932,5880,5295,83439,26060,6934,387,54205,4436,5894,673,7046,5599,10000,5604,5291,5879,596,23533,7157,2353,5293,572,3725,5601,324,6932,369,4088,332,5881,208,5602,7043	62	116947	Colorectal cancer
05143	3458,5578,3592,2150,335,7412,169355,3553,3593,7124,3620,23236,5579,3043,2776,6401,54106,3039,5582,7064,3040,3910,8542,3586,3383,3250,5330,355,3569,356,5331,3606,3045,5332,4615	35	54180	African trypanosomiasis
05310	3109,3562,3123,3117,3108,3565,7124,5553,2205,3578,6356,3596,3111,3119,3127,2207,6037,3586,2206,3126,3118,3113,8288,958,959,3115,3125,3112,3122,3567	30	19735	Asthma
00010	2203,8789,10327,5105,128,5223,5224,222,217,92483,5236,124,5313,224,26330,1737,131,3948,160287,5213,2597,130589,55902,2023,5160,2821,125,226,5214,126,2645,5106,5315,83440,669,127,84532,3939,5162,501,229,5211,57818,55276,3945,3098,5232,441531,1738,3099,5161,2538,218,221,130,230,80201,2026,219,220,7167,5230,3101,2027,223	65	96583	Glycolysis / Gluconeogenesis
00511	3074,284004,23324,2517,4759,3073,2519,64772,175,2629,129807,4758,2720,4126,10825,4125,4123	17	31637	Other glycan degradation
00532	55454,135152,56548,26229,50515,54480,64132,166012,55790,337876,64131,29940,10090,51363,9469,113189,27087,11285,22856,126792,55501,79586	22	36414	Glycosaminoglycan biosynthesis - chondroitin sulfate
04920	5970,5443,5571,5105,6257,6513,207,181,2180,10891,5564,9021,6774,1374,3551,7124,51422,1147,5588,84254,4790,8517,7186,5562,9370,2475,948,4794,8660,7132,81616,5106,5465,5565,6517,51094,3717,1375,8471,4852,57818,3953,4793,32,8717,5599,2182,10000,6256,5563,53632,4792,2538,3667,7133,2181,126129,5781,6794,5601,6258,10645,208,79602,3952,5602,23305,51703	68	126689	Adipocytokine signaling pathway
05010	4709,4704,506,775,2081,8851,23385,776,841,22926,7385,4509,4718,11261,4717,4722,4729,55967,351,55851,5530,498,4311,4698,3553,7124,4712,842,23236,2903,1345,2776,2597,1349,51107,5533,56901,810,2905,102,1329,5663,4716,3710,6622,823,2904,5594,63928,1020,805,4035,4513,778,8883,4701,4710,7132,5532,51079,513,4723,7388,489,4724,6389,7384,518,2906,836,5664,4715,779,170712,6868,5595,517,2932,9377,4519,10975,4137,23621,6390,3416,539,4714,54205,163688,84701,1350,4719,4842,1347,8772,5535,317,1340,808,4708,54539,4512,840,25825,4514,509,3708,488,824,5330,126328,322,440567,1346,6263,355,5534,4731,4702,4726,487,7386,4707,4694,4713,51806,1351,10476,6392,4508,3709,515,1327,9167,4023,341947,374291,1537,801,4706,5331,4695,4696,4725,29796,522,516,4728,572,348,9451,637,6391,2902,7381,1339,3028,514,1337,4705,125965,4697,5332,4711,4700,4720,27089	167	246838	Alzheimer's disease
04630	1387,3574,116379,50616,3446,2690,338376,3562,3559,3458,207,3451,2056,3592,81848,4609,9063,29949,3563,1271,5777,9021,6774,3601,6777,3447,3444,3439,5294,200734,595,3565,50615,3459,1154,3593,1437,8554,23624,7173,30837,3716,896,64109,3590,3595,282616,1438,3445,3594,10251,5290,3976,23529,3568,9655,282617,161742,5008,3561,3718,8503,6778,56832,1439,5296,10379,282618,3578,2057,6772,3977,4352,3717,3560,3596,3588,10401,2033,3467,5295,1442,5292,163702,55801,3455,867,3442,10252,6654,3566,59067,53832,5617,8651,1489,149233,3953,3581,6775,3589,8835,3597,3586,51588,3570,10000,6655,5291,3443,2689,1441,11009,3440,3452,3569,5618,23533,10254,1440,3448,6776,3572,3598,58985,3587,3558,894,3460,50604,598,3456,5781,85480,2688,3441,5293,9180,1270,51561,8027,3575,868,122809,208,3952,53833,7297,6773,10253,3449,3600,3454,2885,3567	155	233118	Jak-STAT signaling pathway
00650	39,3157,3030,2571,341392,1892,5019,18,2572,3155,5160,54988,7915,38,348158,123876,116285,1962,622,3033,5162,35,57016,64064,5161,56898,3158,79944,65985,6296	30	43858	Butanoate metabolism
00053	217,54490,10941,224,7363,55586,79799,7366,54578,54657,54579,7364,54576,501,7367,574537,54658,54577,54659,54600,219,54575,10720,7358,7365,223	26	31229	Ascorbate and aldarate metabolism
00062	3030,9374,3032,1892,5538,3033,51102,10449	8	10557	Fatty acid elongation in mitochondria
00970	4570,4567,54938,57176,51520,4579,4566,25973,79731,55157,79587,123263,4578,3035,6301,4558,4553,4511,7453,1615,4569,4577,833,51067,4568,2617,5917,51091,4575,16,124454,4576,23438,57505,4564,92935,10352,4555,3376,4565,2058,5859,4574,55699,4556,4141,3735,80222,10056,7407,23395,10667,4573,57038,8565,123283,4572,4563,4677,118672,4571,2193,6897	63	85239	Aminoacyl-tRNA biosynthesis
05120	5970,155066,526,51382,2919,998,8992,3577,523,9550,10392,525,533,3551,83700,9296,127124,23545,6416,1839,1147,4790,3576,5335,8517,6300,150084,102,3579,9114,527,1445,5600,50617,5336,9020,836,6868,58494,245972,50848,4067,537,529,10312,5599,245973,5058,5879,28964,1432,1956,4792,4233,528,7082,6352,534,5603,5781,3725,5601,535,51606,5602,6714,90423,5803	68	105895	Epithelial cell signaling in Helicobacter pylori infection
05219	4893,1019,1950,1890,4609,23604,595,2064,3576,1871,1026,1869,1612,5605,9252,5594,11186,2261,5228,1870,5925,3845,4193,4318,5595,7422,7057,4313,1029,5894,673,1613,3265,5604,1956,999,7424,7157,2277,7423,369,4312	42	69099	Bladder cancer
04914	3326,112,9133,207,4342,25847,9088,51529,995,111,5294,51434,113,8881,5140,246184,5567,6300,5290,2770,3630,8503,5594,64506,5600,5296,983,3480,3845,3320,994,5613,2771,5139,29882,64682,51343,5595,196883,8379,5295,6196,108,3479,5894,890,673,5241,27330,5599,4085,10000,109,996,5568,5604,699,5291,891,6195,1432,245711,23533,107,85417,5347,5603,115,8900,387778,5293,5601,993,6197,5566,29945,369,208,2773,114,51433,1017,8697,5602,10459,10393	86	168843	Progesterone-mediated oocyte maturation
00730	84284,9054,79178,27010	4	3909	Thiamine metabolism
03030	246243,5981,4176,57804,1763,5424,5984,6118,5425,23649,5985,6119,6117,5426,5111,84153,10714,4171,2237,79621,56655,5558,29935,4172,5427,54107,5983,4173,5982,5557,10535,4174,4175,3978,5422,6742	36	60588	DNA replication
04975	8694,26279,84649,8611,39,80168,335,2806,346606,19,1056,10999,337,1208,5322,8681,30814,8399,338,29881,948,391013,8612,123745,100137049,5408,2168,64600,5406,64241,5320,10554,64240,8513,5321,8613,5407,949,8398,2169,4547,10555,5319,81579,50487,84647	46	75074	Fat digestion and absorption
05412	10368,775,3694,782,781,89,776,59284,9254,4000,3695,60,3673,3672,81,1000,8515,784,3696,1499,1605,3678,3728,3680,1756,51176,2697,8516,1674,783,6262,778,10369,27092,29119,3679,6546,3688,779,71,3655,6444,3676,83439,27091,6934,6445,3693,488,55799,785,59283,22801,87,1832,3685,3690,3908,6442,1824,2010,1495,3674,5318,6443,6932,1496,3691,93589,3675,59285,786,88,1829	74	206542	Arrhythmogenic right ventricular cardiomyopathy (ARVC)
00250	8528,2673,440,158,2806,84706,2571,56954,2744,790,259307,18,2805,2572,2752,64902,7915,2875,8659,5471,91703,443,435,9945,189,1373,2746,27165,445,122622,159,2747	32	56439	Alanine, aspartate and glutamate metabolism
04660	4893,917,5970,1019,7409,3458,207,57144,56924,10451,998,11261,5777,4776,926,5294,940,3937,8440,3565,5530,916,3551,84433,7124,1437,23624,1147,5588,4790,5133,5335,8517,6300,919,5533,8915,5063,7535,5290,7410,5605,4690,915,8503,5594,63928,4794,5600,5788,5296,5532,5062,3845,920,9402,2534,10298,9020,10125,3702,5595,2932,10725,5295,4772,387,27040,5894,867,3932,6654,5535,1493,4793,3265,3586,29851,10000,5058,5604,6655,4773,5291,5534,1432,4792,23533,5609,3558,5603,2353,7006,925,959,5293,3725,5601,868,10892,1326,208,5163,6885,1739,4775,2885,3567	108	174036	T cell receptor signaling pathway
05020	2002,581,3552,729,735,3303,3553,5567,3309,5605,731,733,714,5594,4684,730,5613,1958,732,2534,4685,5595,10963,5621,712,5568,5604,3569,713,6352,727,5566,3915,4851,6647	35	57085	Prion diseases
04672	3109,57379,56477,3123,3117,3601,940,3108,3565,3695,6387,10803,941,7852,23308,608,10673,7040,8174,9020,23495,3111,3676,3119,3127,115650,3586,29851,3569,3126,3118,3113,3558,2826,958,959,5284,8741,3115,3125,3112,4055,10850,6370,942,3122,3600,3567	48	39867	Intestinal immune network for IgA production
00020	3421,3419,5105,48,8801,4191,1737,3420,5160,50,5106,6389,1743,5162,6390,8802,1431,4967,8803,1738,55753,5161,6392,5091,3418,4190,6391,3417,2271,47	30	49056	Citrate cycle (TCA cycle)
03450	4361,10111,1791,7520,2547,3981,2237,7518,27434,79840,64421,5591,27343	13	22570	Non-homologous end-joining
00561	8694,84649,253558,8611,2710,10327,2712,217,346606,1056,57678,224,1606,9162,1608,9388,129642,2717,1607,8612,3990,56894,84803,150763,5408,11343,5406,501,56895,10554,154141,8513,1609,8613,5407,55750,10555,80339,4023,8526,219,119548,8527,132158,137964,160851,231,223,8525,26007	50	81058	Glycerolipid metabolism
00072	39,3157,5019,3155,38,622,64064,56898,3158	9	11352	Synthesis and degradation of ketone bodies
04210	5970,581,3552,3562,207,9941,8793,841,3563,472,11261,2021,5294,5530,329,1676,5576,3553,3551,7124,842,1147,4790,5567,8743,11213,9131,3554,8517,7186,1677,5533,8737,5290,5573,4803,823,8503,63928,1439,3654,5296,7132,5532,5613,8837,9020,836,5295,330,54205,8772,5535,317,51135,3556,23052,840,8797,8717,824,10000,5568,3656,5291,8794,355,5534,596,4792,356,5577,23533,4914,7157,598,331,5293,572,637,5566,843,8795,208,4615,839,5575	87	136060	Apoptosis
00760	84618,10135,56953,54981,952,5167,65220,55191,5169,4860,23057,64802,23530,51251,30833,349565,4907,316,93034,83594,23475,22978,683,4837	24	36028	Nicotinate and nicotinamide metabolism
03050	5713,3458,5720,122706,5696,5690,5683,5702,5709,5698,5695,5684,10213,5708,5707,5710,7979,143471,5692,5718,5691,5700,5682,5721,5687,5699,5706,9861,5717,5719,10197,5688,5705,23198,5689,5685,9491,5694,5701,51371,5693,5686,5704,5714	44	48438	Proteasome
04114	5499,9126,9985,112,9133,4342,5527,25847,9088,51529,11261,995,111,9748,51434,113,8881,10744,89869,5530,10971,246184,5567,26271,898,9232,5515,6500,6300,5533,810,5501,8454,3710,3630,5594,63928,286151,805,64506,983,5532,3480,5613,5525,5500,29882,23291,64682,5595,7529,196883,7533,6196,108,3479,163688,817,5535,9700,5241,808,27330,7534,3708,367,6790,4085,8945,109,996,5568,5604,991,699,818,891,5534,6195,5528,245711,5518,51806,107,3709,5347,9978,815,5519,801,115,7532,27127,387778,9134,5516,10734,6197,5566,5529,8243,816,29945,7531,114,51433,1017,8697,10459,10393,5526,151648	112	209176	Oocyte meiosis
03020	171568,5433,661,84172,51082,64425,84265,5441,548644,10621,5436,5440,5435,30834,11128,5438,5432,5439,25885,10622,51728,5437,5430,55703,10623,9533,5434,5431,246721	29	40708	RNA polymerase
04950	389692,3170,5080,3651,5313,3171,5078,3172,3280,3087,3630,4821,168620,4760,2645,2494,3375,3110,3174,3175,6927,50674,6928,6514,4825	25	28624	Maturity onset diabetes of the young
05014	581,9973,2876,5961,6506,11261,5530,7124,842,2903,5608,5630,6300,5606,5533,84134,2905,847,2904,63928,5600,7132,5532,2906,836,834,54205,4842,5535,317,2890,4747,4744,5534,5879,5868,1432,596,1616,57679,7133,7157,2891,5603,79139,598,572,637,2902,4741,10452,4217,6647	53	87364	Amyotrophic lateral sclerosis (ALS)
04720	1387,5499,4893,775,468,5578,2911,11261,5502,5530,23236,5579,2903,5567,814,2776,5533,810,2905,5501,5605,3710,4659,2904,5582,5594,63928,805,5532,3845,5613,5500,2906,5906,5595,2915,2033,6196,5908,163688,5894,817,673,5535,808,27330,3265,2890,3708,5330,5568,5604,818,5534,6195,51806,10411,107,3709,815,2891,801,5331,6197,5566,2902,816,369,114,5332	70	161915	Long-term potentiation
04964	486,5105,23439,2744,483,762,5106,478,760,8671,477,481,476,1468,482,6550,480,10991,358,2746,4190,27165,2747	23	38469	Proximal tubule bicarbonate reclamation
00670	25902,123263,441024,160428,471,6470,6472,1719,4548,4522,2618,10840,7298,4524,10797,10588,10841,275	18	35867	One carbon pool by folate
04350	1387,4087,652,3458,659,392255,4609,5934,9765,9241,92,1030,6667,6199,4093,83729,7042,5308,650,7124,90,7048,9475,7027,8200,5515,6500,1874,4092,7059,4089,8454,130399,9372,1311,4091,1875,5594,654,7040,4838,3400,4090,93,4052,5595,4086,8646,2033,3397,387,7057,7060,7046,655,3624,653,10468,7058,6093,656,268,5518,57154,6198,9978,5933,658,5519,1634,7044,657,269,151449,3625,5516,3398,3399,3626,4088,10637,353500,7043,64750	84	148733	TGF-beta signaling pathway
04130	116841,662,6810,8773,9341,8676,8417,10282,8673,51272,6811,8675,9482,415117,10228,112755,8674,55014,6616,143187,10791,8677,9570,55850,53407,10652,9554,6845,2054,9527,6843,6844,6804,9342,6809,10490	36	27259	SNARE interactions in vesicular transport
04742	112,338398,259291,50831,2782,259290,51764,6337,40,5567,259285,259289,259292,5726,3710,3745,6340,50834,50839,50838,5613,50835,2914,196883,50832,259287,50837,5136,259294,83756,80835,50836,54429,5330,5568,50833,6338,2778,259295,259296,2785,773,29850,346562,2784,5566,259286,50840,114,774,80834,353164	52	89176	Taste transduction
04512	51206,2814,3694,22987,50509,1101,131873,1289,7143,3918,1301,22798,1293,375790,3909,3695,3673,63923,3672,10319,2812,8515,1292,3912,3696,6383,7059,1288,1605,3678,3680,1311,6696,9672,7148,1287,8516,948,2811,3911,6382,3679,284217,3161,3688,7448,3910,3381,3655,6385,3676,961,3914,3339,7057,7060,1282,2815,9899,1291,9900,3693,3913,7450,1284,960,1286,7058,2335,1290,1278,22801,3685,3690,3908,1302,1277,1280,5649,3674,3915,3371,3691,1281,3675	85	341072	ECM-receptor interaction
00750	57026,55163,8566,493911,29968,316	6	8407	Vitamin B6 metabolism
05410	10368,775,5571,3694,782,781,776,59284,5564,7169,9254,7134,4000,7042,3695,60,7273,7139,3673,7124,51422,3672,8515,784,3696,1605,3678,5562,3680,1756,1636,4607,7040,8516,1674,783,6262,778,10369,27092,3679,5565,6546,3688,7137,4633,779,70,71,3655,6444,3676,27091,4625,3479,6445,4624,3693,488,55799,5563,53632,3569,785,59283,7170,7168,22801,3685,3690,3908,6442,2010,4634,3674,6443,7171,3691,93589,3675,59285,786,7043	83	319035	Hypertrophic cardiomyopathy (HCM)
05220	4893,5970,1019,207,4609,6777,5294,595,7042,1487,3551,23624,7048,2122,1147,4790,613,1488,3065,861,1871,8517,1026,4089,1869,5290,5605,8503,5594,7040,1021,1398,1870,399694,5296,5925,3845,4193,1399,6464,5595,5295,1029,5894,867,673,25,6654,7046,3265,10000,53358,5604,6655,5291,3066,1027,4792,23533,6776,7157,598,9846,5781,25759,5293,572,868,369,4088,208,7043,2885	73	128806	Chronic myeloid leukemia
04612	3109,3824,4261,3326,3458,3135,5720,3123,3117,3808,926,3823,3303,3108,3134,7124,972,3309,6892,811,3105,3805,2923,3806,920,3320,6890,5641,1385,4802,3310,5721,3111,3802,3812,4801,6891,3119,3127,10437,821,1514,3312,3803,10197,4800,3804,3308,3126,3118,3810,3113,3822,3809,1508,1520,5994,57292,8625,3305,8302,3107,925,3811,567,3115,3125,3112,3821,115653,3133,3122,5993,3306,3304,3106	76	82071	Antigen processing and presentation
04060	388372,6358,3574,116379,6375,943,50616,3627,3446,8600,2690,338376,3552,10344,3562,3559,3458,659,3451,2056,1950,3592,8793,29949,56477,91,3563,2919,5159,6374,1271,92,84957,3577,3601,8807,3447,3444,3439,83729,3565,7042,50615,58191,8764,3459,650,1435,3553,6359,3593,7124,1437,90,27242,7048,7173,3576,4804,64109,4050,1230,6387,3590,6364,6361,3595,8743,57007,282616,6351,1438,3554,8200,6349,1436,3445,3594,10803,6373,7852,3976,23529,3568,55504,10563,282617,2322,3815,3579,729230,608,1234,7293,5008,6360,3561,6367,9547,1524,10673,56832,7040,1896,4982,8744,6348,1439,2829,414062,6357,6372,7132,10663,8809,1236,282618,3578,93,4049,51330,970,2057,1237,5156,2323,23495,6356,643,3977,4352,55540,3560,3596,3588,3467,7422,5196,163702,55801,2321,3082,2833,23765,6347,3455,3442,10913,7850,56034,27190,6363,3566,3556,7292,59067,6846,53832,5617,1489,149233,115650,7046,2920,4283,655,6354,3953,3581,8797,3624,3589,3597,3586,6346,60401,6369,3570,5155,80301,3443,2689,4254,8794,944,9560,6366,355,1441,11009,3440,3452,3569,1235,8742,2921,6355,268,1956,3604,4233,8995,5618,356,1233,5473,1440,7424,3448,7133,3605,6352,3572,64806,5154,658,8718,58985,3587,6376,3558,939,3460,50604,3456,657,269,2277,85480,2688,3441,2826,958,3625,959,3791,3606,2324,7423,9180,8741,1270,51561,1232,5197,9966,3575,6362,8784,3626,4055,8771,10850,8795,3952,53833,8740,6370,6368,7043,3449,3600,8792,3454,3567	265	294925	Cytokine-cytokine receptor interaction
04520	1387,4087,10458,5795,56288,89,7454,8936,998,5777,8976,5818,1460,51701,60,2064,7048,8826,81,10163,2241,5787,1499,4301,4089,7525,51176,3643,5594,5797,29119,3480,5819,2534,5595,71,5880,2033,81607,83439,6934,6591,5770,387,1459,9855,10580,7046,6615,1457,5879,52,1956,4233,7082,999,87,1495,4008,7414,5792,2260,25945,1500,117178,6932,1496,4088,5881,10810,6714,6885,88	73	179915	Adherens junction
03018	26986,80349,1656,140886,4849,23404,80336,9924,84186,51013,51691,28960,10766,23658,7832,54512,246175,10200,170506,27258,11157,22803,2023,4848,5042,22894,8761,10438,694,54464,27257,23644,23019,196513,5073,9337,10950,23016,56915,10140,167227,57472,11340,118460,23517,54766,29883,51690,87178,3313,4850,132430,5393,25804,11044,340529,2026,3329,255967,55802,6499,219988,645974,9652,5394,80153,51010,2027,25904,9125,57819	71	113620	RNA degradation
