1
10
100
1000
10000
10001
10002
10003
100037417
10004
10005
10006
10007
10008
10009
1001
10010
100101267
100101467
100101629
10011
100125288
100128190
100128525
100128927
100129271
100129278
100129543
100129654
100129669
100129842
100129885
10013
100130097
100130302
100130758
100130771
100130827
100130863
100130932
100130934
100130988
100131017
100131390
100131439
100131539
100131816
100131827
100131980
100132074
100132285
100132396
100132417
100132463
100132911
100133171
100133315
100133495
100133941
100134444
100134934
100137049
10014
100144748
10015
10016
10017
10018
10019
1002
10020
10021
10022
10024
10025
10026
100271715
100271849
100271927
100287144
100287171
100287178
100287205
100287226
100287238
100287327
100287362
100287364
100287404
100287441
100287478
100287513
100287932
100288072
100288520
100288527
100288695
100288842
100289017
100289635
100289678
100293516
1003
100302737
10036
10038
100381270
10039
1004
10040
10042
10043
100431172
10044
10045
10046
10047
10048
10049
1005
10050
100505503
100505705
100505852
100505879
100506084
100506164
100506243
100506422
100506658
100506736
100506742
100506888
100507096
100507290
100507321
100507436
100507444
100507650
10051
10052
100528032
100528062
100529215
100532726
100533105
100533997
10054
10055
10056
10057
10058
10059
1006
10060
10061
100616101
10062
10063
10066
10068
10069
1007
10071
10072
10073
10075
10076
10077
100775105
10079
1008
10082
10083
10084
10085
100861412
100862688
10087
10089
1009
10090
10092
10093
10094
10095
10096
10097
100996939
101
1010
10101
10102
10105
10106
101060200
10107
10109
10110
10111
10112
10113
10114
10116
10117
101180976
1012
10120
10121
10123
10124
101241878
10125
10126
10127
10128
1013
10130
10131
10133
10134
10135
10136
10137
10138
10139
1014
10140
10142
10143
10144
10146
10147
10148
10149
1015
10150
10152
10153
10154
10155
10156
10157
10159
1016
10160
10161
10162
10163
10164
10165
10166
10168
10169
1017
10170
10171
10172
10174
10178
10179
1018
10180
10181
10186
10188
10189
1019
10190
101927581
10193
10194
10195
10196
10197
10199
102
1020
10200
10201
10202
10203
10204
10205
10206
10207
10208
10209
1021
10210
10211
10212
10213
10214
10215
10216
10217
10219
1022
10220
10221
10223
10224
10226
10227
10228
10229
10231
10232
10233
10235
10236
10237
10238
10239
1024
10240
10241
10242
10243
10245
10246
10247
10248
10249
1025
10250
10251
10252
10253
10254
10256
10257
1026
10260
10261
10262
10265
10266
10267
10268
10269
1027
10270
10272
10273
10274
10276
10277
10278
10279
1028
10280
10281
10282
10283
10284
10285
10286
10287
10288
10289
1029
10290
10291
10293
10294
10295
10296
10297
10298
10299
103
1030
10300
10302
10307
10308
10309
1031
10311
10312
10314
10316
10317
10318
10319
1032
10320
10321
10322
10324
10325
10326
10327
1033
10330
10331
10332
10333
10335
10336
10342
10343
10344
10345
10346
10347
10349
10350
10351
10352
1036
10360
10361
10362
10363
10365
10367
10368
10369
10370
10371
10376
10379
10380
10381
10382
10383
10388
10389
1039
10390
10391
103910
10392
10393
10394
10395
10396
10397
10398
10399
104
1040
10400
10401
10402
10403
10404
10406
10407
10409
1041
10411
10413
10417
10418
10419
10420
10421
10423
10424
10425
10426
10427
10428
10432
10434
10435
10436
10437
10438
10439
1044
10440
10443
10444
10445
10446
10447
10449
1045
10450
10451
10452
10454
10455
10456
10457
10458
10459
1046
10460
10461
10462
10463
10465
10466
10467
10468
10469
1047
10471
10472
10473
10474
10475
10476
10477
10478
10479
1048
10480
10481
10482
10483
10484
10486
10487
10488
10492
10493
10494
10495
10497
10498
10499
105
1050
10500
10501
10505
10507
10509
1051
10512
10513
10514
10516
10518
10519
1052
10520
10521
10522
10523
10524
10525
10526
10527
10528
10529
1053
10531
10533
10534
10535
10536
10537
10538
10539
1054
10540
10542
10544
10549
10550
10551
10552
10553
10554
10555
10556
10557
10558
10559
1056
10560
10563
10564
10565
10566
10567
10568
10569
10570
10572
10573
10574
10575
10576
10577
10579
1058
10580
10584
10585
10587
10588
10589
1059
10590
10591
10592
10594
10595
10598
10599
1060
10600
10602
10603
10605
10606
10607
10608
10610
10611
10612
10613
10614
10615
10616
10617
10618
1062
10620
10621
10622
10623
10626
10627
10628
10629
1063
10631
10632
10633
10634
10635
10636
10637
10640
10641
10642
10643
10644
10645
10652
10653
10654
10655
10656
10657
10658
10659
1066
10660
10661
10663
10664
10666
10667
10668
10669
10670
10671
10672
10673
10675
10677
10678
1068
10681
10682
10683
10686
10687
1069
10690
10691
10692
10693
10694
10695
10699
107
1070
1071
10712
10713
10714
10715
10716
10717
10718
1072
10720
10721
10723
10724
10725
10728
1073
10730
10732
10733
10735
10736
10738
10739
10741
10742
10743
10744
10745
10746
10747
10749
1075
10750
10752
10753
10755
10758
10761
10762
10763
10765
10766
10767
10768
10769
10771
10772
10773
10775
10776
10777
10780
10781
10782
10783
10785
10786
10787
10788
10793
10794
10795
10797
10798
10799
108
1080
10800
10801
10802
10803
10806
10808
10809
1081
10810
10811
10813
10814
10815
10816
10817
10818
1082
10824
10825
10826
10827
10838
10840
10841
10842
10844
10845
10846
10847
10848
10849
10850
10855
10856
10857
10858
10859
10861
10863
10864
10865
10868
10869
10870
10871
10873
10874
10877
10879
10880
10881
10882
10884
10886
10887
10888
10890
10891
10892
10893
10894
10897
10898
10899
109
10900
10901
10902
10903
10904
10905
10906
10907
10908
10911
10912
10913
10914
10915
10917
10919
10921
10922
10923
10924
10926
10927
10928
10929
10930
10933
10935
10936
10938
10939
10940
10941
10942
10943
10944
10945
10946
10948
10949
10951
10952
10953
10954
10956
10957
10959
10960
10961
10962
10963
10965
10966
10971
10972
10973
10974
10975
10978
10979
10980
10981
10982
10985
10987
10988
10989
10990
10991
10992
10993
10994
10998
10999
11000
11001
11004
11005
11006
11007
11009
1101
11011
11012
11013
11014
11015
11016
11017
11018
11019
1102
11020
11021
11022
11023
11024
11025
11026
11027
1103
11030
11031
11033
11034
11035
11036
1104
11040
11041
11043
11044
11045
11046
11047
1105
11051
11052
11054
11056
11057
11059
1106
11060
11062
11063
11064
11065
11066
11068
11069
1107
11070
11072
11073
11074
11075
11076
11078
11079
1108
11080
11081
11082
11083
11085
11086
1109
11091
11093
11094
11095
11096
11097
11098
11099
111
11100
11101
11102
11103
11104
11105
11107
11108
1111
11112
11113
11116
11117
11119
1112
11120
11122
11123
11124
11126
11127
11128
11130
11131
11132
11133
11135
11136
11138
1114
11140
11141
11142
11143
11144
11145
11146
11147
11148
11149
11151
11152
11153
11154
11155
11156
11157
11158
11159
1116
11160
11161
11162
11163
11164
11165
11166
11167
11168
11169
1117
11170
11171
11172
11173
11174
11176
11177
11178
11179
1118
11180
11181
11182
11183
11184
11185
11186
11188
11189
1119
11190
11193
11194
11196
11199
112
1120
11200
11201
11202
1121
11211
11212
11213
11214
11215
11217
11218
11219
1122
11221
11222
11223
11224
11226
11227
1123
11231
11232
11235
11236
11237
11238
112398
112399
1124
11240
112401
11243
11244
11245
112464
11247
112479
11248
112483
112487
11249
112495
11250
11251
11252
11253
11254
11255
11257
112574
11258
11259
11260
112609
11261
112616
11262
11264
11266
11267
11269
11270
112714
112724
11273
11274
112744
11275
112755
11276
11277
112770
11278
11279
1128
11280
112802
11281
112812
112817
11282
11283
11284
112849
11285
112858
112869
112885
1129
112937
112950
112970
113
1130
113000
113026
11309
1131
11311
11313
113130
11315
11316
11317
113179
11318
113189
11319
1132
11320
11321
113220
113235
11325
113251
11326
113277
113278
11328
11329
1133
11330
11331
11332
11335
11336
11337
11338
11339
1134
11340
11342
11343
11344
11345
113451
113452
113457
11346
1135
113510
113540
1136
113612
113622
113675
1137
113791
1138
113802
113829
113835
113878
1139
114
1140
114026
114034
114049
114088
1141
114112
114131
114134
1142
114294
1143
114327
114335
114336
1144
1145
114548
114569
1146
114609
1147
114757
114769
114770
114771
114780
114783
114785
114787
114789
114790
114791
114793
114794
114795
114799
114803
114804
114805
114814
114815
114821
114822
114823
114825
114826
114836
114876
114879
114880
114881
114882
114883
114884
114885
114898
114899
1149
114900
114904
114908
114932
114971
114984
114991
115
115004
115019
115024
115106
115111
115123
115196
1152
115201
115209
115273
115286
115290
115294
1153
115330
115361
115362
1154
115426
1155
115509
115548
115557
115560
115584
115677
115701
115703
115704
115708
115727
115752
115761
1158
115817
115825
115827
115908
115950
115992
116
1160
116028
116039
116071
116085
1161
116113
116115
116138
116143
116150
116154
116159
116173
116179
116225
116236
116255
116285
1163
116328
116337
116362
116369
116379
1164
116412
116442
116443
116444
116447
116448
116449
116496
116511
116512
116519
116534
116535
116729
116832
116835
116840
116841
116844
116931
116969
116983
116984
116985
116986
116987
116988
117
117143
117144
117145
117154
117155
117157
117159
117166
117177
117178
117194
117195
117196
117245
117246
117248
117283
117286
117289
1173
1174
1175
117579
117581
117584
1176
117608
1178
117854
1179
118
1180
1181
1182
1183
1184
118424
118429
118442
118460
118472
118487
118490
1185
1186
118611
118672
1187
118738
118788
1188
118813
118856
118881
118924
118980
118987
119
119016
1191
119180
1192
1193
119385
119391
119392
1195
119548
119559
119587
1196
119678
119679
119682
119687
119692
119694
119695
119749
119764
119765
119772
119774
1198
12
120
1200
120065
120066
120071
1201
120103
120114
120146
120227
120237
1203
120425
120526
120534
120586
1207
120775
120776
120787
120793
120796
1208
120892
1209
1211
121129
121130
1212
121214
121256
121260
121268
121274
121275
121278
1213
121340
121355
121364
121391
121457
1215
121512
121536
121549
121551
121599
121642
121643
121665
121952
122011
122042
122402
122481
122618
122622
122651
122665
122704
122706
122740
122742
122748
122830
122876
122945
122953
122961
122970
1230
123016
123041
123096
123099
123169
1232
123228
123263
123264
123283
1233
1234
1235
1236
123606
123624
123688
1237
123720
123745
123787
1238
123803
123872
123876
123879
123920
124
1240
124056
1241
124245
124274
124359
1244
124404
124411
124454
124460
124512
124535
124538
124540
124583
124590
124602
124637
124641
124739
124751
124783
124790
124857
124872
124912
124923
124935
124936
124944
124961
124975
124989
124995
125
125058
125061
125111
125113
125115
125150
125170
125206
125336
125476
1258
125893
1259
125919
125950
125958
125962
125963
125965
125972
125981
126
1260
126006
126017
126068
126069
126070
126074
1261
126119
126129
126133
1262
126204
126205
126206
126208
126231
126295
126299
1263
126308
126353
126370
126374
126375
126382
126393
1264
126410
126432
126433
1265
126520
126541
1266
126626
126637
126638
126668
1267
126767
126789
126792
1268
1269
126917
127
1270
127018
127059
127062
127064
127066
127068
127069
127074
127077
1271
127124
1272
127253
127262
127281
127294
127343
127385
127396
127428
127435
127534
127540
127544
127602
127608
127617
127623
127665
1277
127795
1278
127829
127833
127933
128
1280
128077
1281
128153
1282
128209
128218
128229
128239
128240
128272
128308
128312
128344
128360
128366
128367
128368
128371
128372
128387
1284
128408
128434
128486
128488
128497
1285
128553
1286
128611
128637
128674
1287
128710
1288
128817
128820
128821
128822
128853
128859
128861
128866
128869
1289
128954
1290
129025
129049
1291
129138
1292
129285
129293
1293
1294
129446
129450
129530
129531
129563
1296
129607
129642
129685
1297
129787
1298
129804
129807
129831
129868
129880
1299
13
130
1300
130013
130026
130075
1301
130106
130120
1302
130271
1303
130340
130367
130399
130497
1305
130502
130507
130540
130557
130560
130589
1306
130617
1307
130749
130752
1308
130872
130916
130951
131
1310
131096
1311
131177
1312
131375
1314
131405
131450
131474
1315
131540
1316
131601
131669
1317
1318
131870
131890
131965
132
132014
132112
132158
132160
132203
132204
132243
132320
132430
1325
1326
132612
132625
132660
132671
1327
132724
132789
132851
132864
1329
132946
132949
133
133121
133308
133383
133396
133482
133522
133584
133686
133688
133690
1337
133746
1339
133923
134
1340
134083
134111
134147
134187
134218
134265
134266
134353
134391
134429
134430
134466
1345
134510
134526
134549
1346
134637
1347
1348
134829
134860
134864
1349
134957
135
1350
1351
135112
135114
135152
1352
135228
135250
135293
135295
1353
1355
1356
135644
1357
1358
135892
1359
135924
135935
135941
135946
135948
136
1360
136051
1361
136157
1362
136242
136259
1363
136306
136332
1364
1365
136541
1366
136647
1368
136853
1369
136991
1370
137075
1371
137209
1373
137362
1374
1375
1376
137682
137695
137735
1378
137814
137872
137902
137964
1380
138046
138050
138065
1381
138151
1382
1384
138428
138429
138474
1385
1386
138639
138652
1387
138715
138716
138799
1388
138802
138803
138804
138805
138881
138882
138883
1389
1390
139135
139170
139189
1392
139285
1393
139324
139341
139378
1394
139411
1395
1396
139628
1397
139716
139728
139735
139760
1398
139804
139818
1399
14
140
1400
140032
1401
1404
140432
140453
140462
140465
140467
140469
140545
140564
140576
140578
1406
140609
140612
140628
140679
140683
140685
140686
140687
140690
140691
1407
140701
140706
140730
140732
140733
140735
140738
140739
140766
1408
140801
140803
140807
140809
140823
140831
140832
140836
140838
140856
140870
140880
140883
140885
140886
140890
1409
140901
140902
141
1410
1411
1412
1413
1414
1415
1417
1418
1419
142
1420
1421
142678
142679
142680
142684
1427
1428
142827
142891
1429
142910
142940
143
143098
1431
143162
143187
1432
143244
143279
143282
143384
1434
143425
143458
143471
143496
1435
143502
143503
143506
143570
1436
143689
1437
1438
143872
143884
143888
1439
143903
1440
1441
144100
144108
144124
144125
144132
144165
144193
144195
1442
144203
144233
144245
144348
1444
144404
144406
144423
144453
144455
1445
144501
144568
1446
144699
1447
144715
144717
144983
145173
1452
145226
145258
145264
145270
1453
145376
1454
145447
145482
1455
145553
1456
1457
145814
145864
145873
1459
145957
146
1460
146050
146057
146059
146198
1462
146223
146225
1463
146310
1464
146429
146433
146434
146439
1465
146540
146542
146547
1466
146664
146712
146713
146754
146760
146779
1468
146802
146845
146850
146857
146862
1469
146909
146956
147
1470
147011
147015
1471
147111
147179
147183
1472
1473
147323
147372
1474
147409
147495
1475
1476
147657
147658
147660
147686
147687
147694
147699
1477
147700
147741
147744
147746
1478
147807
147808
147837
147841
147872
1479
147906
147912
147923
147929
147945
147947
147948
147949
147968
147991
148
148003
148014
148022
148066
148103
148113
148156
148170
148198
1482
148203
148206
148213
148223
148229
148252
148254
148266
148268
148281
148327
148398
148479
148534
148581
1486
1487
148738
148789
1488
148811
148867
1489
148932
148979
1490
149041
149076
149095
1491
149111
149175
149233
149281
1493
149371
149420
149428
149461
1495
1496
149603
149699
1497
149708
1499
149951
149954
149998
15
150
1500
150000
150084
150094
1501
150159
150160
150209
150223
150274
150290
1503
150368
150372
150379
1504
150465
150472
150572
1506
150681
150684
150763
1508
1509
150921
150962
151
1510
151011
151056
1511
151112
151126
151176
151194
151195
1512
151242
151246
151295
1513
151306
151313
1514
151449
151473
1515
151516
151525
151531
151613
151636
151648
151649
151651
151742
151827
151871
151887
151888
1519
151987
152
1520
152002
152006
152015
152098
1521
152100
152110
152137
152138
152189
1522
152273
1523
1524
152485
1525
152503
152518
152519
152579
152586
152687
1527
152789
1528
152815
152831
152926
152992
153
153020
153090
153201
153218
153222
153241
153364
1534
153478
1535
153527
153572
1536
153642
1537
153743
153769
1538
153830
1539
153918
154
1540
154007
154091
154141
154197
154214
1543
1544
1545
154664
154743
154790
154796
1548
154810
1549
155
155038
155054
155061
155066
1551
155100
155184
155185
1553
155435
155465
1555
1557
1558
1559
156
1562
1565
157
1571
1572
157285
1573
157506
157570
1576
157638
157695
1577
157708
157724
157739
157773
157777
157807
157848
157855
157869
1579
157922
158
1580
158067
158078
1581
158131
158135
158158
1582
158234
158297
1583
158326
158399
1584
158427
158431
158471
1585
158506
158584
158586
1586
158747
158763
158798
1588
158800
158809
158833
158835
158866
158880
1589
158983
159
1591
159119
159195
1592
159296
1593
1594
1595
159963
16
160
1600
1601
1602
160287
1603
160364
1604
160428
160492
1605
160518
1606
160622
1607
160728
160760
1608
160851
1609
161
1610
1611
161176
161198
1612
161247
161253
161291
1613
161424
1615
161514
161582
1616
1617
161725
161742
1618
161823
161829
161882
161931
162
1620
1621
1622
162239
162333
162394
162417
162466
162494
162514
162515
162540
162605
162655
162699
1627
1628
1629
162962
162963
162966
162967
162968
162972
162979
162989
162993
162998
163
1630
163033
163049
163050
163051
163059
163071
163081
163087
163115
163126
163131
163183
1632
163223
163227
163255
163259
1633
163351
1634
163404
163486
1635
1636
163688
163702
163720
163732
163786
1638
163882
1639
164
164045
164091
1641
1642
164237
1643
164395
1644
1645
1646
164633
164656
164668
164684
1647
164714
164832
1649
165
1650
165082
165140
1652
165215
165257
1653
165324
1654
1655
165530
165545
1656
165631
165679
165721
165829
1659
165904
165918
166
1660
166012
1662
1663
166336
166378
166379
1665
1666
166614
166647
166655
166752
166785
166793
166815
166824
166863
166929
166968
167127
167153
167227
167359
1674
167465
1675
1676
167681
167691
1677
1678
167826
167838
168002
168374
168391
168400
168417
168433
168448
168451
168507
168537
168544
168620
168850
1690
169026
169166
169270
169355
169436
169522
169611
169714
169792
169834
169841
170067
170082
170261
170302
170384
170392
170463
170482
170506
170572
170575
170589
170591
170622
170626
170680
170685
170689
170690
170691
170692
170712
170825
170850
170954
170958
170959
170960
171017
171019
171023
171024
171177
171389
171392
171425
171546
171558
171568
171586
1716
1717
1718
1723
1725
1727
1728
1729
173
1730
1731
1733
1734
1735
1736
1737
1738
1739
174
1740
1741
1742
1743
1745
1746
1747
1748
1749
175
1750
1755
1756
1757
1758
1759
176
1760
1761
1762
1763
1767
1768
1769
177
1770
1773
1774
1775
1776
1777
1778
178
1780
1781
1783
1785
1786
1787
1788
1789
1791
1793
1794
1795
1796
1797
1798
18
1800
1803
1804
1806
1807
1808
1809
181
1810
1811
1812
1813
1814
1815
1816
1819
182
1820
1821
1822
1823
1824
1825
1826
1827
1828
1829
183
1830
1831
1832
1833
1834
1836
1837
1838
1839
1840
1841
1842
1843
1844
1845
1846
1847
1848
1849
185
1850
1852
1854
1855
1856
1857
1859
186
1861
1869
187
1870
1871
1874
1875
1876
1877
1879
1880
1889
189
1890
1891
1892
1893
1894
1896
19
190
1901
1902
1903
1906
1907
1908
1909
191
1910
1911
1912
1915
1917
192111
192134
192666
192668
192669
192670
192683
1933
1936
1937
1938
1939
1942
1943
1944
1945
1946
1947
1948
1949
1950
1951
1952
1953
1954
1955
1956
1958
195814
195828
1959
195977
196
1960
196051
196074
1961
1962
196264
196294
196335
196374
196383
196385
1964
196403
196410
196441
196446
196463
1965
196513
196527
196528
196541
1967
196743
1968
196883
1969
197
197021
197131
197135
197257
197258
197259
1973
197320
197322
197342
197350
197358
197370
1974
197407
1975
1977
1978
1979
1981
1982
1983
1984
199
1990
1991
1992
199221
1993
1994
1995
1996
199692
199699
1997
199704
199713
199720
199745
199746
199777
199786
1998
1999
199974
199990
2
20
2000
200010
200014
200035
200081
2001
200150
200172
200185
200186
2002
200205
200312
200315
200316
200350
200373
2004
200407
200424
2005
200539
200558
200576
2006
200734
200765
200810
200879
200894
200895
2009
200909
200916
200931
200933
200959
2010
2011
201140
201161
201163
201164
201176
201181
201232
201254
201266
201292
201294
201299
2013
201475
2015
201501
201514
201516
201562
201595
2016
201625
201626
201627
201633
2017
201780
201798
2018
2019
201973
202
2020
202018
202051
2021
2022
2023
202333
202374
202559
2026
2027
2028
2029
203
2030
203054
203062
203068
203069
203074
203100
203102
203245
203286
2033
2034
203430
203447
2035
203523
2036
203611
2037
2038
2039
204
2041
2042
204219
2043
2044
204474
2045
2046
2047
2048
204801
204851
2049
205
2050
2051
205147
2052
2053
2054
205564
2056
2057
205717
2058
205860
2059
2060
2063
206338
206358
2064
206412
2065
2066
2067
2068
2069
207
2070
207063
2071
2072
2073
2074
2077
2078
208
2081
2086
2091
2098
2099
21
210
2100
2101
2103
2104
2107
2108
2109
211
2110
2113
2114
2115
2116
2117
2118
2119
212
2120
2122
2123
2125
2128
213
2130
2131
2132
2134
2135
2137
2138
2139
214
2140
2145
2146
2147
2149
215
2150
2151
2152
2153
2155
2157
2158
2159
216
2160
2161
2162
2166
2167
2168
2169
217
2170
2171
2172
2173
2175
2176
2177
2178
218
2180
2181
2182
2184
2185
2186
2188
2189
219
2191
2192
219287
219293
2193
219333
2194
219402
219409
219417
219428
219429
219431
219432
219436
219437
219438
219447
219453
219464
219469
219473
219477
219479
219482
219484
219487
219493
2195
219537
219541
219578
219595
2196
219654
219670
219699
2197
219736
219743
219749
219771
219790
219855
219858
219865
219869
219870
219873
219874
219875
2199
219927
219931
219952
219954
219956
219957
219958
219959
219960
219965
219968
219970
219981
219982
219983
219986
219988
22
220
2200
220001
220002
220004
220032
220064
220074
2201
220134
220136
220164
2202
220202
2203
220359
2204
220441
2205
2206
2207
220717
2208
220832
220869
2209
220929
220963
220972
220988
220992
221
2210
221002
221037
221074
221078
221079
221092
221120
221143
221150
221154
221178
221188
221191
2212
221223
221264
221294
2213
221302
221322
221357
221391
221393
221395
2214
221443
221458
221472
221476
2215
221504
221527
221613
221656
221662
221687
221692
2217
221749
221785
221786
2218
221823
221830
221833
221895
2219
221908
221914
221927
221937
221955
222
2220
222068
2222
222229
222236
222256
222389
2224
222484
222487
222537
222545
222546
222611
222642
222659
222663
222696
222894
222962
223
2230
223082
223117
2232
2235
2237
2239
224
2241
2242
2243
2244
2245
2246
2247
2248
2249
225
2250
2251
2252
2253
2254
2255
2256
225689
2257
2258
2259
226
2260
2261
2262
2263
2264
2266
2268
2271
2272
2273
2274
2275
2277
22794
22795
22796
22797
2280
22800
22801
22802
22803
22806
22807
22808
22809
2281
22820
22821
22822
22823
22824
22827
22828
22829
22832
22834
22835
22836
22837
22838
22839
22841
22843
22845
22847
22848
22849
22850
22853
22854
22856
22858
22859
2286
22861
22863
22864
22866
22868
22869
2287
22870
22871
22872
22873
22874
22875
22876
22877
22879
2288
22880
22882
22883
22885
22887
22888
2289
22890
22891
22893
22894
22895
22897
22898
22899
229
2290
22900
22901
22905
22906
22907
22908
22909
22913
22916
22918
22919
22920
22921
22924
22925
22926
22927
22928
22929
22930
22931
22932
22933
22934
22937
22938
2294
22941
22943
22944
22947
22948
22949
2295
22950
22952
22953
22954
22955
2296
2297
22974
22976
22977
22978
2298
22980
22981
22982
22983
22984
22985
22986
22987
22989
2299
22992
22993
22994
22995
22996
22998
22999
23
230
2300
23001
23002
23007
2301
23011
23012
23013
23014
23016
23019
2302
23020
23022
23024
23025
23026
23028
23029
2303
23030
23031
23032
23034
23035
23036
23038
23039
2304
23040
23041
23042
23043
23046
23047
23048
23049
2305
23051
23052
23053
23054
23057
23059
2306
23060
23061
23062
23063
23064
23066
23067
2307
23070
23071
23072
23075
23077
23078
2308
23081
23082
23085
23086
23087
23089
2309
23090
23091
23092
23093
23094
23095
23096
23097
23099
231
23101
23102
23105
23107
23108
23109
23111
23112
23113
23114
23117
23118
23119
2312
23120
23122
23125
23126
23127
23129
2313
23130
23131
23132
23133
23135
23136
23137
23139
2314
23140
23141
23142
23144
23145
23149
2315
23152
23157
23158
2316
23161
23162
23163
23164
23165
23166
23168
23169
2317
23171
23172
23173
23174
23175
23176
23178
23179
2318
23181
23184
23185
23186
23187
23189
2319
23190
23191
23192
23193
23194
23195
23196
23197
23198
23199
23200
23203
23204
23205
23207
23208
23209
2321
23210
23211
23212
23213
23214
23215
23216
23217
2322
23220
23221
23224
23225
23228
23229
2323
23230
23232
23235
23236
23239
2324
23242
23243
23244
23246
23250
23256
23258
23259
2326
23261
23262
23263
23264
23265
23266
23268
23269
2327
23271
23275
23279
2328
23281
23283
23284
23286
23287
2329
23291
23293
23294
23295
23299
2330
23300
23302
23303
23304
23305
23306
23307
23308
23309
23310
23312
23314
23315
23316
23318
2332
23321
23322
23324
23326
23327
23329
23332
23333
23334
23336
23338
23339
2334
23345
23347
23348
23349
2335
23350
23351
23352
23353
23354
23355
23358
23361
23362
23363
23365
23367
23368
23369
23370
23371
23373
23376
23378
23380
23381
23382
23383
23385
23387
23389
2339
23390
23392
23394
23395
23396
23397
23398
23399
23400
23401
23403
23404
23405
23406
23408
23409
23410
23411
23412
23413
23414
23415
23416
23417
23418
2342
23420
23421
23424
23426
23428
23429
23430
23432
23433
23435
23436
23438
23439
23440
23443
23446
23450
23451
23452
23456
23457
2346
23460
23461
23462
23463
23464
23466
23467
23468
23469
23471
23473
23474
23475
23476
23478
23479
2348
23480
23481
23483
23491
23492
23493
23495
23498
23499
2350
23500
23503
23505
23509
23512
23513
23514
23515
23516
23517
23518
2352
23521
23522
23523
23524
23526
23527
23528
23529
2353
23530
23531
23532
23533
23534
23536
23538
23539
2354
23541
23542
23543
23545
23547
23549
2355
23550
23551
23552
23553
23556
23557
23558
23559
2356
23560
23562
23563
23564
23566
23567
23568
23569
2357
23576
2358
23580
23581
23582
23583
23586
23587
23589
2359
23590
23591
23592
23594
23595
23596
23597
23598
23600
23601
23603
23604
23607
23608
23609
23612
23613
23615
23616
23617
23619
23620
23621
23623
23624
23625
23626
23627
23630
23632
23633
23635
23636
23637
23639
23640
23641
23643
23644
23645
23646
23647
23648
23649
23650
23654
23657
23658
23659
23660
23671
23673
23677
23682
23683
23704
23705
23708
23710
23729
23731
23732
23741
23742
23743
23746
23759
23760
23761
23762
23764
23765
23767
23768
23769
23770
23774
23779
23780
23786
23787
238
239
2395
24
240
241
24137
24138
24139
24140
24142
24144
24145
24146
24148
24149
242
244
2444
245711
245806
245812
245928
245934
245972
245973
246
246100
246126
246175
246176
246181
246184
246213
246243
246269
246329
246330
246721
246778
247
2475
248
2487
2488
249
2491
2492
2494
2495
25
250
251
2512
2515
2516
2517
2519
2520
2521
2523
2524
2525
2526
2527
2528
252839
252884
2529
252969
252983
252995
2530
253012
253017
2531
253152
253175
253190
2532
253260
2533
253314
2534
253430
253461
2535
253512
253558
253635
253639
2537
253714
253725
253738
253782
2538
253827
253832
2539
253943
253959
253980
253982
254013
254042
254102
254122
2542
254225
254240
254251
254263
254272
254295
254359
254394
254428
254531
254552
2547
254773
254783
254786
2548
254827
254879
254887
2549
254958
254973
2550
255022
255027
255043
255061
2551
255101
255189
255220
255239
2553
255308
255324
255374
2554
255403
255426
255488
2555
255520
2556
255626
255631
2557
255725
255738
255743
255758
2558
255877
2559
255919
255926
255928
255967
2560
256051
2561
256144
256148
256158
2562
256281
256297
2563
256356
256380
256394
2564
256435
2565
2566
256691
2567
2568
256892
2569
256933
257
2570
257019
257068
2571
257101
257106
257144
257160
257194
2572
257202
257203
257218
257313
257364
257397
25763
25769
25771
25776
25777
25778
25780
25782
25788
25791
25792
25793
25794
25796
25797
25799
258
2580
25800
25801
25802
25803
25804
25805
25806
25807
25809
2581
25813
25814
25816
25818
25819
2582
25820
25821
25822
25823
25824
25825
25827
25828
2583
25830
25831
25833
25834
25836
25837
25839
2584
25840
25841
25842
25843
2585
25850
25851
25855
25861
25862
25864
25865
2587
25870
25873
25874
25875
25876
2588
25885
25888
2589
25890
25891
25893
25894
25895
25896
25897
25898
259
2590
25902
25903
25904
25907
25909
2591
25912
25913
25915
25917
259173
2592
25920
25921
259217
25923
259230
259232
259234
25924
259249
25925
25926
259266
259282
259285
259286
259287
259289
25929
259290
259291
259292
259293
259294
259295
259296
2593
25930
259307
25932
25934
25936
25937
25939
25942
25945
25946
2595
25950
25953
25959
2596
25960
25961
2597
25970
25972
25973
25974
25975
25976
25978
25979
25981
25984
25988
25989
25992
25996
25998
25999
26
26000
26001
26002
26003
26007
26009
26011
26012
26013
26015
26017
26019
26024
26025
26027
260293
260294
26030
26031
26032
26033
26034
26035
26036
26037
26038
26040
260425
260429
26043
260434
26045
26046
26047
26048
26051
26052
26053
26054
26056
26057
26059
26060
26061
26063
26065
26073
26083
26084
26085
26086
26088
26090
26091
26092
26097
26100
26103
26108
26118
26119
26121
26127
26128
26130
26133
26135
26136
26137
26140
26145
26146
26147
26149
26151
26152
26153
26154
26155
26156
26157
26164
26166
26167
26168
2617
261726
261729
261734
2618
26184
26188
26189
2619
26190
26191
262
26205
26206
26207
2621
26211
26212
26219
2622
26223
26224
26225
26227
26228
26229
2623
26230
26232
26233
26234
26238
26239
2624
26245
26246
26248
26249
2625
26251
26253
26254
26255
26256
26257
26258
26259
2626
26260
26261
26262
26263
26266
26267
26268
26269
2627
26270
26271
26272
26273
26275
26276
26277
26278
26279
2628
26280
26281
26284
26285
26286
26287
26289
2629
26290
26291
26292
26297
26298
26301
2631
2632
2633
26330
26333
26338
26339
2634
26341
2635
26353
26354
26355
2636
2637
2638
2639
2641
2642
2643
2644
2645
2646
26468
26469
2647
26471
26472
26476
2648
2649
26492
26493
26494
26495
26496
26497
26499
265
2650
26502
26503
26504
26505
26507
26508
26509
2651
26511
26512
26515
26517
26519
26520
26521
26523
26524
26525
26528
26529
2653
26531
26532
26533
26534
26538
26539
26548
2657
26574
26575
26576
26577
26578
2658
26580
26581
26582
26583
26584
26585
26589
26595
266
2660
26608
26609
2661
26610
2662
2664
26648
2665
26658
26659
266629
26664
266675
266697
266722
266727
266740
266743
266747
2668
26682
26686
26687
26689
2669
26692
26693
26696
266971
266977
267
2670
267012
267020
26707
2671
26716
2672
2673
26735
26737
2674
26740
26747
26748
2675
26750
26751
2676
26762
2677
2678
2679
268
2681
2683
2686
2687
26872
26873
2688
2689
269
2690
2691
2692
2693
2694
2695
26953
26958
26959
2696
26960
2697
26973
26974
26984
26985
26986
26993
26994
26995
26996
26998
26999
27
270
2700
27000
27005
27006
27010
27012
27013
27018
27019
2702
27020
27022
27023
2703
27030
27031
27032
27033
27034
27035
27036
27037
27039
27040
27043
27044
2705
2706
27063
27065
27067
27068
27069
2707
27071
27072
27076
27077
27079
27086
27087
27089
27090
27091
27092
27094
27097
271
2710
27101
27102
27107
27109
27111
27113
27115
2712
27120
27121
27124
27125
27127
27128
27129
27130
27131
27132
27133
27134
27136
27143
27147
27148
27151
27153
27154
27156
27158
27159
27161
27163
27164
27165
2717
27173
27175
27177
27178
27179
27180
27181
27183
27185
27189
2719
27190
27197
27198
27199
272
2720
27201
27202
27229
27231
27232
27233
27235
27236
27237
27238
27239
27240
27241
27242
27243
27245
27246
27247
27248
27250
27252
27253
27254
27257
27258
27283
27284
27286
27287
27288
27289
2729
27290
27291
27292
27293
27294
27295
27296
27297
27299
273
2730
27300
27301
27302
27303
27304
27306
27309
2731
27314
27315
27316
27319
27324
27327
27328
27329
27330
27332
27334
27335
27336
27338
27339
2734
27340
27341
27342
27343
27344
27345
27346
27347
27348
27349
2735
27350
27351
27352
2736
2737
2738
2739
274
2740
2741
2742
27429
2743
27430
27433
27434
27436
2744
27443
27445
2745
2746
2747
275
2752
2760
2762
2764
2766
2767
2768
2769
2770
2771
2773
2774
2775
2776
2778
2779
278
2780
2781
2782
2783
2784
2785
2786
2787
2788
279
2790
2791
2792
2793
2794
2796
2797
2798
2799
28
280
2801
2802
2803
2804
2805
2806
280636
280657
280658
280659
280660
280664
2810
2811
2812
2813
2814
2817
2819
2820
2821
2822
28227
2823
28231
28232
28234
2824
2825
2826
282616
282617
282618
282679
2827
282763
282770
282775
2828
282808
282890
2829
282969
282973
282974
28299
282991
282996
283
2830
283078
283092
283093
2831
283110
283111
283149
283150
283159
28316
283160
283162
283189
2832
283208
283209
283229
283248
283254
283257
283297
2833
283310
283316
283337
283349
283358
283365
283375
283377
283383
2834
283417
283420
283431
283446
283450
283455
283458
283459
283464
283471
283489
2835
283514
283518
283571
283576
283617
283629
283652
283694
2837
283748
283755
2838
283820
283847
283848
283849
283869
283871
283899
283927
283933
283970
283971
283985
283987
283999
284
2840
284004
284058
284076
284086
284098
2841
284106
284111
284114
284119
284129
284131
284161
284194
2842
284217
284252
284254
284273
284293
284297
2843
284306
284307
284309
284312
284323
284346
284349
284352
284355
284358
284359
284366
284370
284371
284379
284383
284390
284391
2844
284406
284415
28442
284433
284434
284439
284443
284459
284485
284486
2845
284521
284525
284532
28454
284541
2846
284612
284613
284654
284656
284695
2847
284716
2848
2849
284904
284958
284996
285
2850
285025
28511
28512
28513
28514
285148
285180
285193
285195
2852
285203
285220
285242
285267
285268
285282
2853
285315
285335
285346
285349
285362
285367
285381
2854
285440
285464
285489
285498
285521
285533
285550
285588
285590
285598
2856
285601
285613
285643
285659
285671
285672
285676
2857
285704
285753
285755
28577
285848
2859
285971
285989
286
286053
286075
286097
2861
286128
286133
286148
286151
286187
2862
286204
286205
286256
286262
2863
286362
286365
286380
2864
286410
286436
286451
2865
286514
286527
286530
2866
2867
2868
286827
286887
2869
287
2870
287015
2872
2873
2874
2875
28755
2876
2877
28776
2878
2879
288
2880
2882
28834
2885
2886
2887
28874
28876
2888
2889
28896
2890
28908
2891
28912
28916
2892
2893
2894
2895
28951
28952
28954
28956
28957
28958
2896
28960
28964
28965
28966
28968
2897
28970
28972
28973
28976
28977
2898
28982
28983
28984
28985
28987
28988
28989
2899
28990
28991
28992
28996
28998
28999
29
290
2900
2901
2902
29028
2903
2904
2905
2906
29063
29066
29068
29071
29072
29074
29078
29079
2908
29080
29081
29082
29083
29085
29086
29088
29089
2909
29090
29093
29094
29098
291
29101
29102
29104
29107
29108
29109
2911
29110
29113
29115
29116
29117
29118
29119
2912
29121
29122
29124
29126
29127
29128
2913
2914
2915
2916
2917
2918
2919
292
2920
2921
2922
2923
2925
2926
2928
293
2931
2932
2934
2935
2936
2937
2938
2939
2940
2941
2944
2946
2947
2948
2949
2950
2952
2953
2954
2956
2957
2958
2959
2960
2961
2962
2963
2965
2966
2967
2968
2969
2971
2972
2975
2976
29760
29761
29763
29765
29766
29767
2977
29775
29777
2978
29780
29785
29789
2979
29796
2980
29800
29801
29803
2981
2982
2983
2984
29841
29842
29843
29844
29850
29855
2986
2987
29880
29881
29882
29883
29886
29887
29888
29889
29890
29893
29894
29895
29896
29899
2990
29901
29904
29906
29907
29909
29911
29914
29915
29916
2992
29920
29922
29923
29924
29925
29926
29927
29928
29929
2993
29930
29933
29934
29935
29937
29940
29941
29942
29943
29944
29945
29946
29947
29948
29949
2995
29950
29951
29952
29953
29954
29956
29957
29958
29959
29960
29964
29965
29966
29967
29968
29969
2997
29970
29974
29978
29979
2998
29980
29984
29985
29986
29988
29989
2999
29990
29991
29992
29993
29994
29995
29997
29998
29999
30
3000
30000
30001
30008
30009
3001
30010
30011
30012
3002
3003
3004
3005
3006
30061
30062
3007
3008
3009
301
3010
3013
3014
3015
3017
3018
302
3021
3024
3026
3028
3029
3030
3032
3033
3034
3035
3036
3037
3038
304
3040
3042
3043
3045
3046
3047
3048
3049
3050
3052
3053
3054
3055
3059
306
3060
3061
3062
3064
3065
3066
3067
3068
3069
307
3070
3071
3073
3074
3075
3077
308
3081
30811
30812
30813
30814
30815
30817
30818
30819
3082
30820
30827
3083
30832
30833
30834
30835
30837
3084
30844
30845
30846
30848
30849
30851
3087
309
3090
3091
3092
3093
3094
3096
30968
3097
3098
3099
31
310
3101
3104
3105
3106
3107
311
3110
3111
3112
3113
3117
3118
3119
312
3120
3122
3123
3125
3126
3127
313
3131
3133
3134
3135
3136
314
3140
3141
3142
3145
3146
3148
3149
3150
3151
3155
3156
3157
3158
3159
316
3161
3162
3163
3164
3166
3167
3169
317
3170
3171
3172
3174
3175
3176
317649
317671
3177
317701
317702
317703
317705
317749
317761
317772
317781
3178
318
3181
3182
3183
3184
3185
3187
3188
3189
319
3190
3191
319100
319101
3192
3195
3196
3198
3199
32
320
3200
3201
3202
3203
3204
3205
3206
3207
3208
3209
321
3211
3212
3213
3214
3215
3216
3217
3218
3219
322
3221
3222
3223
3224
3225
3226
3227
3228
3229
323
3231
3232
3233
3234
3235
3236
3237
3238
3239
324
3240
3241
3242
3248
3249
325
3250
3251
3257
326
3263
326343
3265
3266
326624
326625
3267
3268
3269
327
3270
3272
3273
3274
3275
3276
327657
328
3280
3281
3283
3284
329
3290
3291
3292
3293
3294
3295
3297
3298
3299
33
330
3300
3301
3304
3305
3306
3308
3309
331
3310
3311
3312
3313
3315
3316
332
3320
3323
3324
3326
3327
3329
333
3336
3337
3338
3339
333926
333929
334
3340
3344
3346
3347
335
3350
3351
3352
3354
3355
3356
3357
3358
3359
336
3360
3361
3362
3363
3364
337
3371
3373
3375
3376
337874
337876
337880
338
338094
3382
3383
338321
338322
338323
338324
338328
338339
338376
338382
338398
3384
338442
3385
338557
338567
338596
338599
3386
338662
338674
338675
338699
338707
338751
338755
338773
338785
338821
338872
338879
338917
339
339105
339122
339175
339221
339231
339302
339318
339324
339327
339344
339345
339366
339390
3394
339403
339416
339451
339488
339500
339501
339521
339559
3396
3397
339761
3398
339855
339896
3399
339906
339967
339970
339976
339983
34
3400
340024
340061
340069
340075
340152
340156
340168
340204
340205
340252
340260
340267
340273
340351
340359
340385
340419
340481
340485
340533
340543
340554
340562
340591
340595
340654
340665
340719
340784
340811
340980
340990
341
341152
341208
341276
341277
341350
341359
341392
341416
341418
341567
341568
3416
341640
341676
3417
341799
3418
3419
341947
3420
342035
3421
342132
342184
3422
3423
342357
342371
342372
3425
342538
342574
3426
342618
342667
3428
342892
3429
342900
342908
342909
342926
342931
342933
342945
342977
342979
343
3430
343066
343068
343069
343071
3431
343169
343171
343172
343173
343263
3433
3434
343406
343413
343450
343472
343521
343563
343578
343637
343641
3437
343930
344
3440
344018
344022
3441
344167
344191
3442
3443
344387
3444
344405
3445
344558
344561
3446
3447
344752
344758
344787
3448
344805
344892
3449
344901
344905
344967
345
345062
3451
3452
345274
345275
3454
345456
345462
3455
345557
3456
345611
345630
345643
345651
3458
345895
3459
345930
346
3460
346007
346157
346171
346288
346389
346517
346525
346562
346606
346673
346689
3467
347
347051
347088
347148
347168
347169
347240
347252
347292
347344
347365
347404
347468
347516
347517
347527
347541
3476
347688
347730
347732
347733
347734
347736
347741
347853
3479
347902
348
3480
348093
3481
348158
348174
348180
3482
348235
3483
348303
348327
3484
3485
3486
348654
3487
348751
3488
3489
348932
348938
348980
348995
3490
349075
3491
349149
3493
349334
3494
3495
349565
349667
3497
35
350
3500
3501
3502
3503
350383
3507
3508
351
3512
3514
3516
353
353088
353091
353149
353164
353174
353189
353238
353274
353288
353345
353355
353376
353497
353500
3537
3538
3539
354
3542
3547
3549
355
3550
3551
3552
3553
3554
3556
3557
3558
3559
356
3560
3561
3562
3563
3565
3566
3567
3568
3569
357
3570
3572
3574
3575
3576
3577
3578
3579
358
3581
3586
3587
3588
3589
359
3590
3592
3593
3594
3595
3596
3597
359710
359787
3598
359845
359948
36
360
3600
360023
360030
3601
360200
360203
360226
3603
3604
3605
3606
3607
3608
3609
361
3611
3612
3613
3614
3615
3617
3619
362
3620
3621
3622
3623
3624
3625
3626
3627
3628
363
3630
3631
3632
3633
3635
3636
3638
364
3640
3641
3642
3643
3645
3646
3651
3652
3654
3655
3656
3658
3659
366
3660
3661
3662
3663
3664
3665
3667
3669
367
3670
3672
3673
3674
3675
3676
3678
3679
368
3680
3681
3682
3683
3684
3685
3687
3688
3689
369
3690
3691
3692
3693
3694
3695
3696
3697
3698
3699
37
3700
3702
3703
3704
3705
3706
3707
3708
3709
3710
3712
3713
3714
3716
3717
3718
3720
3725
3726
3727
3728
373
3730
373156
3732
3735
373509
3736
3737
3738
373856
373861
373863
3739
3741
3742
374286
374291
3743
374308
374378
374383
374393
3744
374403
374407
374454
374462
3745
374569
3746
374654
374655
374659
374666
3747
374786
3748
374860
374868
374875
374879
374899
3749
374900
374907
374918
374920
374928
374955
375
3750
375056
3751
375133
375189
3752
375287
375298
3753
375316
375318
375337
375346
3754
375449
375484
3755
375567
375593
3756
375607
375611
375686
3757
375743
375748
375757
375775
375790
3758
3759
375940
3760
3761
3762
376267
3763
3764
376497
3765
3766
3767
3768
3769
376940
377
3770
377047
3772
3773
3775
3776
377630
377677
3777
3778
377841
3779
378
3780
3781
378108
3782
3783
3784
3785
3786
3787
378708
3788
378807
378884
378925
378948
378949
378950
378951
379
3790
3791
3792
3795
3796
3797
3798
3799
38
3800
3801
3802
3804
3805
3806
381
3810
3811
3813
3814
3815
3816
3817
3818
382
3820
3821
3822
3823
3824
3827
383
3831
3832
3833
3834
3835
3836
3837
3838
3839
384
3840
3841
3842
3843
3845
3846
3848
3849
3850
3851
3852
3853
3854
3855
3856
3857
3858
3859
3860
3861
3866
386653
386746
3868
387
387032
387103
387129
3872
387254
387332
387338
387496
3875
387509
387628
387640
387700
387712
387748
387751
387775
387778
387787
387836
387837
387893
388
3880
388077
3881
388112
3882
388228
388272
3883
388323
388324
388325
388389
3884
3885
388503
388507
388512
388523
388536
388552
388558
388559
388561
388566
388567
388569
388585
388591
3886
388610
388630
388646
388662
388677
388697
388698
3887
388743
388753
388761
388795
3888
388818
3889
388962
389
3890
389015
389058
389072
389090
3891
389114
389118
3892
389207
389208
389337
389383
389396
389421
389434
3895
389524
389541
389549
389630
389643
389677
389692
3897
3898
389812
389816
389840
389844
389856
389874
389898
3899
39
390
390010
390031
390036
390037
390038
390053
390054
390058
390059
390061
390063
390064
390066
390067
390072
390073
390075
390077
390078
390079
390081
390082
390083
390084
390093
390110
390113
390134
390142
390144
390148
390151
390152
390154
390155
390157
390162
390167
390168
390174
390181
390190
390191
390195
390197
390199
3902
390201
390212
390231
390243
390245
390259
390260
390261
390264
390265
390266
390271
390275
3903
390321
390323
390326
390327
390429
390431
390432
390433
390436
390437
390439
390441
390442
390443
390445
390502
390538
390598
3906
390637
390648
390649
390651
390667
390748
390790
390792
3908
390874
390882
390883
390892
390894
3909
390916
390927
390928
390940
390963
390980
390992
390999
391
3910
391002
391003
391004
391013
391059
3911
391107
391109
391112
391114
391121
391189
391190
391191
391192
391194
391195
391196
3912
391211
391253
3913
391356
391365
3914
391475
3915
3916
391622
391627
391634
391712
391714
391723
391742
3918
392
3921
392133
392138
392188
392197
392255
392309
392360
392376
392390
392391
392392
392399
3925
392509
392517
392617
392636
3927
392843
3929
393
3930
393046
3931
3932
3933
3934
3936
3937
3938
3939
394
3945
3948
3949
395
3952
3953
3954
3955
3956
3957
3958
3959
396
3960
3964
3965
397
3972
3973
3975
3976
3977
3978
398
3980
3981
3982
3983
3984
3985
3987
3988
399
3990
3991
3992
3993
3995
3996
399664
399687
399694
3998
399818
399823
399937
399979
40
400
4000
4001
400224
4004
4005
400569
400668
4007
400713
400720
400735
400736
400746
400797
4008
4009
400916
400961
400986
401
4010
401138
4012
401258
401262
4014
401409
401427
401447
401494
4015
401505
401509
401548
4016
401663
401665
401666
401667
4017
401720
4018
401898
401934
401940
401973
401992
401993
401994
402
402135
4023
402317
402381
4025
402569
4026
402643
402682
403
403239
403244
403253
403257
403273
403274
403277
403278
403282
403284
403313
403314
403341
4034
4035
4036
4038
4040
404037
4041
404203
404281
4043
4045
4046
404635
4047
4048
4049
405
4050
4051
4052
4053
4054
4055
4056
4057
4058
4059
406
4060
4063
4065
4066
4067
4068
406875
4069
407
4070
4071
4072
4074
4076
4077
408
408050
408186
408187
4082
4084
4085
4086
4087
4088
4089
409
4090
4091
4092
4093
4094
4097
41
410
4100
4102
4103
4105
4107
411
4110
4111
4116
4117
4118
412
4121
4122
4123
4124
4125
4126
4128
4129
4130
4131
4133
4134
4135
4137
4139
414
4140
414059
414060
414062
4141
414149
414157
414189
414194
4142
4143
414301
414328
4144
4145
4146
4147
4148
4149
414918
415
4150
4151
415116
415117
4152
4153
4154
4155
4157
4158
4159
416
4160
4161
4163
4166
4168
417
4170
4171
4172
4173
4174
4175
4176
4179
4184
4185
4188
4189
419
4190
4191
4192
4193
4194
4199
420
4200
4201
4204
4205
4208
4209
421
4210
4211
4212
4213
4214
4215
4216
4217
4218
4221
4222
4223
4224
4225
4232
4233
4234
4236
4237
4239
4240
4241
4242
4245
4246
4247
4248
4249
4250
4253
4254
4255
4256
4257
4258
4259
4261
427
4277
4281
4282
4283
4284
4285
4286
4287
4288
429
4291
4292
4293
4294
4295
4296
4297
4298
4299
43
430
4300
4301
4302
4303
4306
4308
4311
4312
4313
4314
4316
4317
431704
431705
431707
4318
4319
432
4320
4321
4322
4323
432369
4324
4325
4326
4327
4329
433
4330
4331
4332
4335
4336
4337
4338
434
4342
4343
4345
435
4350
4351
4352
4353
4354
4355
4356
4357
4358
4359
4360
4361
4363
438
43847
43849
439
440
440041
440044
440068
440073
440077
440081
440093
440097
440107
440138
440145
440153
440163
440193
440275
440279
440307
440387
440400
440434
440435
440456
440515
440519
440560
440561
440574
440689
440695
440730
440738
440786
440822
440854
440905
440915
441024
441056
441061
441161
441194
441234
441250
441282
441308
441314
441315
441317
441324
441327
441328
441332
441400
441432
441509
441531
441549
441608
441639
441669
441670
441795
441871
441873
441911
441931
441932
441933
442038
442117
442179
442184
442185
442186
442191
442194
442197
442213
442247
442319
442361
442425
442721
442868
443
4430
4435
4436
4437
4438
4439
444
4440
445
445329
445571
4477
4478
4481
4482
4485
4486
4487
4488
4489
4490
4493
4494
4495
4496
4499
4501
4502
4504
4507
4520
4521
4522
4524
4528
4534
4542
4543
4544
4547
4548
4552
4582
4583
4584
4585
4586
4588
4589
4591
4593
4594
4595
4597
4598
4599
4600
4601
4602
4603
4604
4605
4606
4607
4608
4609
4610
4613
4615
4617
4618
4619
462
4620
4621
4622
4624
4625
4626
4627
4628
4629
463
4632
4633
4634
4635
4636
4637
4638
4640
4641
4642
4643
4644
4645
4646
4647
4648
4649
4650
4651
4653
4654
4656
4659
466
4660
4661
4664
4665
4666
4668
4669
467
4670
4671
4673
4676
4677
4678
468
4680
4681
4682
4683
4686
4688
4689
4690
4691
4692
4693
4694
4695
4696
4697
4698
47
4700
4701
4702
4703
4704
4705
4706
4707
4708
4709
471
4710
4711
4712
4713
4714
4715
4716
4717
4718
4719
472
4720
4722
4723
4724
4725
4726
4728
4729
473
4731
4733
4734
4735
4736
4738
4739
474
4741
474344
474381
474382
474384
4744
4745
4747
475
4750
4751
4752
4753
4756
4758
4759
476
4760
4761
4762
4763
477
4771
4772
4773
4774
4775
4776
4778
4779
478
4780
4781
4782
4783
4784
479
4790
4791
4792
4793
4795
4796
4798
4799
48
480
4800
4801
4802
4803
4804
4807
4808
4809
481
4811
4817
482
4820
4821
4824
4825
4828
4829
483
4830
4831
4832
4833
4835
4836
4837
4838
4839
4841
4842
4843
4846
4848
4849
4850
4851
4852
4853
4854
4855
4856
4857
4858
486
4860
4861
4862
4863
4864
4867
4868
4869
487
4878
4879
488
4880
4881
4882
4883
4884
4885
4886
4887
4889
489
4891
4892
4893
4897
4898
4899
49
490
4900
4901
4902
4904
4905
4907
4908
4909
491
4913
4914
4915
4916
4917
4919
492
4920
4921
4922
4923
4924
4925
4926
4927
4928
4929
493
4931
4935
4938
493829
493856
493861
493869
4939
493901
493911
4940
494115
494143
4942
4943
494470
494551
4946
4947
4948
495
4951
4952
4953
4956
4957
496
4967
4968
4969
497190
4973
4974
4975
4976
497661
4978
498
4982
4983
4985
49854
49855
4986
49860
49861
4987
4988
4990
4991
4992
4993
4994
4995
4998
4999
50
5000
5001
5002
5003
5004
5007
5008
5009
501
5010
5013
5015
5016
5017
5018
5019
5020
5021
5023
5024
5025
5026
5027
5028
5029
5030
5031
5032
5033
5034
503582
5036
5037
503834
503835
504189
504190
504191
5042
5045
5046
5047
5048
50484
50485
50486
50487
50488
50489
5049
5050
50506
50507
50508
50509
5051
50511
50512
50515
5052
5053
5054
5055
5058
506
50604
50614
50615
50616
50617
50618
50619
5062
50626
50628
5063
50632
5064
50640
50649
50650
50651
5066
50674
5068
5069
50700
5071
50717
5073
5074
5075
5076
5077
5078
5079
5080
50801
50804
50805
50807
50808
50809
5081
50810
50814
5082
5083
50831
50832
50833
50834
50835
50836
50837
50838
50839
50840
50846
50852
50853
50855
50856
50859
50861
50862
50863
50865
5087
5089
509
5090
5091
5092
5093
50937
50939
5094
50940
50943
50944
50945
5095
5096
50964
5097
5098
5099
51
5100
51001
51002
51003
51004
51005
51008
51009
5101
51010
51011
51013
51015
51019
51020
51021
51022
51023
51024
51026
51028
51029
51032
51035
5104
51042
51043
51046
5105
51050
51052
51053
51054
51056
51058
5106
51060
51062
51065
51067
51069
51070
51071
51073
51074
51075
51076
51078
51079
5108
51081
51082
51083
51084
51085
51086
51087
51088
51091
51092
51093
51094
51095
51097
51098
51099
5110
51100
51101
51102
51103
51104
51105
51106
51107
51108
51109
5111
51110
51111
51114
51116
51118
51119
51121
51122
51123
51126
51127
51128
51129
51131
51132
51134
51135
51136
51138
51141
51143
51144
51146
51147
51149
51150
51156
51157
5116
51160
51162
51163
51164
51166
51167
51168
51170
51171
51172
51174
51175
51176
51177
51179
5118
51181
51182
51184
51185
51186
5119
51191
51192
51193
51194
51195
51196
51199
51200
51201
51202
51203
51205
51206
51207
51208
51209
5121
51218
5122
51222
51224
51225
51227
51228
51230
51231
51232
51236
51237
51239
51241
51246
51247
51248
5125
51251
51253
51255
51256
51257
51258
5126
51260
51264
51265
51266
51267
51268
5127
51270
51271
51272
51274
51276
51277
51279
5128
51280
51281
51282
51283
51284
51285
51289
5129
51291
51292
51293
51294
51295
51296
51297
51298
513
5130
51301
51302
51303
51304
51305
51306
51308
51310
51311
51312
51314
51316
51317
51318
51319
5132
51320
51321
51322
51324
51327
51329
5133
51330
51332
51333
51335
51339
5134
51340
51341
51343
51347
51348
51350
51351
51352
5136
51360
51361
51363
51364
51365
51366
51367
5137
51373
51374
51375
51377
51378
5138
51380
51382
51384
51385
51386
51388
51389
5139
51390
51393
51397
51399
514
5140
51400
51409
5141
51411
51412
5142
51421
51422
51426
51427
51428
51429
5143
51433
51434
51435
51438
5144
51440
51442
51444
51447
51449
5145
51450
51451
51454
51455
51458
5146
51460
51463
51465
51466
5147
51471
51474
51475
51477
51478
51479
5148
51480
5149
51490
51493
51495
51496
51497
51499
515
5150
51501
51503
51504
51506
51507
5151
51510
51512
51513
51514
51517
5152
51520
51523
51528
51529
5153
51530
51531
51533
51534
51538
5154
51540
51542
51545
51547
51548
5155
51550
51552
51554
51555
51557
51559
5156
51560
51561
51562
51564
51567
5157
51573
51574
5158
51582
51586
51588
5159
51592
51593
51596
516
5160
51601
51602
51603
51604
51605
51606
5161
51611
51616
51617
51619
5162
51621
51626
5163
51631
51634
51635
51637
51639
5164
51642
51643
51645
51647
51649
5165
51650
51651
51652
51654
51655
51659
5166
51660
51661
51663
51665
51666
51667
51669
5167
51673
51676
51678
5168
51684
51686
5169
51690
51691
51692
51696
51699
517
5170
51700
51701
51702
51703
51704
51706
51710
51714
51715
51719
5172
51720
51725
51726
51727
51728
51729
5173
51733
51734
51735
51738
5174
51741
51742
51744
51747
5175
51750
51752
51754
51755
5176
51760
51761
51762
51763
51764
51765
51773
51776
51778
5178
51780
5179
518
51802
51804
51805
51806
51807
51808
51809
51816
5184
5187
5188
5189
5190
5191
5192
5193
5194
5195
5196
5197
5198
52
5201
5202
5203
5204
5205
5207
5208
5209
521
5210
5211
5212
5213
5214
5216
5217
5218
522
5222
5223
5224
5225
5226
5228
5229
523
5230
5232
5236
5238
5239
5241
5243
5244
5245
525
5250
5251
5252
5253
5255
5256
5257
526
5260
5261
5264
5265
5266
5267
5268
5269
527
5270
5271
5272
5273
5274
5275
5276
5277
5279
528
5281
5283
5286
5287
5288
5289
529
5290
5291
5292
5293
5294
5295
5296
5297
5298
53
5300
5303
5304
5305
5306
5307
5308
5309
5310
5311
5313
5314
5315
5316
5317
5318
5319
5320
5321
5322
5324
5325
5326
5327
5328
5329
533
5330
5331
5332
5333
53335
53336
53339
5334
53340
53342
53343
53345
53346
53347
53349
5335
53353
53354
53358
5336
5337
53371
53373
5338
5339
534
5340
53405
53407
5341
5345
5346
5347
5348
5349
535
5350
5351
5352
5354
5355
5356
5357
5358
5359
5360
5361
53615
53616
5362
53630
53632
53637
5364
5365
5366
5367
5368
537
5370
5371
5372
5373
5375
5376
5378
5379
538
53822
53826
53827
53828
53829
5383
53831
53832
53833
53834
53836
53840
53841
53842
5387
539
53904
53905
53916
53917
53918
53919
5393
53938
5394
53940
53944
53947
5395
5396
53981
54
540
54014
54020
54033
54039
54059
5406
54065
54069
5407
5408
54084
5409
54093
54097
54101
54102
54103
54106
54107
54108
5411
54112
5413
5414
54145
54148
54165
54187
5420
54205
54206
54207
54209
54210
54212
5422
54221
5423
5424
5425
5426
5427
5428
5429
5430
5431
5432
54328
54329
5433
54331
5434
54344
54345
54346
5435
5436
54360
54361
54363
5437
5438
54386
5439
5440
54407
5441
54413
54414
5442
54429
5443
54431
54433
54434
54437
54438
54439
5444
54442
54443
5445
54453
54454
54456
54457
5446
54460
54461
54462
54464
54466
54467
54469
5447
54471
54472
54474
54476
54477
54478
54480
54482
54487
5449
54490
54492
54495
54496
54498
545
5450
54502
54503
54504
54505
54507
54509
5451
54510
54511
54512
54514
54516
54517
54518
5452
54529
5453
54531
54538
5454
54541
54542
54543
54545
54546
5455
54550
54551
54552
54555
54556
5456
54566
54567
5457
54575
54576
54577
54578
54579
5458
54581
54583
54584
54585
5459
546
5460
54600
54602
54606
54617
5462
54620
54622
54623
54625
54626
54627
54629
5463
5464
5465
54657
54658
54659
54660
54662
54663
54664
5467
54674
54675
54676
54677
5468
54680
54681
5469
547
5470
54700
54704
54707
54708
5471
54714
54715
54716
54726
54729
5473
54732
54733
54734
54737
54738
54739
54741
54749
5475
54751
54753
5476
54760
54763
54764
54765
54769
54776
54778
5478
54780
54784
5479
54790
54795
54796
54797
54798
54799
5480
54801
54802
54805
54806
54807
54808
5481
54811
54812
54814
54815
54816
54819
54820
54821
54822
54825
54826
54828
54829
54830
54831
548313
54836
54840
54843
54845
54847
54848
54849
54850
54852
54853
54856
54857
54858
54859
548593
548596
54861
54862
54863
548644
54865
54866
54868
54869
54870
54872
54874
54875
54876
54877
54878
54880
54882
54884
54885
54886
54887
54888
54890
54892
54893
54894
54896
54897
54898
54899
549
54900
54901
54902
54903
54904
54905
54908
54910
54913
54914
54918
54920
54921
54923
54925
54926
54927
54928
5493
54930
54931
54932
54933
54934
54935
54936
54937
54938
54939
5494
54940
54941
54946
54947
54948
54949
5495
54951
54952
54953
54956
5496
54960
54961
54962
54963
54968
54971
54972
54973
54974
54976
54978
54979
5498
54981
54982
54984
54986
54987
54988
54989
5499
54993
54995
54996
54997
54998
55
5500
55002
55004
55006
55008
5501
55010
55012
55014
55016
5502
55023
55031
55032
55033
55034
55035
55036
55037
55039
5504
55040
55041
55049
55051
55052
55054
55055
55062
55063
55065
55066
55068
5507
55072
55074
55075
55079
55081
55083
55084
55089
5509
55090
55093
55094
551
5510
55103
55105
55106
55107
55109
5511
55110
55111
55114
55117
55118
55120
55124
55125
55127
55128
55131
55132
55133
55135
55137
55138
55139
5514
55140
55142
55143
55145
55146
55147
55148
55149
5515
55151
55152
55153
55154
55156
55157
55159
5516
55160
55163
55164
55165
55167
55168
55170
55173
55174
55176
55177
55178
5518
55181
55182
55184
55188
5519
55190
55191
55192
55193
55198
552
5520
55200
55201
55204
55205
55206
55207
5521
55210
55211
55212
55214
55215
55217
55218
55219
5522
55223
55224
55225
55226
55229
5523
55230
55231
55233
55236
55237
55238
55239
5524
55240
55243
55244
55247
55249
5525
55250
55251
55252
55253
55256
55258
5526
55260
55268
55269
5527
55270
55272
55273
55274
55275
55276
55277
55278
55279
5528
55280
55284
55285
55288
55289
5529
55290
55291
55293
55294
55296
55297
55298
55299
553
5530
55300
55301
55303
55304
55308
5531
55311
553115
553117
55312
55313
55315
55316
55317
5532
55320
55323
55324
55325
55326
55327
55328
55329
5533
55330
55331
55333
55334
55336
5534
55340
55341
55342
55344
55345
55347
55349
5535
55350
55351
55352
55353
55355
55356
55357
55359
5536
55361
55362
55363
55364
55366
55367
5537
55370
55374
5538
55388
5539
554
5540
554045
5542
55421
55422
55423
554235
554236
554313
55432
55437
5545
55450
55454
5546
55466
5547
55471
55486
5549
5550
55500
55501
55502
55503
55504
55505
55506
55507
55509
5551
55510
55512
55515
5552
55520
55521
55526
55527
55529
5553
55530
55531
55532
55534
55539
55540
55544
5555
55552
55553
55554
55556
55558
55559
55561
55565
55567
55568
5557
55571
55572
55573
55576
55577
55578
5558
55582
55584
55585
55586
55588
55589
55591
55593
55596
55599
55601
55602
55605
55607
55609
55611
55612
55613
55614
55616
55617
55619
5562
55620
55621
55622
55623
55624
55625
55626
55627
55628
55629
5563
55630
55632
55633
55634
55635
55636
55638
5564
55640
55643
55644
55646
55647
5565
55650
55651
55652
55654
55655
55656
55657
55658
55659
5566
55660
55661
55662
55663
55665
55666
55667
55669
5567
55670
55676
55677
55679
5568
55680
55681
55683
55684
55687
55689
5569
55690
55691
55692
55693
55695
55696
55697
55699
5570
55701
55703
55704
55705
55706
5571
55711
55713
55714
55715
55717
55718
55722
55723
55726
55728
55729
5573
55733
55734
55737
55738
55739
55740
55741
55742
55743
55746
55748
55749
5575
55750
55752
55753
55754
55755
55756
55757
55758
55759
5576
55760
55762
55764
55766
55768
55769
5577
55770
55773
55775
55777
55778
5578
55781
55783
55784
55785
55786
55787
55788
55789
5579
55790
55791
55794
55796
55798
55799
558
5580
55800
55801
55802
55803
55805
55806
55808
55809
5581
55810
55811
55814
55816
55818
55819
5582
55821
55823
55824
55825
55827
55829
5583
55830
55831
55832
55835
5584
55840
55843
55844
55847
5585
55850
55851
55852
55854
55856
55857
55859
5586
55861
55862
55863
55867
55869
5587
55870
55871
55872
55879
5588
55885
55888
5589
55890
55891
55892
55893
55897
55898
5590
55900
55902
55904
55905
55906
55907
55908
55909
5591
55911
55914
55915
55917
5592
55922
55929
5593
55930
55937
5594
5595
55954
55957
55958
55959
5596
55964
55967
55968
55969
5597
55970
55971
55974
55975
5598
5599
55997
55998
5600
56000
56006
5601
5602
5603
56033
56034
5604
5605
56052
5606
56062
5607
5608
5609
56097
56098
56099
5610
56100
56101
56102
56103
56104
56105
56106
56107
56108
56109
5611
56110
56111
56112
56113
56114
5612
56121
56122
56123
56124
56125
56126
56127
56128
56129
5613
56130
56131
56132
56133
56134
56135
56136
56137
56138
56139
56140
56141
56142
56143
56144
56145
56146
56147
56155
56157
56159
5616
56160
56163
56164
56165
56169
5617
56171
56172
5618
56180
5619
5620
56203
5621
5623
5624
56241
56242
56243
56245
56246
5625
56252
56253
56254
56257
56259
5626
56261
56265
56267
56269
5627
56270
56287
56288
5629
563
5630
56300
56301
56302
5631
56339
5634
56341
56344
5635
5636
5638
5639
5641
56413
5644
5645
5646
56474
56477
56478
56479
5648
5649
5650
5651
5652
5653
5654
56547
56548
5655
5657
566
5660
56603
56605
56606
56616
5662
56623
56624
5663
5664
56647
56648
56649
56651
56652
56655
56656
56658
56659
56660
56666
56670
56672
56674
56675
56676
56681
567
5670
56704
56729
5673
56731
5675
56751
56776
5681
5682
56829
5683
56832
56833
5684
56848
5685
56850
56851
56852
56853
5686
5687
5688
56882
56884
56886
56888
5689
56891
56893
56894
56895
56896
56897
56898
56899
5690
56902
56903
56904
56906
56907
5691
56911
56912
56913
56915
56916
56917
56918
56919
5692
56920
56922
56923
56924
56925
56926
56928
5693
56931
56934
56935
56937
56938
5694
56940
56943
56945
56947
56948
56949
5695
56950
56952
56953
56954
56955
56956
56957
5696
56964
56965
5697
56970
56975
56977
56978
56979
5698
56980
56981
56983
56984
56985
56987
5699
56990
56992
56993
56994
56995
56996
56997
56998
56999
570
5700
57003
57007
5701
57010
57016
57018
57019
5702
57026
57030
57037
57038
5704
57047
57048
5705
57050
57053
57054
57055
57057
5706
57060
57062
5707
5708
57082
57084
57085
57088
57089
5709
57091
57092
57093
57094
57096
57097
57099
571
5710
57101
57103
57104
57105
57106
57107
57109
5711
57110
57111
57113
57115
57116
57117
57118
57119
57120
57121
57122
57124
57125
57127
57129
5713
57130
57132
57134
57135
57136
57139
57140
57142
57143
57144
57147
57148
5715
57151
57152
57153
57154
57157
57158
57159
5716
57161
57162
57165
57167
57168
57169
57171
57172
57175
57176
57178
57179
57180
57181
57185
57186
57187
57188
57190
57191
57192
57194
57198
572
57205
57209
57211
57215
57221
57222
5723
57231
57232
5724
5725
5726
5727
5728
57282
5729
573
5730
5731
5732
57325
57326
5733
57332
57333
57335
57336
57337
57338
5734
57343
57348
57369
5737
57379
5738
57380
57381
5739
57393
57396
573971
5740
57402
57403
57404
57405
57406
57409
5741
57410
57412
57414
57419
5742
5743
5744
57446
57447
57448
57449
5745
57451
57452
57453
57455
57459
5746
57460
57462
57464
57465
57466
57468
5747
57470
57471
57472
57473
57474
57475
57477
57478
57479
57480
57484
57486
57491
57492
57493
57494
57496
57498
575
57502
57504
57505
57506
57507
57508
57510
57512
57513
57514
57515
57519
57520
57521
57522
57523
57526
5753
57530
57531
57532
57533
57534
57535
57537
57538
5754
57540
57541
57542
57546
57547
57551
57552
57553
57555
57556
57558
57559
5756
57561
57562
57567
57568
57569
57570
57571
57572
57573
57574
57575
57576
57580
57582
57583
57584
57585
57590
57591
57592
57593
57594
57596
57597
57599
576
57600
57602
57604
57605
57606
57609
57610
57615
57616
57617
57619
57620
57621
57623
57626
57628
57630
57634
57636
5764
57643
57644
57645
57646
57647
57649
57650
57654
57657
57658
57659
57661
57662
57663
57664
57665
57669
57674
57677
57678
57679
5768
57680
57683
57684
57687
57688
57689
57690
57691
57692
57693
57695
57696
57697
57698
577
5770
57703
57704
57706
57707
57708
57709
5771
57711
57715
57716
57717
57718
57721
57727
57731
57732
57733
5774
5775
57758
57761
57763
5777
5778
57786
57787
57794
57798
57799
578
5780
57801
57804
57805
5781
57817
57818
57819
5782
57820
57822
57823
57826
57829
5783
57830
57834
57835
5784
5786
57862
57863
57864
5787
5788
5789
579
5791
5792
5793
5794
5795
5796
5797
5798
5799
58
580
5800
5801
5802
5803
5805
5806
581
5810
5813
5814
58155
58157
58158
5816
5817
5818
58189
5819
58190
58191
582
5822
5824
5825
5826
5827
5828
5829
583
5830
5831
5832
5833
5834
5836
5837
58472
58473
58476
58477
58478
58480
58483
58484
58486
58487
58488
58489
58490
58491
58492
58493
58494
58495
58496
58497
58498
58499
585
58500
58503
58504
58505
58506
58508
58509
58510
58511
58512
58513
58516
58517
58524
58525
58526
58528
58529
58531
58533
5858
5859
586
5860
5861
5862
5863
5864
5865
5866
5867
5868
5869
587
5870
5871
5872
5873
5874
5875
5876
5877
5878
5879
5880
5881
5883
5884
5885
5886
5887
5888
5889
5890
5891
5892
5893
5894
5896
5897
5898
58985
58986
5899
59
590
5900
5901
5902
5903
5905
5906
59067
5908
59082
59084
5909
5910
5911
5912
5913
5914
5915
5916
5917
5919
5920
5921
5922
5923
5924
5925
5926
59269
5927
59271
59272
59277
5928
59283
59284
59285
59286
5929
593
5930
59307
5931
5932
5933
59335
59336
59338
59339
5934
59340
59341
59342
59343
59344
59345
59348
59349
5935
59350
59352
59353
5936
5937
5939
594
5940
5942
5947
5948
594855
5949
595
5950
5954
5955
5956
5957
5959
596
5962
5965
5966
5967
5968
597
5970
5971
5972
5973
5976
5977
5978
5979
598
5980
5981
5982
5983
5984
5985
5986
5987
5988
5989
599
5990
5991
5992
5993
5994
5995
5996
5997
5998
5999
60
6000
6001
6002
6003
6004
6005
6006
6007
6009
6010
6011
6013
6014
6015
6016
6017
6018
6019
602
60312
60313
60314
60343
6035
60358
6036
6037
6038
60385
60386
6039
604
60401
6041
60412
60436
60437
6045
6046
60467
60468
6047
6048
60481
60482
60484
60485
60487
60489
6049
60490
60491
60493
60495
60496
605
6050
60506
60509
6051
60528
60529
60558
60559
60561
6059
60592
60598
60625
60626
606495
60673
60675
60676
60677
60678
60680
60681
60682
60685
607
608
6091
6092
6093
6095
6096
6097
6098
610
6100
6101
6102
6103
611
6117
6118
6119
6120
6121
6122
6123
6124
6125
6128
6129
613
6130
6132
6133
6134
6135
6136
6137
6138
6139
6141
6142
6143
6144
6146
6147
6150
6152
6154
6155
6156
6157
6158
6159
6160
6161
6164
6165
6166
6167
6168
6169
617
6170
6171
6173
6175
6176
6181
6182
6183
6184
6185
6187
6188
6189
6191
6192
619207
619279
6193
619373
6194
6195
6196
6197
6198
6199
6201
6202
6203
6204
6205
6206
6207
6208
6209
6210
6217
6218
622
6222
6223
6224
6227
6228
6229
623
6230
6231
6232
6233
6234
6235
6236
6237
6238
6239
624
6240
6241
6242
6247
6248
6249
6252
6253
6256
6257
6258
6259
6261
6262
6263
627
6271
6272
6273
6274
6275
6276
6277
6278
6279
6280
6281
6282
6283
6284
6285
6286
6288
629
6293
6294
6295
6296
6297
6299
6300
6301
63027
6303
63036
6304
6305
6307
6309
631
6310
6311
6314
6317
6318
6319
632
6320
6322
6323
6324
6326
6327
6328
6329
633
6330
6331
6332
6334
6335
6336
6337
6338
6339
634
6340
6341
6342
6343
6344
6345
6346
6347
6348
635
6351
6352
6354
6355
6356
6357
6358
6359
636
6360
6361
6362
6363
6364
6366
6367
6368
6369
637
6370
6372
6373
6374
6375
6376
638
6382
63826
63827
6383
6385
6386
6387
63874
63875
63876
6388
6389
63891
63893
63894
63895
63898
63899
639
6390
63901
63904
63906
63908
6391
63910
63915
63916
63917
6392
63922
63923
63924
63925
63926
63928
63929
63931
63933
63934
63940
63941
63943
63946
63948
63950
63951
6396
63967
63970
63971
63973
63974
63976
63977
63978
63979
6398
6399
640
6400
64005
64006
6401
6402
6403
6404
6405
6406
64061
64062
64063
64064
64066
64067
6407
64072
64077
64078
64080
64081
64083
64084
64087
64089
64090
64091
64092
64093
64094
64096
64097
64098
641
64106
64108
64111
64112
64116
64118
64121
64122
64123
64127
64129
64130
64131
64132
641339
64135
64137
641371
641372
6414
64145
64146
64147
64149
6415
64151
641515
6416
641649
64167
64168
64170
64174
64175
6418
64180
64184
6419
642
64207
64208
6421
64210
64211
64215
64216
64218
64219
6422
64220
64221
64222
64223
64225
642273
642280
6423
64236
6424
64240
64241
642446
6425
642517
6426
642612
642623
6427
6428
642819
64282
64283
64284
642843
64285
64288
6429
643
6430
6431
643181
6432
64320
64321
643224
64324
64326
64328
6433
64333
643394
6434
643414
643418
64342
64344
64359
643596
643615
643641
64374
64375
643752
64376
64377
643803
643836
643847
643853
64386
64388
643904
64393
64396
64397
64398
64399
644
6440
64400
644019
64403
64405
64407
64409
6441
64411
64412
644150
644168
64419
6442
64420
64421
64422
64423
64425
64426
64428
64429
64432
644338
64434
644353
644378
64446
6445
644524
644591
6446
644672
6447
6448
6449
644974
64499
645
6450
64506
645078
6451
645121
645142
6452
6453
645402
645414
645425
645455
6455
645558
645572
645587
6456
645651
645683
6457
645745
64577
64579
64581
64582
645832
645836
645879
645922
645974
64598
646
64600
64601
6461
6462
6464
646409
64641
646424
64645
646480
646486
64651
646625
64663
646643
646698
646754
6468
6469
646915
646960
64699
6470
64711
64714
647174
64718
6472
647219
6473
647309
6474
64744
64745
64746
64748
64750
64754
64756
64757
647589
64759
6476
64761
64762
64763
64764
64766
64768
64769
6477
64771
64772
64776
64779
6478
64780
64781
64782
64783
64784
64786
64789
64792
64794
64798
648
6480
64800
64802
64805
64806
64816
6482
6483
64834
64837
6484
64840
64841
64843
64844
64847
64848
64849
64850
64852
64853
64854
64855
64856
64857
64858
64859
64863
64864
6487
648791
64881
6489
64895
649
6490
64900
64901
64902
649137
64919
6492
64924
64926
64928
6493
6494
64943
64946
6495
64951
6496
64960
64963
64965
64968
64969
6497
64975
64976
64979
6498
64981
64983
6499
650
6500
65003
65005
65008
65010
65012
65018
6502
6503
6504
6505
65055
65056
65057
65059
6506
65061
6507
65078
6508
65080
65082
65083
6509
651
6510
65108
65109
6511
65110
6512
65121
65122
65123
65125
6513
6514
6515
6517
6518
6519
652
6520
6521
65217
6522
65220
6523
6524
65243
65249
6525
65251
65258
6526
65263
65264
65266
65267
65268
6527
6528
6529
652991
653
6530
653082
6531
653121
653129
653145
653166
653192
6532
653247
653252
653259
653268
6533
653361
653365
6534
653404
653427
653437
653440
653464
653483
653499
6535
653509
653519
653543
653544
653545
653548
653583
653598
6536
653604
653606
653619
653689
6538
653857
6539
654
6540
6541
6542
654231
654254
6543
654341
654346
654348
654466
6545
6546
6547
6548
654816
654817
6549
655
6550
6553
6554
6555
6556
6557
6558
6559
656
6560
6561
6563
6564
6565
6566
6567
6568
6569
657
6570
6571
6572
6573
6574
6575
6576
6578
6579
658
6580
6581
6582
6583
6584
6585
6586
6588
659
6590
6591
6594
65944
6595
6596
6597
65975
65977
65979
6598
65980
65981
65982
65985
65986
65988
65989
6599
65992
65997
660
66000
66002
66005
66008
6601
6602
6603
66035
66036
66037
6604
6605
6607
6608
6609
661
6610
6611
6612
6613
6614
6615
6616
6617
6618
6619
662
6620
6621
6622
6623
6624
6625
6626
6627
6628
6629
663
6631
6632
6633
6634
6635
6636
6637
6638
664
6640
6641
6642
6643
6645
6646
664618
6647
664701
6648
6649
665
6650
6651
6652
6653
6654
6655
6656
6657
6658
6659
666
6660
6662
6663
6664
6665
6666
6667
6668
667
6670
6671
6672
6674
6675
6676
6677
6678
668
6683
6687
6688
6689
669
6690
6691
6692
6693
6694
6695
6696
6697
6698
6699
670
6704
6707
6708
6709
671
6710
6711
6712
6713
6714
6715
6716
6717
6718
672
6720
6721
6722
6723
6725
6726
6727
6728
6729
673
6730
6731
6732
6733
6734
6736
6737
6738
6741
6742
6744
6748
6749
675
6750
6751
6752
6753
6754
6755
6756
6758
676
6760
6764
6767
6768
6769
677
6770
6772
6773
6774
6775
6776
6777
6778
6779
678
6780
6781
6782
6783
6785
6786
6787
6788
6789
6790
6792
6793
6794
6795
6799
680
6801
6804
6809
6810
6811
6812
6813
6814
6817
6819
682
6820
6821
6822
6827
6829
683
6830
6832
6833
6834
6835
6836
6837
6838
6839
684
6840
6843
6844
6845
6846
6847
685
6850
6853
6854
6855
6856
6857
686
6860
6861
6862
6863
6865
6866
6867
6868
6869
687
6870
6871
6872
6873
6874
6875
6876
6877
6878
6879
688
6880
6881
6882
6883
6884
6885
6886
6887
6888
689
6890
6891
6892
6894
6895
6897
6898
6899
6900
6901
6902
6903
6904
6905
6906
6907
6908
6909
6910
6911
6913
6915
6916
6917
6919
6920
6921
6923
6924
6925
6926
6927
6928
6929
6932
6934
6935
6936
6938
6939
694
6940
6941
6942
6943
6944
6945
6947
6948
6949
695
6950
696
6967
6975
6976
699
6990
6991
6992
6993
6996
6997
6998
6999
70
7001
7003
7004
7005
7006
7007
7008
701
7010
7011
7013
7014
7015
7016
7018
7019
7020
7021
7022
7023
7024
7025
7026
7027
7029
7030
7031
7032
7033
7035
7036
7037
7038
7039
7040
7041
7042
7043
7044
7045
7046
7047
7048
7049
705
7050
7051
7052
7053
7054
7056
7057
7058
7059
706
7060
7062
7064
7066
7067
7068
7069
7070
7071
7072
7073
7074
7075
7076
7077
7078
7079
708
7080
7082
7083
7084
7086
7087
7088
7089
7090
7091
7092
7093
7094
7095
7096
7097
7098
7099
71
710
7100
7101
7103
7105
7108
7109
7110
7111
7112
7113
7114
712
7122
7123
7124
7125
7126
7128
713
7130
7132
7133
7134
7135
7136
7137
7138
7139
7140
7141
7142
7145
7146
7148
715
7150
7153
7155
7156
7157
7158
7159
716
7161
7163
7164
7165
7166
7167
7168
7169
717
7170
7171
7172
7173
7174
7175
7177
7178
7179
718
7181
7182
7184
7185
7186
7187
7188
7189
719
7190
72
720
7200
7201
7203
7204
7205
721
7216
722
7220
7222
7223
7224
7225
7226
7227
723790
723961
7247
7248
7249
7251
7252
7253
7257
7258
7259
726
7262
7263
7264
7265
7266
7267
727
7270
7272
7273
7274
7275
7276
7277
727738
727800
727837
727851
727857
727897
727936
727940
728
7280
728013
728113
728116
728127
728226
728269
728276
728294
7283
728343
728361
728386
7284
728404
728410
728430
728441
728458
728464
728489
728492
7286
728635
728642
728656
728689
7287
728746
728753
7289
728927
728929
728957
729
7290
729025
729092
7291
7292
729201
729230
729238
729288
7293
729330
729368
729384
7294
729447
7295
729516
729528
7296
729648
7297
729747
729756
729759
7298
729809
729873
7299
729920
729944
729974
729991
730005
730051
730087
7301
730110
730130
730211
730249
730291
730394
7305
7306
7307
7310
7311
731220
7314
7316
7317
7318
7319
732
7320
7321
7322
7323
7324
7325
7326
7327
7328
7329
733
7332
7334
7335
7336
7337
734
7341
7342
7343
7345
7347
7348
7349
7350
7352
7353
7355
7356
7357
7358
7360
7363
7364
7365
7366
7367
7368
7369
7371
7372
7373
7374
7375
7376
7378
738
7384
7385
7386
7388
7389
7390
7391
7392
7398
7399
740
7402
7403
7404
7405
7407
7408
7409
741
7410
7411
7412
7414
7415
7416
7417
7419
7421
7422
7423
7424
7425
7428
7429
7430
7431
7432
7433
7434
7436
7439
744
7441
7442
7443
7444
7447
7448
745
7450
7453
7454
7456
7458
7462
7464
7465
7466
7468
7469
747
7471
7472
7473
7474
7475
7476
7477
7478
7479
7480
7481
7482
7483
7484
7486
7490
7494
7498
7499
750
7504
7507
7508
751071
7511
7512
7514
7515
7516
7517
7518
752
7520
7525
7528
7529
753
7531
7532
7533
7534
7535
7536
7538
7539
754
7541
7542
7543
7544
7545
7546
7547
7549
755
7551
7552
7553
7554
7555
7556
7559
7561
7562
7564
7565
7566
7567
7568
7569
757
7570
7571
7572
7574
7576
7579
758
7580
7581
7582
7584
7586
7587
7589
759
7592
7593
7594
7596
7597
760
7608
761
7617
7618
762
7620
7621
7624
7625
7626
7627
7629
763
7633
7634
7637
7638
7639
7643
7644
765
7652
766
767
7673
7675
7678
768
7681
7682
7690
7691
7692
7693
7694
7695
7697
7699
7700
7701
7702
7703
7704
7705
7706
7707
7709
771
7710
7711
7712
7716
7718
7726
7727
7728
773
7732
7733
7737
7738
7739
774
7741
7743
7745
7746
7748
775
7750
7752
7753
7755
7756
7757
776
7760
7761
7762
7763
7764
7766
7767
7768
7769
777
7770
7771
7772
7773
7775
7776
7779
778
7780
7781
7782
7783
7784
7786
7789
779
7791
7799
780
7802
7803
7804
7809
781
7812
7813
7818
782
7827
783
7832
7837
784
7840
7841
7844
7846
7849
785
7850
7851
7852
7855
7857
786
7862
7866
7867
7869
7871
7873
7874
7879
7881
7884
78986
78987
78988
78989
78990
78991
790
79000
79001
79003
79004
79005
79009
79012
79017
79022
79023
79026
79027
79029
7903
79031
79033
79035
79036
79038
79039
79041
79042
79048
7905
79050
79053
79054
79056
79057
79058
79065
79066
79068
79071
79072
79073
79074
79075
79077
79083
79084
79085
79087
79088
79090
79091
79092
79094
79095
790969
79097
79101
79102
79109
7913
79132
79133
79139
79140
79142
79143
79147
79148
79149
7915
79152
79153
79154
79155
79156
79157
79158
79159
7916
79165
79169
7917
79171
79173
79174
79175
79176
79177
79178
7918
79180
79183
79184
79188
7919
79190
79191
79192
7920
7922
79228
7923
79230
79258
79274
79290
79295
79296
793
79310
79317
7932
79324
79334
79339
79345
79346
7936
79363
79364
79365
79366
79368
79369
79370
794
79400
7941
79411
79413
79415
7942
79441
79443
79444
79447
79465
79470
79473
79482
79490
795
79501
79541
79544
79549
7957
79571
79572
79575
79576
79577
79581
79582
79586
79587
79589
79590
79594
79595
79596
79598
796
79602
79603
79608
79609
79611
79612
79618
79623
79625
79627
79631
79632
79633
79634
79642
79643
79644
79645
79646
7965
79650
79651
79654
79658
79659
79660
79661
79665
79666
79668
79670
79671
79672
79673
79674
79675
79676
79677
79679
79680
79683
79685
79689
79690
79691
79692
79693
79694
79695
79696
79697
79698
797
79701
79705
79706
79707
79709
79710
79711
79712
79713
79716
79717
79718
79720
79723
79724
79725
79726
79727
79728
79730
79731
79733
79734
79735
79736
79738
79739
79740
79744
79746
79747
7975
79750
79751
79752
79753
79754
79755
79758
79759
7976
79760
79763
79767
79772
79774
79776
79777
79778
7978
79781
79783
79784
79785
79788
79789
7979
79791
79796
79797
79799
7980
79800
79801
79802
79807
79811
79812
79813
79814
79815
79817
79818
79822
79823
79825
79828
79829
79830
79831
79833
79834
79836
79837
7984
79840
79841
79842
79843
79844
79845
79849
79852
79856
79858
79861
79862
79863
79865
79866
79868
79869
79871
79872
79873
79874
79875
79876
79877
7988
79882
79885
79887
79888
79890
79891
79892
79894
79895
79896
79897
79898
799
79901
79902
79903
79908
7991
79912
79913
79915
79918
79922
79923
79924
79925
79929
79930
79931
79932
79933
79934
79935
7994
79943
79944
79947
79948
79949
79953
79955
79956
79958
79959
79960
79961
79963
79966
79969
79971
79973
79977
79979
79980
79983
79986
79987
79990
79991
79993
800
80004
80005
80007
8001
80010
80012
80013
80017
80020
80023
80024
80025
80031
80032
80034
80036
80045
80055
80070
80086
80095
80097
80108
80110
80114
80115
80117
80119
80122
80124
80125
80128
8013
80135
80139
80142
80143
80144
80145
80146
80149
80150
80152
80153
80154
80155
80162
80168
80169
80173
80174
80179
80184
8019
80196
80198
80201
80204
80205
80206
80208
8021
80212
80216
80218
8022
80221
80222
80224
80227
80228
80230
80233
80235
80237
80243
80254
80258
80262
80263
80264
80267
8027
80270
80271
80273
80274
80279
8028
8029
80298
8030
80301
80303
80306
80308
80309
8031
80310
80312
80314
80315
80316
80317
80319
80320
80321
80324
80325
80326
80328
80329
80331
80332
80333
80335
80336
80339
8034
80341
80342
80344
80345
80347
80349
80350
80351
80352
8036
8038
80380
80381
8045
8048
8050
8061
8065
80700
80704
80705
80709
80712
80714
80724
80725
80727
8073
80737
80739
8074
80742
80745
80746
80755
80757
80759
8076
80760
80762
80764
80765
80772
80774
80776
80777
80778
8078
80781
80789
80790
808
80816
80818
80820
80821
80824
80829
80830
80831
80832
80833
80834
80835
8085
80853
80854
8086
80864
8087
8089
80895
80896
8091
8092
80975
8099
81
810
81027
81029
81030
81031
81033
81034
81035
81050
8106
81061
81099
811
8110
8111
81127
8115
81168
81169
81193
8120
81228
81248
8125
8128
81282
81285
813
81300
81309
8131
81315
81318
81327
81328
81341
8139
81392
814
8140
81406
81431
81442
81448
81458
81466
81469
81470
81472
8148
81488
81490
81491
81493
815
81501
81502
8153
81532
81537
81539
81542
81543
81544
81550
81552
81559
81562
81565
81566
81567
81570
81572
81573
81575
81576
81577
81579
816
81602
81603
81605
81607
81608
81609
8161
81611
81614
81615
81616
81618
81620
81621
81624
81627
81628
81629
81631
8165
81669
81671
81688
81689
81691
81696
81697
817
8170
81704
81706
8175
8178
81786
81788
81789
81790
81792
81793
81794
81796
81797
818
81839
81844
81846
81847
81848
81849
81850
81855
81856
81857
81858
8187
81873
81875
81876
81888
81889
8189
81890
81892
819
8190
8192
81926
81928
8193
81930
81931
81932
8195
820
8200
8202
8204
8208
821
8214
8216
8218
822
8220
8224
8225
8226
8227
8228
823
8233
8237
8239
824
8241
8242
8243
825
826
8260
8266
8269
827
8270
8273
8277
828
8284
8287
8288
8289
829
8290
8291
8292
8295
830
8301
8309
831
8310
8312
8313
8314
8315
8317
8318
832
8320
8321
8322
8323
8324
8325
83259
8326
8328
833
8330
8334
8335
8338
83394
834
8340
83401
8341
83417
8342
83439
83440
83442
83444
83445
83447
83448
8345
83451
83452
83461
83463
83464
83468
8347
83473
83475
83478
83479
8348
83480
83481
83482
83483
8349
835
83539
83540
83541
83543
83547
83548
83549
83550
83551
83552
83591
83592
83593
83594
83595
83597
836
83605
83637
83640
83657
83658
83660
83666
8369
83693
83694
83695
83697
83698
83699
837
83700
83706
83707
83714
83715
83716
8372
83729
83732
83733
83734
83737
83741
83744
83746
83752
83755
83756
83758
83759
8379
83795
838
8382
8383
83844
83851
83852
83853
83855
83856
83858
8386
83860
83862
8387
83871
83872
83873
83874
83875
83878
8388
83881
83884
83886
83887
83888
8389
83891
83892
83895
83896
83897
839
8390
83903
8391
8392
83931
83932
83933
83937
83939
8394
83940
83942
83943
8395
83959
8396
8398
83983
83985
83988
8399
83990
83992
83998
83999
840
84000
84002
8402
8403
84033
84034
8404
8405
84056
84057
84059
84060
84061
84062
84064
84067
84068
84069
8407
84073
84075
84076
84078
84079
8408
84081
84083
84084
84085
8409
841
84100
84101
84102
84105
84106
84107
84108
84109
8411
8412
84124
84126
84129
84132
84133
84134
84140
84142
84144
84146
84148
84152
84159
8416
84162
84163
84166
84168
8417
84171
84172
84174
8418
84181
84186
84188
8419
84190
84191
84193
84196
84197
842
84203
84206
84215
84216
84217
84218
84219
84221
84225
84231
84232
84233
84236
84239
8424
84240
84243
84245
84246
84248
84249
8425
84251
84253
84254
84255
84256
84258
84259
84260
84261
84263
84264
84266
84267
84268
8427
84270
84271
84273
84274
84278
8428
84282
84284
84285
84287
84288
84289
84290
84293
84295
84299
843
84301
84303
84304
84305
84307
84309
8431
84311
84314
84320
84321
84324
84327
84328
84329
8433
84330
84333
84335
84336
84337
8434
84340
8435
8436
84364
84365
8437
84376
8438
8439
844
8440
8443
84432
84433
84435
84436
84439
8444
84440
84441
84444
84445
84446
84447
84448
84449
8445
84450
84451
84455
84456
84458
8446
84460
84464
84467
8447
8448
8449
845
8450
84501
84503
84504
8451
84513
84514
84515
84519
8452
84524
84525
84527
84528
8453
84530
84532
84539
8454
84545
84547
84548
8455
84552
84557
8456
84560
84561
84569
84570
8458
8459
846
8460
84612
84614
84617
84618
84619
8462
84620
84622
84623
84626
84627
84628
84629
8463
84630
84632
84634
84636
84639
8464
84640
84641
84643
84645
84647
84649
84650
84651
84654
84656
84658
84659
84661
84662
84665
84666
84667
84668
84669
8467
84671
84675
84676
84677
84678
84679
8468
84680
84681
84684
84687
84688
84693
84694
84695
84696
84698
84699
847
8470
84700
84701
84705
84706
84708
84709
8471
84717
84720
84722
84725
84726
84727
8473
84733
84735
84747
84749
84750
84752
84759
8476
84765
84766
84767
8477
84775
84779
84787
8479
84790
84795
8480
84803
84804
84807
8481
84812
84814
84816
84817
84818
8482
84823
84836
84838
84839
8484
84842
84844
84851
84858
84861
84864
84867
84869
8487
84870
84871
84872
84873
84874
84875
84876
84878
84881
84883
84885
84888
84889
84890
84891
84892
84893
84894
84896
84897
84898
8490
84900
84904
84905
84909
8491
84911
84912
84913
84914
84916
84919
8492
84920
84922
84924
84929
8493
84930
84932
84934
84936
84937
84938
84939
84940
84944
84945
84947
84948
8495
84951
84952
84953
84954
84958
84959
84962
84964
84967
84969
8497
84970
84971
84976
84978
8498
84986
84988
8499
84991
8500
85004
85007
8501
85013
85015
8502
85021
8503
8504
8505
8506
8507
8508
8509
8510
8513
8514
8515
8516
8517
8518
8519
8520
8521
8522
85235
85236
8525
8526
8527
8528
8529
85293
8530
85300
85301
85302
8531
85313
85315
8532
85320
85329
8533
8534
85349
8535
85358
8536
85360
85363
85364
85365
85366
85369
85377
85378
8538
8539
85397
8540
85403
85407
85409
8541
85413
85416
85417
8542
8543
85437
85438
85439
8544
85440
85441
85442
85443
85446
8545
85450
85451
85453
85455
85456
85458
8546
85460
85463
85464
85465
8547
85474
85476
85477
8548
85480
85481
8549
8550
85508
8553
8554
8555
8556
85569
8557
8558
8559
856
8560
8562
8563
8564
8565
8566
8567
8569
857
8570
8572
8573
8574
8575
8576
8578
858
85865
859
8590
86
860
8600
8601
8602
8604
8605
8607
8608
8609
861
8611
8612
8613
8614
8615
8618
862
8620
8621
8622
8623
8624
8625
8626
8629
863
8630
8631
8632
8633
8634
8635
8636
8637
8638
8639
864
8641
8642
8643
8644
8645
8646
8647
8648
8649
865
8650
8651
8653
8654
8655
8658
8659
866
8660
8661
8662
8663
8664
8665
8666
8667
8668
8669
867
8671
8672
8673
8675
8676
8677
8678
868
8682
8683
8685
8687
8688
8689
869
8690
8692
8693
8694
8697
8698
87
8701
8702
8703
8704
8705
8706
8707
8708
871
8710
8711
8714
8715
8717
87178
8718
8720
8721
8722
8723
8724
8725
8726
8727
8728
8729
873
8731
8732
8733
8735
8736
8737
8738
8739
874
8740
8741
8742
8743
8744
8745
8747
8748
8749
875
8751
8754
8756
8760
8761
8763
8764
8766
8767
8771
8772
8773
8774
8775
8776
87769
8777
8780
8781
8784
8785
8786
8787
8788
8789
8790
8792
8793
8794
8795
8796
8797
8798
8799
88
8800
8801
8802
8803
8804
8805
8807
8808
8809
881
8811
8812
8813
8814
8815
8817
8818
8819
8820
8821
8822
8823
8824
8825
8826
8828
8829
883
8831
8832
8833
8834
8835
8836
8837
8838
8839
8840
8841
8842
8843
8844
8846
8848
885
8850
8851
8852
8853
8854
8856
8857
8858
8859
886
8861
8862
8863
8864
8867
8869
887
8870
8871
8874
8875
8876
8877
8878
8879
8880
8881
8882
8883
8884
8886
8887
8888
889
8890
8891
8892
8893
8894
8895
8896
8897
8898
8899
89
890
8900
8904
8905
8906
8907
8908
8909
891
8910
8911
8912
89122
8913
8914
8915
8916
892
8924
8925
8926
8927
8928
8929
8930
8932
8934
8935
8936
8938
8939
894
8940
8941
8942
8943
8945
896
8968
8969
8970
8971
8972
8973
8974
8975
8976
89766
89777
89778
89780
89781
89782
89792
89795
89796
89797
898
89801
89822
89832
89839
89845
89846
8985
8986
89869
8987
89870
89872
89876
89884
89886
89887
8989
89890
89894
899
8991
89910
8992
8993
89932
8994
89941
89944
8995
89953
8996
8997
89970
89978
8999
9
90
900
9001
90019
9002
90025
90070
90075
90102
90120
90121
9013
90134
9014
90141
9015
90161
90167
9019
90199
902
9020
90203
90204
9021
9022
90226
9023
90233
9024
9025
9026
90268
9027
9028
90288
90293
9031
90316
90317
90321
90326
9033
90332
90333
90338
9034
90353
90355
9037
9038
90381
9039
90390
904
9040
90410
90411
90417
90423
90427
9043
9044
90441
9045
90459
9046
9047
9048
90480
90485
9049
905
90507
9051
9052
9053
9054
9055
90550
9056
9057
90576
9058
90589
90592
90594
9060
9061
90627
9063
90637
9064
90649
90655
9066
90665
90678
9068
9069
9070
90701
9071
9073
9074
9075
9076
9077
90780
9079
908
9080
90809
90826
90827
90850
9086
90865
9087
90874
9088
909
9091
9092
9093
90933
9094
9095
90956
90957
9096
9097
9098
90987
9099
90990
90993
91
910
9100
9101
91010
91012
9103
91039
9104
91056
9107
91074
9108
911
9110
91107
9111
9112
91120
9113
91133
91137
9114
91147
91151
91179
9118
9119
912
9120
9121
9122
91227
9123
9124
9125
91252
9126
9127
9128
91283
9129
913
9130
91300
9131
91319
9132
9133
9134
9135
91351
91355
9136
91369
91373
9138
9139
91392
914
9140
91404
9141
91419
9142
9143
91442
91445
91452
9146
91461
91464
9148
9149
915
9150
9152
91523
91526
9153
9154
91543
9156
91574
9158
91582
91584
9159
916
91603
91607
91608
91612
91614
9162
91624
91646
91647
91653
9166
91661
91662
91664
9167
9168
9169
91694
917
9170
91703
9172
9173
91734
91746
91748
91749
9175
91752
91754
91768
9177
91782
9179
9180
91801
91807
9181
9182
9183
9184
9185
91860
91869
9187
91875
9188
9189
91893
919
9191
9194
91942
91949
9196
91966
9197
91975
91977
91978
92
920
9200
92002
9201
92017
9202
9203
9204
9205
9208
92086
9209
921
9210
92105
92106
9211
9212
92126
9213
92140
9215
92154
9217
92170
9218
9219
922
9220
9221
92211
9223
92235
92241
92259
9227
92270
9228
92283
92285
9229
92291
92292
92293
923
9230
92304
92305
9231
92312
9232
92335
92342
92344
92345
9235
92359
92369
92370
9238
924
9240
92400
9241
9242
9244
9245
9246
9247
9248
92482
92483
9249
925
9252
9253
9254
9255
92552
92558
9256
92579
92591
92595
92597
926
9260
92609
9261
92610
9262
9263
9265
9266
92667
9267
92675
9270
9271
92737
92745
92747
9275
9276
9277
9278
92797
928
92806
92815
9282
92822
9283
92856
9287
9288
9289
929
9290
92906
92912
9293
92935
9294
92949
9295
9296
92960
92979
92999
93
930
93010
93034
93035
93082
9310
93100
93107
9311
9312
93129
9313
93134
9314
9315
93166
9317
9318
93183
93185
9319
932
9320
9321
93210
9322
9324
9325
9326
9328
9329
933
9330
9331
9332
93323
9333
9334
93343
93349
9337
9338
93380
9340
93408
9341
9342
9343
9344
93474
9348
9349
93492
9350
9351
93517
9352
9353
9354
9355
93550
9356
93587
93589
93594
9360
9361
93611
9362
93621
93624
93627
9363
9364
93643
93649
9365
93650
93661
93663
93664
9367
9368
9369
9370
9371
9372
9373
9374
9376
9377
9378
9379
9380
9381
9382
9388
9389
939
9390
9392
9394
9397
93973
93974
93978
93979
9398
93986
9399
94
940
9400
94005
94009
9401
94015
9402
94025
9403
94030
94031
94032
94033
94039
9404
94059
9406
9407
94081
94086
9409
94097
941
9410
94103
94104
9411
9412
94120
94121
94122
9413
94134
9414
9415
9416
94160
9419
942
9420
9421
9422
9423
94233
94234
94235
94239
9424
94241
9425
9427
94274
9429
943
9435
9436
9437
9439
944
9440
9441
9442
9443
9444
9445
9446
9447
9448
945
9451
9452
9453
9454
9455
9456
9457
9459
9462
9463
9464
9465
9466
9467
9468
9469
947
9470
9472
9474
9475
9476
9477
9478
9479
948
9480
9482
9486
9487
9488
9489
949
9491
9493
9495
9496
9497
9498
9499
95
950
9500
9501
9506
9507
9508
9509
951
9510
9512
9513
9514
9515
9516
9517
9518
9519
952
9520
9521
9522
9524
9525
9527
9528
9529
953
9530
9531
9532
9533
9534
9535
9536
954
9540
9541
9542
9545
9546
9547
955
9550
9551
9552
9553
9554
9555
9556
9557
9559
956
9560
9562
9563
9564
9567
9568
95681
9569
957
9570
9572
9573
9575
9577
9578
958
9580
9581
9582
9583
9584
9585
9586
9587
9588
959
9590
9595
960
9600
9601
9603
9604
9605
9607
9609
961
9610
9611
9612
9615
9616
9617
9618
9619
962
9620
9622
9625
9626
9627
9628
9629
963
9630
9631
9632
9633
9635
9636
9637
9638
9639
9640
9641
9643
9644
9645
96459
9646
9647
9648
9649
965
9651
9652
9653
9654
9655
9656
9657
9658
9659
966
9662
96626
9663
9665
9666
9667
9668
9669
9670
9672
9675
96764
9677
9678
9679
9682
9683
9685
9688
969
9690
9693
9695
9696
9697
9698
9699
97
970
9700
9701
9702
9704
9705
9706
9708
9709
971
9711
9712
9716
9717
9718
9719
972
9722
9723
9725
9726
9727
9729
973
9730
9732
9733
9734
9735
9736
9737
9738
9739
974
9743
9744
9745
9746
9748
9749
975
9751
9752
9753
9754
9755
9757
9758
9759
976
9760
9761
9765
9766
9767
9768
977
9770
9771
9774
9775
9776
9778
9779
978
9780
9781
9782
9783
9784
9785
9787
9788
9789
9790
9791
9792
9793
9794
9797
9798
98
9801
9802
9804
9805
9806
9807
9810
9811
9812
9813
9814
9815
9817
9818
9819
9820
9821
9824
9825
9826
9828
9829
983
9830
9831
9832
9833
9836
9839
984
9841
9842
9843
9844
9846
9847
9849
9854
9855
9856
9858
9859
9861
9862
9863
9865
9866
9867
9868
9869
987
9870
9871
9873
9874
9875
9877
9878
9879
988
9880
9881
9882
9885
9886
9887
9889
989
9890
9891
9892
9894
9895
9896
9898
9899
990
9900
9901
9902
9903
9904
9905
9907
9908
9909
991
9910
9911
9912
9913
9914
9915
9917
9918
9921
9922
9923
9924
9925
9926
9927
9928
9929
993
9931
9933
9934
9935
9936
9937
9938
9939
994
9940
9941
9942
9943
9945
9946
9947
9948
9949
995
9950
9951
9953
9955
9956
9957
9958
996
9960
9961
9962
9963
9965
9966
9967
9968
9969
997
9970
9971
9972
9973
9975
9976
9978
998
9980
9982
9984
9986
9987
9988
9989
999
9990
9991
9992
9993
9994
9997
