1	11869	14363	100287596,100287102
1	14363	14412	100287596,653635,100287102,100287171
1	14412	29554	653635,100287171
1	29554	29806	100422919,100422831,653635,100422834,100302278,100287171
1	29806	31109	100422919,100422831,100422834,100302278
1	34554	36081	645520,641702,654835
1	69091	70008	79501
1	131025	134836	402483
1	134901	139379	101929819,100996768,728728
1	141474	173862	101928670
1	317720	367640	101929822,101928706,101929823
1	367640	368634	81399,101929822,101928706,101929823,729759,26683
1	368634	453948	101929822,101928706,26683
1	562757	564390	101928626
1	566454	567996	102465432,101926970
1	569756	570302	101929612
1	621059	622053	26683,729759,81399
1	677193	685396	101928379
1	700237	714006	101929540,100288069
1	714150	745440	100287934,101930657
1	752751	755214	400728
1	761586	762902	79854,101927535
1	762988	794826	643837
1	803451	812283	284593
1	846815	850328	284600
1	860260	879584	148398
1	879584	879955	26155,148398
1	879955	894689	26155
1	895967	901095	339451
1	901877	910579	84069
1	910579	911245	84069,84808
1	911245	917497	84808
1	934342	935552	57801
1	948803	949920	9636
1	955503	991496	375790
1	995114	1004735	100288175
1	1006346	1009687	401934
1	1017198	1051741	54991
1	1072397	1079436	254099
1	1102484	1102578	406984
1	1103243	1103332	406983
1	1104385	1104467	554210
1	1108436	1109264	100506376
1	1109264	1114935	100506376,254173
1	1114935	1133315	254173
1	1138888	1142071	8784
1	1146706	1149518	7293
1	1152288	1167411	51150
1	1167629	1170421	126792
1	1177826	1182102	388581
1	1189289	1209265	118424
1	1215816	1227409	6339
1	1227756	1243947	116983
1	1243947	1244989	126789,116983
1	1244989	1246965	126789
1	1246965	1247057	126789,102465435,54973
1	1247057	1260071	102465435,54973
1	1260136	1264277	80772
1	1266694	1270656	83756
1	1270656	1270686	1855,83756
1	1270686	1284730	1855
1	1288069	1297157	54587
1	1309110	1310875	54998
1	1321091	1334708	81669
1	1337288	1342693	55052
1	1353800	1357149	441869
1	1361508	1363167	643965
1	1370241	1378262	64856
1	1385069	1405538	219293
1	1407143	1433228	83858
1	1447531	1470067	83858,55210
1	1470554	1475833	339453
1	1477053	1510249	29101
1	1533392	1535476	643988
1	1550795	1565990	142678
1	1567474	1570603	8510
1	1570603	1570639	8510,984,728642
1	1570639	1590473	728642,984
1	1592939	1624167	728661
1	1634169	1655766	728642,984
1	1656277	1677431	9906,728661
1	1682671	1711896	65220
1	1716729	1822495	2782
1	1846266	1848735	163688
1	1849029	1850712	339456
1	1853396	1935276	85452
1	1950780	1962192	2563
1	1981909	2115903	5590
1	2115903	2116834	199990,5590
1	2116834	2144159	199990
1	2160134	2241558	6497
1	2252692	2281853	79906
1	2281853	2284259	79906,100129534
1	2284259	2323146	100129534
1	2323267	2336236	11079
1	2336236	2336883	5192,11079
1	2336883	2345236	5192
1	2357419	2436969	9651
1	2439972	2458039	55229
1	2460184	2461684	388585
1	2481359	2487078	100133445
1	2487078	2488470	8764,100133445
1	2488470	2496821	8764
1	2512999	2515972	100996583
1	2517930	2522078	127281
1	2522078	2522908	127281,79258
1	2522908	2564481	79258
1	2567415	2718286	100287898
1	2938046	2939465	140625
1	2976179	2985001	440556
1	2985732	3355185	63976
1	3370990	3397677	27237
1	3406484	3477259	1953
1	3477259	3477354	693135,1953
1	3477354	3528059	693135
1	3541566	3546691	127262
1	3547331	3569084	49856
1	3569084	3569325	7161,49856
1	3569325	3652548	7161
1	3652548	3652765	7161,57212
1	3652765	3663900	57212
1	3668962	3688209	148870
1	3689352	3692546	388588
1	3696784	3713068	57470
1	3728645	3773778	9731
1	3773845	3801993	1677
1	3805689	3816857	339448
1	3816936	3833789	100133612
1	4000673	4015322	728716
1	4472111	4484747	284661
1	4714792	4852594	55966
1	5624131	5624203	100616489
1	5922732	5922801	100616421
1	5922871	6051526	261734
1	6051526	6052533	261734,8514
1	6052533	6161253	8514
1	6161853	6240183	26038,101928723
1	6241329	6265535	6146
1	6265535	6269449	6146,388591
1	6269449	6281253	388591
1	6281253	6281359	23463,388591
1	6281359	6296032	23463
1	6296300	6299504	148645
1	6304252	6305638	390992
1	6307406	6321035	387509
1	6324329	6454451	11332
1	6472478	6484730	54626
1	6484848	6489894	83715
1	6489894	6489956	100422975,83715
1	6489956	6521211	100422975
1	6521211	6521430	100422975,8718
1	6521430	6526152	8718
1	6526152	6526255	57449,8718
1	6526255	6580121	57449
1	6581407	6614595	79707
1	6615241	6639817	80835
1	6640061	6649340	3104
1	6650784	6673745	9903
1	6673745	6674667	148479,9903
1	6674667	6684093	148479
1	6684926	6694228	90326
1	6694228	6695646	90326,55735
1	6695646	6761984	55735
1	6784697	6790072	100505887
1	6845384	7829766	23261
1	7831329	7841492	9341
1	7844380	7903143	8863
1	7903143	7905237	8863,10911
1	7905237	7913572	10911
1	7979907	8000926	3604
1	8014351	8045565	11315
1	8064464	8086368	54206
1	8377886	8404227	50651
1	8412457	8877702	473
1	8921061	8938894	2023
1	8938894	8939308	100505975,2023
1	8939308	8939953	100505975
1	9005926	9035151	765
1	9063359	9086404	155184
1	9095166	9148537	6518
1	9160364	9189229	80045
1	9211727	9211836	407040
1	9294834	9331396	9563
1	9352939	9429591	80176
1	9599541	9645237	84275
1	9648932	9674935	199953
1	9711790	9732484	5293
1	9732484	9747613	5293,101929074
1	9747613	9789084	101929074
1	9789084	9789172	101929074,22883
1	9789172	9884584	22883
1	9908334	9970394	56998
1	9982173	10003465	84328
1	10003486	10027439	64802
1	10027439	10027516	64802,100847055
1	10027516	10045559	100847055
1	10057264	10076078	116362
1	10092890	10241297	10277
1	10270863	10287776	23095
1	10287776	10287861	100422970,23095
1	10287861	10441661	100422970
1	10458649	10480201	5226
1	10490159	10509776	100526739,378708,100526739
1	10509776	10511959	1325,100526739,378708,100526739
1	10511959	10512210	100526739,1325
1	10516579	10532345	1676
1	10532345	10532583	1676,5195
1	10532583	10690815	5195
1	10696661	10856707	54897
1	11006528	11042094	148345
1	11072414	11085796	23435
1	11086580	11107290	10747
1	11114641	11120081	6723
1	11126675	11159732	5394
1	11159732	11159938	101929136,5394
1	11159938	11162157	101929136
1	11166592	11203955	2475
1	11203955	11209594	100873935,2475
1	11209594	11249398	100873935
1	11249398	11256038	100873935,10218
1	11256038	11322564	10218
1	11333263	11356106	29914
1	11539223	11597641	57540
1	11669588	11673412	101929181
1	11708424	11714432	26232
1	11714432	11715842	93611,26232
1	11715842	11723384	93611
1	11724181	11734411	26270
1	11734537	11751707	10459
1	11751786	11785914	374946
1	11796141	11814859	57085
1	11845780	11866207	4524
1	11866207	11866977	1185,4524
1	11866977	11901074	1185
1	11901074	11903201	1185,100379251
1	11903201	11905766	100379251
1	11905766	11908136	100379251,4878
1	11908136	11908402	4878
1	11917521	11918988	4879
1	11968209	11968328	26829
1	11979648	11986485	90231,101930060
1	11994262	12035595	5351
1	12040238	12073571	9927
1	12079523	12092102	60672
1	12123434	12204264	943
1	12227060	12251770	7133
1	12251770	12251830	7133,100616438
1	12251830	12269285	100616438
1	12290124	12567300	55187
1	12567300	12567451	55187,677882,677885
1	12567451	12572099	677882
1	12627939	12677737	9249
1	12704566	12727097	343066
1	12776118	12788726	126767
1	12806163	12823847	93190
1	12834984	12838049	390999
1	12851546	12856777	65121
1	12884468	12891264	440560
1	12907261	12908578	343069,440563,101060301,649330
1	12916941	12921764	65122
1	12939045	12946025	400735
1	12952727	12958101	343071
1	12976450	12980569	441871
1	12998181	13035543	101929983,441873,343068,440561,729368,645359
1	13035543	13038381	101929983,441873,343068,729368,653606,440561,645359
1	13038381	13117751	101929983,441873,343068,440561,653606
1	13216356	13219581	645359
1	13328196	13331692	401940
1	13359819	13369057	441873,343068,645359
1	13386646	13390765	391002
1	13421176	13428191	101929983,441873,343070,653619,645359
1	13447414	13452656	400736
1	13474689	13477522	391003
1	13495254	13498260	654348
1	13516066	13526943	391001,645425
1	13607431	13611550	729516
1	13641973	13648988	101929983,441873,343070,653619,645359
1	13694889	13698405	645414,391003
1	13716092	13719089	391004
1	13736907	13747803	391001,645425
1	13801445	13840543	126755
1	13909960	13944452	10630
1	14026693	14151574	7799
1	14925200	15442448	23254
1	15442448	15444539	200197,23254
1	15444539	15478960	200197
1	15479028	15490840	55092
1	15490840	15497813	727684,55092
1	15497813	15546976	727684
1	15573768	15653176	114827
1	15653176	15670372	114827,101927417
1	15670372	15726779	101927417
1	15736391	15756839	79180
1	15764935	15775737	11330
1	15783223	15792404	63036
1	15792404	15798586	63036,51032
1	15798586	15817327	51032
1	15817327	15817895	842,51032
1	15817895	15853029	842
1	15853308	15898848	23341
1	15898848	15911605	79814,23341
1	15911605	15918874	79814
1	15943995	15986364	6248,84301
1	15986364	15988217	6248,84301,84301
1	15988217	15995539	6248,84301
1	16010827	16061264	23207
1	16062900	16067891	284723
1	16068917	16074477	388595
1	16083102	16113089	54751
1	16160560	16174359	729614
1	16174359	16174642	23013,729614
1	16174642	16266955	23013
1	16268364	16302627	7709
1	16330731	16335302	149563
1	16340523	16345370	27129
1	16345370	16346089	27129,1187
1	16346089	16360545	1187
1	16370272	16383803	1188
1	16384264	16400127	348487
1	16450832	16481706	1969
1	16481706	16482582	101927479,1969
1	16482582	16483824	101927479
1	16524349	16539104	128272
1	16542404	16554522	101927507
1	16558195	16563657	79363
1	16573334	16678949	54455
1	16679070	16713612	26099
1	16713612	16724640	374955,26099
1	16724640	16763919	374955
1	16767167	16786573	55707
1	16793931	16825752	114819
1	16840617	16840780	26870,26866,26869,26871,26865,6060,26863
1	16865561	16866070	100133301
1	16888814	16940057	55672,284565,200030
1	16944751	16971178	84809
1	16972069	16976914	101930052
1	16993280	16993443	26870,26866,26869,26871,26865,6060,26863
1	16999498	17000007	729574,101060384,729587
1	17013834	17046652	284729
1	17060447	17060956	729574,101060384,729587
1	17066768	17067011	9696
1	17067011	17067174	26871,26870,6060,26863,9696,26866,26869,26865
1	17067174	17185444	26863
1	17185444	17185516	100500876,26863
1	17185516	17197440	100500876
1	17197440	17200587	100500876,100132147,440570,101927806
1	17200587	17222475	100132147,440570,101927806
1	17222475	17222638	26870,6060,26863,100132147,26866,440570,26869,101927806,26871,26865
1	17222638	17299474	26871,26870,6060,26863,26866,26869,26865
1	17300997	17307330	4237
1	17312453	17338423	23400
1	17345217	17380665	6390
1	17393256	17445948	11240
1	17516278	17524112	400743
1	17531621	17572500	29943
1	17575593	17604384	51702
1	17604384	17604470	51702,100616188
1	17604470	17610728	100616188
1	17634690	17690499	23569
1	17733256	17766220	55920
1	17866330	18024369	55160
1	18081808	18153558	81569
1	18392151	18400906	101927876
1	18434240	18704977	84966
1	18807424	18812478	127707
1	18957500	19075360	5081
1	19166093	19186176	80834
1	19197926	19209696	8659
1	19209696	19209769	8659,100616120
1	19209769	19223565	100616120
1	19223565	19223642	100616120,100302276
1	19223642	19229275	100302276
1	19230775	19283180	126917
1	19401000	19536770	23352
1	19536995	19542158	101927895
1	19542158	19567198	23065,101927895
1	19567198	19578033	23065
1	19578033	19578046	23065,51154
1	19578046	19586622	51154
1	19609052	19615744	22977
1	19630459	19638640	8574
1	19638820	19655794	54896
1	19665267	19812066	832
1	19923473	19923477	100532736,4681
1	19923477	19934608	4681,100532736,440574
1	19934608	19935062	644068,440574,440574
1	19935062	19956314	644068,440574
1	19956314	19967048	440574
1	19967048	19984549	100532736,440574,4681
1	19984549	19984945	100532736,4681
1	19991780	20006055	3362
1	20008706	20126438	255104
1	20140523	20141771	54546
1	20209006	20239438	23252
1	20246502	20250110	30814
1	20301925	20306932	5320
1	20354672	20417683	5322
1	20438432	20446050	26279
1	20465819	20476879	64600
1	20487746	20503917	391013
1	20510735	20512578	101928017
1	20512578	20512979	101928017,127733
1	20512979	20522541	127733
1	20617412	20681387	127731
1	20687072	20757727	339505
1	20808884	20812713	55450
1	20825943	20834654	79594
1	20878932	20881512	163933
1	20915441	20945401	978
1	20959948	20969150	65018
1	20969150	20978004	65018,100861548
1	20978004	20978270	100861548
1	20978270	20978686	1650,100861548
1	20978686	20988000	1650
1	20990507	21044510	57576
1	21046225	21059330	400745
1	21069154	21113816	50809
1	21132963	21314807	8672
1	21314807	21314925	100302155,8672
1	21314925	21503377	100302155
1	21543740	21619783	1889
1	21619783	21626267	100506801,1889
1	21626267	21671997	100506801
1	21766621	21811498	84224
1	21835858	21904905	249
1	21922708	21995801	5909
1	22004791	22110099	84196
1	22138758	22148738	401944
1	22148738	22151714	401944,3339
1	22151714	22263790	3339
1	22303514	22325135	23436
1	22328149	22339032	10136
1	22350487	22351461	101928043
1	22351681	22357716	29092
1	22379120	22419437	998
1	22443798	22470462	54361
1	22592732	22592793	100616433
1	22778344	22857650	9923
1	22890057	22930087	2046
1	22962999	22966101	712
1	22970123	22974603	714
1	22979255	22988031	713
1	23037332	23046010	2048
1	23046010	23046091	2048,100616391
1	23046091	23189652	100616391
1	23189652	23189719	100422914,100616391
1	23189719	23241818	100422914
1	23279536	23291831	646262
1	23337327	23342343	729059
1	23345941	23370798	23028
1	23370798	23370865	23028,100422866
1	23370865	23384351	100422866
1	23384351	23384427	100422866,100616177
1	23384427	23410182	100616177
1	23410516	23504301	7798
1	23516993	23521222	3352
1	23630264	23670829	10236
1	23685941	23695490	80818
1	23695490	23695935	80818,148898
1	23695935	23698332	148898
1	23707554	23751233	6920
1	23755056	23811061	55616
1	23832922	23857712	1870
1	23884409	23886285	3399
1	24018269	24022915	6135
1	24069645	24086872	6924
1	24086872	24088549	6924,100506963
1	24088549	24104777	100506963
1	24104895	24114722	57095
1	24117460	24122029	11313
1	24122089	24127271	2582
1	24128375	24165110	3155
1	24171567	24194784	2517
1	24197016	24255560	1269
1	24255560	24255637	1269,100616492
1	24255637	24285549	100616492
1	24285599	24289952	55629
1	24291294	24307417	100996657,10772
1	24382525	24438665	127294
1	24446261	24469611	58985
1	24480647	24514449	163702
1	24526730	24538183	284632
1	24645812	24683489	57822
1	24683489	24690972	90529,57822
1	24690972	24742284	90529
1	24742284	24743424	90529,57185
1	24743424	24799466	57185
1	24829387	24865292	11123
1	24865292	24867530	11123,100506985
1	24867530	24882515	100506985
1	24882602	24935819	400746
1	24958207	24999758	10250
1	25071848	25170815	25932
1	25226002	25291612	864
1	25349994	25350077	100616365
1	25549170	25558993	25949
1	25568728	25598884	101928189,57035
1	25598884	25656936	101928189,6007,57035
1	25656936	25664408	6007
1	25664408	25664704	23585,6007
1	25664704	25688740	23585
1	25688740	25688852	6006,23585,6007
1	25688852	25756683	6006,6007
1	25757388	25826700	55219
1	25870071	25895377	26119
1	25943959	26112698	57134
1	26126667	26144713	57190
1	26145131	26158414	56181
1	26158414	26159432	56181,79000
1	26159432	26185903	79000
1	26187701	26197744	164091
1	26210672	26232853	3925
1	26232853	26232945	100500808,3925
1	26232945	26233482	100500808
1	26286258	26324648	5051
1	26346375	26362955	2134
1	26363743	26372624	7780
1	26377795	26394927	84676
1	26437664	26452034	149420
1	26485511	26489119	79927
1	26496362	26498551	51042
1	26503894	26516377	10256
1	26517052	26529459	378807
1	26536232	26556331	101928303
1	26560691	26605299	64793
1	26605667	26607819	83442
1	26607819	26608007	91544,83442
1	26608007	26644448	91544
1	26644448	26644854	1043,91544
1	26644854	26647014	1043
1	26648350	26680621	55057
1	26688125	26701013	257101
1	26737269	26756213	79727
1	26758773	26797785	79947
1	26798941	26802463	3151
1	26845845	26846741	100128023
1	26856252	26881033	6195
1	26881033	26881084	100302190,6195
1	26881084	26901521	100302190
1	27022524	27108595	8289
1	27113963	27124889	55650
1	27153201	27184093	84243
1	27189633	27190947	2810
1	27202624	27216788	54707
1	27216979	27226729	63906
1	27226729	27226957	63906,10726
1	27226957	27237980	10726
1	27237980	27240457	10726,8431
1	27240457	27273353	8431
1	27276053	27286897	126695
1	27320198	27327389	388610
1	27331511	27339327	115572
1	27425306	27493472	6548
1	27561007	27635110	23038
1	27648651	27651710	84065
1	27651710	27651816	84065,100887744
1	27651816	27662891	100887744
1	27668513	27680421	84958
1	27681675	27693383	9064
1	27695603	27701315	8547
1	27705666	27709870	388611
1	27719148	27722318	2827
1	27730730	27816669	10163
1	27860546	27930942	27245
1	27938575	27961788	2268
1	27992572	27998729	2537
1	28052490	28089633	199870
1	28099694	28150963	23673
1	28157289	28160912	5511
1	28160912	28161077	5511,677774
1	28161077	28178187	677774
1	28199055	28213196	9473
1	28218035	28241257	6118
1	28261504	28285668	27293
1	28285973	28294607	55113
1	28296855	28415207	2140
1	28473677	28520447	5724
1	28525967	28559536	22826
1	28562620	28573417	93974
1	28586038	28609002	83667
1	28655513	28662476	54797,100996782
1	28696114	28826881	65979
1	28832455	28832492	1104
1	28832492	28835071	1104,6080,8420
1	28835071	28835274	1104,6080,26768,6081,8420
1	28835274	28837404	1104,6080,26768
1	28837404	28865812	6080
1	28879597	28905050	54952
1	28905050	28905051	677838,692073,54952,677825,85028
1	28905051	28905261	677838,692073,677825,85028
1	28905261	28905334	85028,692212,692073,677838,677825
1	28905334	28909495	677838,692212,692073,677825
1	28915835	28918712	6883
1	28918712	28921955	6883,115273
1	28921955	28969597	115273
1	28975112	28975245	26824
1	28995244	29045865	10691
1	29063133	29096287	51441
1	29138654	29190208	4985
1	29213603	29445940	2035
1	29445940	29446553	399474,2035
1	29446553	29450447	399474
1	29474255	29508499	6429
1	29519385	29557454	51102
1	29563028	29653325	10076
1	29656132	29676626	101928460
1	30486799	30510459	101929406
1	31184124	31191351	4146
1	31191351	31196434	4146,100129196
1	31196434	31199674	100129196
1	31205316	31212003	7805
1	31212003	31212079	100616164,7805
1	31212079	31230667	100616164
1	31331005	31333101	400748
1	31342314	31381608	9672
1	31404353	31408535	9698
1	31408535	31408620	9698,692234,692235
1	31408620	31421964	692234
1	31421964	31422049	692234,692235
1	31422049	31441011	692234,692235
1	31441011	31441083	692235,692200,692234
1	31441083	31538838	692200
1	31652592	31712401	79570
1	31732417	31769662	9410
1	31769842	31837783	51538
1	31838472	31849697	2170
1	31882412	31907525	347735
1	31971841	31974167	149086
1	31984036	31989846	284551
1	32042116	32053288	64129
1	32083287	32095463	3061
1	32095463	32098119	3061,553115
1	32098119	32110497	553115
1	32117848	32169920	1307
1	32192718	32224261	576
1	32224261	32224336	100423028,576
1	32224336	32230494	100423028
1	32256023	32281652	90853
1	32372022	32410457	8073
1	32479430	32526451	10657
1	32537632	32552550	55116
1	32552550	32552608	100847018,55116
1	32552608	32568467	100847018
1	32573639	32642169	23633
1	32645287	32663886	200081
1	32665987	32670988	79140
1	32671236	32674288	55721
1	32674695	32680073	149069
1	32680073	32681797	149069,56063
1	32681797	32687529	56063
1	32687529	32687972	8668,56063
1	32687972	32697205	8668
1	32697259	32707221	339483
1	32712834	32714457	84734
1	32716840	32751766	3932
1	32757687	32799236	3065
1	32799433	32801980	65108
1	32817122	32826871	81629
1	32826871	32829879	100128071,81629
1	32829879	32829913	100128071
1	32830704	32860332	55108
1	32930670	32962287	728116
1	33005028	33065773	653121
1	33065773	33071540	653121,339487
1	33071540	33116504	339487
1	33116743	33145507	5928
1	33145507	33151812	5928,81493
1	33151812	33169197	81493
1	33207486	33240571	57648
1	33240840	33282368	8565
1	33282368	33283754	64766,8565
1	33283754	33324476	64766
1	33327869	33338083	252995
1	33351595	33360195	3208
1	33360195	33364042	3208,113452
1	33364042	33367039	113452
1	33402046	33430286	127544
1	33473585	33546597	204
1	33546705	33586131	113451
1	33611003	33647660	55223
1	33722146	33766320	149076
1	33772367	33786699	127550
1	33789224	33797994	1912
1	33797994	33798093	1912,100500853
1	33798093	33815953	100500853
1	33815953	33828846	100500853,101929464
1	33828846	33896653	101929464
1	33938246	33962107	7579
1	33979609	34326076	114784
1	34326076	34330392	114784,127540
1	34330392	34334554	127540
1	34334554	34351059	402779,127540
1	34351059	34631443	402779
1	34632484	34684732	84970
1	35135200	35135295	693137
1	35178338	35220648	113444
1	35220648	35224113	2709,113444
1	35224113	35225342	2709
1	35225342	35229325	2709,127534
1	35229325	35246790	127534
1	35246790	35251970	127534,2707
1	35251970	35258599	2707
1	35258599	35261348	2707,2701
1	35261348	35325417	2701
1	35331037	35395186	58512
1	35439957	35447134	653160
1	35447134	35447136	9204,653160
1	35447136	35449523	9204,100506144,653160
1	35449523	35450914	100506144,9204
1	35450914	35450954	9204,100506144
1	35450954	35497342	9204,9204
1	35497342	35497569	9204
1	35525387	35581460	79830
1	35641979	35658749	6421
1	35734568	35887659	9202
1	35899091	36023074	79932
1	36023074	36023551	79932,23154
1	36023551	36032875	23154
1	36038971	36060929	339488
1	36067185	36107445	5690
1	36179476	36185073	127703
1	36185819	36235568	63967
1	36273773	36323491	192670
1	36335409	36395211	26523
1	36396319	36538101	192669
1	36549676	36553876	27285
1	36554476	36559533	54936
1	36560837	36590821	1296
1	36602173	36615098	27095
1	36621180	36646450	55700
1	36690017	36770958	9967
1	36771988	36787632	79729
1	36787632	36789755	79729,55194
1	36789755	36790484	55194
1	36805225	36851497	83931
1	36856839	36863493	84967
1	36881428	36916086	127700
1	36921319	36930038	64960
1	36931644	36948879	1441
1	37261128	37499730	2899
1	37627164	37627235	100422898
1	37920480	37940012	728431
1	37940153	37949980	80149,102465438
1	37958176	37966536	64769
1	37966536	37966595	100847010,64769
1	37966595	37980375	100847010
1	38000050	38019903	79753
1	38022520	38032417	7802
1	38032417	38032458	29889,7802
1	38032458	38061536	29889
1	38076951	38100595	284654
1	38147242	38157914	54955
1	38158090	38175391	55143
1	38179552	38230805	284656
1	38259474	38266809	149175
1	38268616	38272651	79693
1	38272651	38273857	127687,79693
1	38273857	38275126	127687
1	38275239	38325292	4520
1	38326369	38412729	3633
1	38422647	38456593	10946
1	38462442	38471278	2275
1	38474930	38490496	51118
1	38509523	38512450	5453
1	38554903	38555001	100500801
1	38674706	38680439	339442
1	39303870	39325495	64121
1	39328636	39330175	100527950,26292
1	39330175	39347289	100527950,26292,81025
1	39351479	39407471	54933
1	39456895	39471731	79647
1	39491990	39500308	4725
1	39546988	39876151	23499
1	39876151	39882154	643314,23499
1	39882154	39952849	643314
1	39957318	39987952	353500
1	39987952	39991607	728448,353500
1	39991607	40011859	728448
1	40026488	40033046	100996696,8761
1	40033046	40033180	100996696,677834,8761
1	40033180	40042462	677834
1	40089825	40105617	26508
1	40124793	40137710	84618
1	40144320	40157361	51440
1	40157854	40222854	10450
1	40222854	40229586	656,10450
1	40229586	40235195	656
1	40235195	40237020	656,64064
1	40237020	40254533	64064
1	40306723	40349183	54802
1	40361098	40367928	4610
1	40420802	40435638	84879
1	40505905	40538321	10487
1	40538379	40563375	5538
1	40627045	40706593	6018
1	40711619	40717363	127391
1	40723779	40759856	10269
1	40766159	40783488	1298
1	40810522	40888998	64744
1	40915774	40929390	65243
1	40942887	40962015	339559
1	40974413	40982228	64789
1	40997233	41013841	127396
1	41086351	41131329	9783
1	41156052	41157320	100130557
1	41157320	41157738	4802,100130557
1	41157738	41220027	4802
1	41220027	41220118	407034,4802
1	41220118	41222956	407034
1	41222956	41223044	407031,407034
1	41223044	41237275	407031
1	41249684	41306124	9132
1	41326729	41328018	163732
1	41445007	41478235	1503
1	41481269	41488909	200172
1	41492872	41707826	22955
1	41827594	41849262	100132074
1	41944446	41950344	1907
1	41972036	42501596	59269
1	42619092	42621495	2981
1	42628362	42630389	2980
1	42642210	42801548	22887
1	42846466	42888249	284716
1	42896000	42921788	84217
1	42921788	42921938	79717,84217
1	42921938	42929001	79717
1	42929001	42939056	79717,728621
1	42939056	43120335	728621
1	43124096	43142429	10465
1	43148098	43168020	4904
1	43198764	43205925	149461
1	43212006	43232755	64175
1	43232940	43263968	79078,100129924
1	43272723	43282795	374969
1	43282795	43282954	374969,114625
1	43282954	43310660	114625
1	43312280	43318148	51058
1	43391052	43424530	6513
1	43424720	43449029	440584
1	43610824	43622067	440585
1	43629846	43637820	102465439,10969
1	43637820	43720029	149465,102465439,10969
1	43720029	43735665	149465
1	43735665	43736607	149465,128218
1	43736607	43739673	128218
1	43747554	43751288	149466
1	43766664	43788779	7075
1	43803478	43818443	4352
1	43824626	43828874	991
1	43829068	43833696	64834,102466723
1	43849588	43855479	112950
1	43855553	43913447	23334
1	43913447	43914315	102465440,23334
1	43914315	43916824	102465440
1	43916824	43918321	102465440,81888
1	43918321	43919660	81888
1	43990858	44089343	5792
1	44115829	44171186	9682
1	44171495	44175063	6487
1	44175063	44193014	101929592,6487
1	44193014	44396831	101929592
1	44398992	44402913	9048
1	44410042	44412223	101929609
1	44412611	44433694	9670
1	44435672	44439041	1802
1	44440159	44443967	533
1	44444615	44456840	8704
1	44457031	44457172	149473
1	44457172	44462200	149473,6536
1	44462200	44497139	6536
1	44584522	44600812	128209
1	44679127	44686353	55929
1	44686742	44709080	79033
1	44709080	44709945	100874278,79033
1	44709945	44820932	100874278
1	44870866	45011165	55182
1	45011165	45011224	100847089,55182
1	45011224	45100910	100847089
1	45100910	45117396	100847089,79639
1	45117396	45140227	79639
1	45140364	45187458	339541
1	45187458	45187574	26828,339541
1	45187574	45191263	26828
1	45196727	45196842	26830
1	45205490	45233439	11004
1	45240923	45241536	6202,94163,26811
1	45241536	45241615	6202,26811,94163,26811
1	45241615	45242162	6202,26811,26811
1	45242162	45242265	6202,26811,94161,26811
1	45242265	45243515	6202,94161,26811
1	45243515	45243584	6202,94161,94162,26811
1	45243584	45244451	6202,26811,94162
1	45249257	45253377	266675
1	45265897	45271585	1263
1	45271585	45271662	1263,343521
1	45271662	45272957	343521
1	45274154	45281257	149478
1	45285516	45308735	8643
1	45316450	45452282	8891
1	45468212	45477001	79654
1	45477819	45481247	7389
1	45482071	45771881	57643
1	45792545	45794347	84842
1	45794835	45805342	4595
1	45805342	45806142	4595,114034
1	45806142	45809555	114034
1	45809555	45809647	114034,10420
1	45809647	45956872	10420
1	45965725	45976708	25974
1	45976708	45976739	25974,5052
1	45976739	45988719	5052
1	46016215	46035721	10327
1	46049518	46084566	4678
1	46085716	46089729	149483
1	46092976	46111488	60313
1	46111488	46111869	728963,60313
1	46111869	46152886	728963
1	46152886	46153785	728963,51249
1	46153785	46159996	51249
1	46159996	46160115	51249,3652
1	46160115	46216322	3652
1	46252659	46501796	23139
1	46505812	46600203	8503
1	46600203	46604753	101929626,8503
1	46604753	46640745	101929626
1	46640745	46642160	101929626,10103
1	46642160	46651630	10103
1	46654354	46669006	55624
1	46669006	46685977	55624,541468
1	46685977	46686933	541468
1	46713360	46726868	8438
1	46726868	46744145	10489,8438
1	46744145	46769280	10489
1	46769303	46782448	440567,7388
1	46805849	46830824	387338
1	46859937	46879520	2166
1	46897801	46911193	729041
1	46912345	46915376	101929651
1	46972668	46979898	127343
1	47004368	47011316	100507423
1	47011316	47017199	148930,100507423
1	47017199	47023090	148930
1	47023090	47035927	8569,148930
1	47035927	47073387	8569
1	47073387	47082515	8569,148932
1	47082515	47082563	148932
1	47098409	47124366	64756
1	47124366	47134527	64756,9813
1	47134527	47139266	64756,374973,9813
1	47139266	47139539	374973
1	47139539	47139708	9813
1	47139708	47157770	9813,100130197
1	47157770	47184824	100130197
1	47223510	47285085	1580
1	47308767	47366109	163720
1	47394849	47407156	284541,1579
1	47427036	47516423	260293
1	47533160	47583991	199974
1	47603107	47615413	284541,1579
1	47644922	47646011	100874253
1	47649265	47656716	10158
1	47681962	47691469	6886
1	47691469	47696422	101930541,6886
1	47696422	47697892	101930541
1	47715811	47779819	6491
1	47799469	47844511	51727
1	47881744	47883723	2301
1	47897805	47900313	84793
1	47901689	47906363	2306
1	48226200	48226804	388630
1	48226804	48231219	388630,388630
1	48231219	48462567	388630
1	48561764	48648100	391037
1	48688357	48714316	200010
1	48761044	48937845	54558
1	48998527	49193195	84871
1	49193195	49242641	84871,79656
1	49242641	49723083	79656
1	49723083	49734957	101929721,79656
1	49734957	49839873	101929721
1	49839873	49937757	101929721,100874313
1	49937757	50489585	100874313
1	50513686	50669458	1996
1	50871102	50871696	51077
1	50883222	50889172	63950
1	50905150	51425935	11124
1	51426417	51440305	1031
1	51525509	51525577	100616189
1	51567906	51613752	284546
1	51701943	51739127	26994
1	51752930	51810788	22996
1	51819935	51985000	2060
1	52042851	52254863	114883
1	52254863	52254889	114883,4898
1	52254889	52302013	4898
1	52302013	52302082	4898,100313892
1	52302082	52344477	100313892
1	52373628	52456436	5865
1	52485803	52497775	51060
1	52497775	52499488	51060,112970
1	52499488	52521797	112970
1	52521797	52521843	91408,112970
1	52521843	52556388	91408
1	52608046	52811395	9372
1	52811395	52812358	200014,9372
1	52812358	52831865	200014
1	52838501	52870131	4998
1	52870236	52873954	84950
1	52873954	52886511	23318,84950
1	52886511	53019159	23318
1	53068044	53074723	2882
1	53099016	53135355	348378
1	53152508	53164038	65260
1	53192126	53293014	79699
1	53308183	53360670	440590
1	53361656	53392884	55268
1	53392901	53394346	6342
1	53394346	53394444	100616156,6342
1	53394444	53400602	100616156
1	53400602	53400689	100616156,100616458
1	53400689	53405986	100616458
1	53405986	53406085	100616145,100616458
1	53406085	53517375	100616145
1	53527854	53551174	127435
1	53552855	53608289	6512
1	53662101	53679771	1376
1	53679771	53679869	1376,54987
1	53679869	53686289	54987
1	53692564	53704282	55110,4116
1	53704282	53708455	100507564
1	53711217	53793742	7804
1	53878821	53905693	163742
1	53925072	53933161	63948
1	53971910	54199877	148979
1	54231133	54304533	55706
1	54317392	54356407	54432
1	54356912	54376759	1733
1	54382247	54411602	51668
1	54411750	54433841	115353
1	54474412	54483856	388633
1	54497347	54519177	9528
1	54519260	54519752	127428
1	54519752	54519827	127428,100616315
1	54519827	54578192	100616315
1	54598747	54619443	200008
1	54638009	54649714	606495
1	54649714	54665709	606495,51253
1	54665709	54691105	51253
1	54691105	54691137	51253,23648
1	54691137	54879152	23648
1	55007930	55074855	26027
1	55074855	55089229	338094,26027
1	55089229	55104865	338094
1	55107463	55175939	374977
1	55181495	55208330	7268
1	55222571	55230187	25973
1	55245385	55266940	55001
1	55271736	55307925	163747
1	55315306	55352891	1718
1	55446465	55457966	199964
1	55464606	55476556	7809
1	55505221	55530525	255738
1	55532032	55680786	23358
1	55691314	55691396	100616272
1	56960419	57110974	8613
1	57110995	57181008	5563
1	57184477	57285369	199920
1	57289352	57292593	101929757
1	57320479	57383894	731
1	57394883	57431813	732
1	57460451	58326204	1600
1	58326204	58346577	101926890,1600,101930545
1	58346577	58881056	101926890
1	58881056	59012406	115209,101926890
1	59012406	59012474	115209
1	59041099	59043166	4070
1	59096513	59097202	204
1	59120411	59165764	114803
1	59246465	59249785	3725
1	59250823	59365384	100131060
1	59597608	59664293	729467
1	59762310	60198899	55277
1	60198899	60198968	100616409,55277
1	60198968	60233347	100616409
1	60238467	60254520	101926944
1	60280458	60342050	51361
1	60358980	60392462	1573
1	60452941	60539442	127795
1	61125303	61291256	101926964
1	61330931	61714617	4774
1	61714617	61719182	4774,645030
1	61719182	61928465	645030
1	62119866	62120580	414927
1	62146718	62191095	83941
1	62208149	62544458	10207
1	62544458	62544531	100422946,100422902,10207
1	62544531	62629592	100422902
1	62660503	62678000	54596
1	62702651	62785085	163782
1	62901968	62917475	7398
1	62920399	63063158	85440
1	63063158	63071830	27329,85440
1	63071830	63153969	27329
1	63154153	63176365	400756
1	63249806	63331184	84938
1	63655660	63782902	199899
1	63788730	63790797	27022
1	63833261	63904233	29929
1	63906441	63989043	23421
1	63989043	64038364	23421,84455
1	64038364	64058947	84455
1	64058947	64059392	84455,5236
1	64059392	64125916	5236
1	64239693	64560125	4919
1	64560125	64636980	101927034,4919
1	64636980	64647181	101927034
1	64669310	64733051	148581
1	64936428	65045530	57685
1	65045530	65045606	57685,100616338
1	65045606	65158741	100616338
1	65210778	65298912	55225
1	65298912	65298915	3716,55225
1	65298915	65432187	3716
1	65437908	65468159	101927084
1	65523438	65523525	100500854
1	65524117	65524191	406893
1	65613232	65697828	100507855,205
1	65713902	65881552	9829
1	65886248	65886270	54741,3953
1	65886270	65901690	54741,3953
1	65901690	66107242	54741
1	66258197	66508183	5142
1	66508183	66516401	101927139,5142
1	66516401	66840259	101927139
1	66999066	67094123	84251
1	67094123	67094200	84251,100422871
1	67094200	67213982	100422871
1	67218142	67244470	200132
1	67263424	67266939	10022
1	67278568	67390570	79819
1	67390578	67454302	57708
1	67465015	67519782	23169
1	67557848	67632083	400757
1	67632083	67697536	149233,400757
1	67697536	67725662	149233
1	67773047	67862583	3595
1	67873493	67896098	26135
1	68150744	68154021	1647
1	68167149	68297986	55970
1	68297986	68299150	55970,100289178
1	68299150	68511645	100289178
1	68511645	68517314	9077,100289178
1	68517314	68564142	9077
1	68564142	68649201	9077,79971
1	68649201	68649293	79971,100302279
1	68649293	68668670	79971,100302279
1	68668670	68698803	100302279
1	68894505	68915642	6121
1	68939835	68962359	55635
1	68962359	68962904	55635,101927220
1	68962904	69004310	101927220
1	70034081	70385005	57554
1	70385005	70386000	5301,57554
1	70386000	70610488	5301
1	70610488	70617628	55631,5301
1	70617628	70671303	55631
1	70671365	70718735	9295
1	70726271	70820417	81573
1	70820488	70851022	11147
1	70876901	70905534	1491
1	71172136	71252151	101927244
1	71318036	71513491	5733
1	71528974	71533314	9406
1	71533314	71533399	9406,406962
1	71533399	71546980	406962
1	71547007	71861623	100852410
1	71861623	71955652	257194,100852410
1	71955652	72259915	257194
1	72259915	72302695	100852409,257194
1	72302695	72748417	100852409
1	73230714	73245974	339468
1	73771853	73820934	101927295
1	74491699	74663871	127255
1	74663896	74663919	8790
1	74663919	74663947	100526835,51086,8790
1	74663947	74699770	100526835,51086,8790,51086
1	74699770	75009666	100526835,51086,51086
1	75009666	75010112	100526835,51086
1	75033795	75139422	127254
1	75171170	75198836	1429
1	75198836	75199092	1429,127253
1	75199092	75232362	127253
1	75594119	75627218	431707
1	75667816	76076801	204962
1	76190036	76251879	34
1	76251879	76252757	26804,26805,34,5876,692085
1	76252757	76252835	26804,26805,34,5876,692085
1	76252835	76253260	26804,34,692085,692085
1	76253260	76253574	26804,692085,692085
1	76253574	76253657	26804,26805,692085,692085
1	76253657	76255162	26805,692085,692085
1	76255162	76255233	26804,26805,692085,692085
1	76255233	76260764	26804,692085,692085
1	76262567	76378923	4438
1	76384558	76398116	127247
1	76477009	76485041	101927342
1	76540404	77100286	256435
1	77333126	77531396	81849
1	77554675	77685115	10026
1	77747736	78025651	26289
1	78028101	78149104	26009
1	78161672	78225537	23032
1	78245309	78344106	374986
1	78347033	78354198	374987
1	78354198	78355224	374987,91624
1	78355224	78409580	91624
1	78409740	78444794	8880
1	78444859	78445226	11080
1	78445226	78483648	11080,54810
1	78483648	78604133	54810
1	78695283	78769568	149047
1	78769568	78835149	5737,149047
1	78835149	79005434	5737
1	79085607	79111830	10964
1	79115481	79129763	10561
1	79355449	79472403	64123
1	81001440	81112473	101927412
1	81771845	81979565	23266,101927458
1	81979565	82023387	101927434,23266,101927458
1	82023387	82458120	101927434
1	83439565	83451891	101927498
1	83911736	83920454	101927542
1	84041459	84326706	101927560,101927587
1	84330711	84464833	79739
1	84543745	84704181	5567
1	84764049	84831111	148418
1	84831111	84855640	391051,148418
1	84855640	84863514	391051
1	84864215	84880701	58511
1	84944942	84963473	80135
1	84964008	84972248	2787
1	85015289	85040163	1486
1	85109390	85156486	117178
1	85277285	85358896	23566
1	85391268	85462796	255231
1	85464830	85483765	126820
1	85483765	85514182	55283,126820
1	85514182	85598821	55283
1	85599477	85599556	100616481
1	85622556	85666729	84144
1	85715639	85725355	148423
1	85731931	85742773	8915
1	85784164	86043933	23576
1	86046444	86049645	3491
1	86115106	86174116	54680
1	86194916	86622626	255631
1	86814344	86862023	57489
1	86889769	86922241	9635
1	86934051	86965972	1179
1	87012761	87046437	22802
1	87099956	87121059	9629
1	87170259	87213867	51100
1	87250596	87251150	101930666
1	87328132	87380107	9403
1	87380331	87595448	9653
1	87595448	87602334	339524,9653
1	87602334	87634881	339524
1	87794151	87814606	8543
1	87819207	87837338	100505768
1	89003196	89149905	101927891
1	89149905	89150887	5586,101927891
1	89150887	89301938	5586
1	89318615	89357627	2959
1	89401456	89445139	56267
1	89445139	89458636	494115,56267
1	89458636	89458643	494115
1	89472349	89488577	2635
1	89518002	89531043	2633
1	89571815	89597434	2634
1	89597434	89616139	388646,2634
1	89616139	89641723	388646
1	89646831	89664615	115361
1	89724633	89738544	115362
1	89755359	89756020	729930
1	89829617	89852020	163351
1	89873238	89891802	400759
1	89990395	90048800	23507
1	90048800	90063423	23507,400761
1	90063423	90098453	400761
1	90098631	90235462	84230,101927933
1	90254473	90256051	101927975
1	90286573	90402170	55144
1	90459152	90459880	492303
1	90460671	90501090	284695
1	91177096	91182794	343472
1	91248543	91317207	149351
1	91380859	91487829	84146
1	91726323	91870426	164045
1	91966408	91991321	8317
1	92145902	92371892	7049
1	92414928	92479983	676
1	92495539	92529093	253152
1	92545862	92613393	284697
1	92632542	92650280	23285
1	92683497	92711370	388649
1	92711959	92764522	11146
1	92764522	92764544	79871,11146
1	92764544	92867613	79871
1	92940319	92952433	2672
1	92974253	93257961	7813
1	93297582	93302846	6083,6125
1	93302846	93302940	6083,6125
1	93302940	93306276	6083
1	93306276	93306408	26782,6083
1	93306408	93307481	26782
1	93307724	93427057	388650
1	93544792	93604638	22823
1	93615299	93645476	50999
1	93645476	93646285	50999,343099
1	93646285	93727743	343099
1	93727743	93744287	101930082,101930643,100131564,343099
1	93744287	93811445	101930082,101930643,100131564
1	93811445	93811582	1810,100131564,101930643,101930082
1	93811582	93835055	1810
1	93913688	94020218	54874
1	94027347	94057756	8412
1	94057756	94071130	8412,100129046
1	94071130	94312388	100129046
1	94312388	94312467	100129046,100126348
1	94312467	94312706	100126348
1	94333373	94345474	30836
1	94350761	94374966	2730
1	94458393	94586688	24
1	94614544	94740624	9411
1	94798823	94800404	100505940
1	94883933	94984222	5825
1	94994781	95007356	2152
1	95104017	95211416	101928079
1	95211416	95211456	100616321,101928079
1	95211456	95285837	100616321
1	95285898	95360802	126969
1	95362507	95392834	1266
1	95393122	95428826	729970
1	95439963	95527152	199857
1	95527152	95533101	101928098,199857
1	95533101	95538501	101928098
1	95582894	95583479	148534
1	95583479	95628775	100527978,148534
1	95628775	95663163	148534,100527978,101928118
1	95663163	95699538	100527978,101928118
1	95699538	95699711	100527978
1	95699711	95712781	100527978,25950
1	95776484	95783819	100996630
1	95816807	95817810	101928169
1	95940293	95944912	440594
1	95975672	96247898	100996635
1	96719625	96839681	101928241
1	97187221	97289294	58155
1	97543299	97561479	1806
1	97561479	97788511	1806,100873932
1	97788511	98262477	100873932
1	98262477	98263622	100873933,100873932
1	98263622	98386605	100873933
1	98453556	98515419	400765,100616452,406928
1	98676303	98738214	729987
1	99127236	99226056	51375
1	99355806	99469832	163404
1	99469832	99470588	100129620,163404
1	99470588	99614408	100129620
1	99729509	99775146	9890
1	99937971	99999571	101928270
1	100111499	100160097	54873
1	100174259	100232187	391059
1	100315640	100389579	178
1	100435345	100492535	23443
1	100503653	100548933	64645
1	100549119	100598511	163786
1	100598706	100614409	54482
1	100614409	100616053	54482,127495
1	100616053	100643771	127495
1	100652475	100715390	1629
1	100729565	100731676	100506007
1	100731763	100746797	8634
1	100746797	100746864	693138,8634
1	100746864	100758325	693138
1	100810584	100985833	8556
1	101003693	101007574	54112
1	101092605	101106169	100128787
1	101185298	101204601	7412
1	101337943	101361554	2135
1	101361632	101447309	148867
1	101455179	101461029	51611
1	101461029	101461816	148867,51611
1	101461816	101491434	148867
1	101491434	101491644	102606465,148867
1	101491644	101552821	102606465
1	101701239	101702084	101928370
1	101702444	101707074	1901
1	102268130	102358661	118427
1	102358661	102359603	94236,118427
1	102359603	102462586	94236
1	103342023	103574052	1301
1	103820969	103835986	101928400,101928436
1	103960701	104068105	101928400,101928436
1	104068313	104096437	55599
1	104096437	104097861	55599,280,648740
1	104097861	104122156	280,648740
1	104159999	104168402	279
1	104197912	104207173	276,277,278
1	104230037	104239302	276,277,278
1	104293028	104301312	276,277,278
1	104615645	104619709	100129138
1	106130197	106161580	101928476
1	107599267	107601916	55170
1	107682629	108026080	22854
1	108113782	108507065	10451
1	108507065	108507766	10451,100873946
1	108507766	108537229	100873946
1	108676658	108743471	29957
1	108765963	108786689	148545
1	108803818	108816311	400768
1	108918421	108963311	653149
1	108963311	108975806	400768,653149
1	108975806	109013624	400768
1	109102711	109187522	284611
1	109190912	109204148	113802
1	109234945	109244425	55119
1	109255279	109285365	163479
1	109289296	109352148	6814
1	109358520	109399839	254268
1	109399839	109401146	642864,254268
1	109401146	109417972	642864
1	109417972	109472130	642864,29899
1	109472130	109477167	29899,23155,29899
1	109477167	109506106	23155,29899
1	109506106	109506111	23155
1	109512836	109584850	22911
1	109605108	109618624	6884
1	109632425	109639556	56900
1	109642815	109643241	677766
1	109648573	109656301	127003
1	109656301	109656479	127003,57535
1	109656479	109749401	57535
1	109756540	109780791	6301
1	109792641	109818372	1952
1	109822178	109825808	84722
1	109834987	109849663	343263
1	109852192	109940573	6272
1	109941653	109969062	5686
1	110009180	110024759	284612
1	110026101	110035426	127002
1	110036674	110045554	284613
1	110046797	110052360	57463
1	110082494	110091028	83873
1	110091233	110136975	2773
1	110141515	110141589	406974
1	110145889	110155679	2780
1	110158726	110174673	271
1	110198703	110208118	2948
1	110210644	110230436	2946
1	110230436	110251661	2946,2944
1	110251661	110252171	2944
1	110254864	110276554	2949
1	110276554	110284384	2947,2949
1	110284384	110292702	2947
1	110292702	110306649	2947,79574
1	110306649	110318050	79574
1	110452864	110473614	1435
1	110527308	110566357	10768
1	110574199	110602616	85369
1	110602616	110613322	257,85369
1	110613322	110617263	257
1	110655062	110656569	164153
1	110693108	110744824	101928619,388662
1	110751456	110752609	100873974
1	110753965	110825722	3749
1	110828997	110881128	440600
1	110881128	110881793	440600,64783
1	110881793	110889299	64783
1	110905470	110925441	9122
1	110925441	110933704	101410535,9122
1	110933704	110943871	101410535
1	110943871	110950564	101410535,10542
1	110950564	110974982	10542
1	110993822	110999976	84432
1	111023374	111030302	643160
1	111030302	111032880	643160,440602
1	111032880	111033899	440602
1	111059839	111061797	3744
1	111136202	111174096	3737
1	111196182	111199662	3738
1	111214310	111217655	3738
1	111415775	111442550	963
1	111489807	111506701	55791
1	111659955	111682249	128338
1	111682249	111682838	10390,128338
1	111682838	111727724	10390
1	111729796	111743393	79961
1	111743393	111747157	79961,1117
1	111747157	111786062	1117
1	111822681	111828738	149620
1	111833484	111863188	27159
1	111888910	111895635	128344
1	111925482	111934441	441897
1	111956936	111970399	5016
1	111982512	111991486	79084
1	111991486	111991998	515,79084
1	111991998	112005395	515
1	112016414	112021134	128346
1	112025970	112084840	140
1	112084840	112106584	140,5906
1	112106584	112142277	5906
1	112142277	112151345	5906,100129269
1	112151345	112223252	100129269
1	112223252	112259313	101928718,55924,100129269
1	112259313	112282463	55924,101928718
1	112282463	112290420	101928718,55924,100506343
1	112290420	112297867	100506343
1	112297867	112298446	11218,100506343
1	112298446	112310638	11218
1	112313284	112396384	3752
1	112396384	112399527	3752,100874295
1	112399527	112531777	100874295
1	112938803	113006078	55917
1	113009163	113066140	7482
1	113066140	113072787	54879,7482
1	113072787	113161795	54879
1	113161795	113163447	54879,829
1	113163447	113214241	829
1	113215763	113243368	4343
1	113243728	113250056	389
1	113252616	113258099	333926
1	113263041	113269857	284467
1	113362792	113393265	100996702
1	113454469	113466045	6566
1	113466045	113466959	246182,6566
1	113466959	113499037	246182
1	113499037	113499635	246182,100506392
1	113499635	113542118	100506392
1	113554309	113615727	100996251
1	113615831	113674882	9860
1	113933371	114228545	260425
1	114239453	114302111	10745
1	114304454	114355098	54665
1	114356433	114399257	26191
1	114399257	114414381	100287722,26191
1	114414381	114420790	100287722
1	114420790	114430169	100287722,440603
1	114430169	114437370	440603
1	114437370	114443859	440603,10717
1	114443859	114447763	10717
1	114447763	114447823	64858,10717
1	114447823	114456708	64858
1	114466622	114471814	101928846
1	114471814	114472114	204851,101928846
1	114472114	114520426	204851
1	114522063	114524876	56944
1	114631913	114696541	148281
1	114935399	115053781	51592
1	115110178	115124260	10286
1	115125469	115213043	163259
1	115215719	115238239	270
1	115247090	115259515	4893
1	115259534	115301297	7812
1	115312100	115323306	80143
1	115397424	115537991	6847
1	115572415	115576941	7252
1	115590632	115632121	10100
1	115828539	115880857	4803
1	116184574	116240845	81839
1	116242628	116311402	845
1	116378998	116386538	4808
1	116461997	116468529	101928995
1	116519119	116612675	55356
1	116654376	116677861	126868
1	116915290	116934869	476
1	116934869	116952883	476,84852
1	116952883	116961244	84852
1	116966346	117021464	101929023
1	117057157	117102646	965
1	117102646	117102733	100616384,965
1	117102733	117113661	100616384
1	117117031	117210375	3321
1	117214371	117214449	100302117
1	117236734	117249225	388667
1	117297007	117311850	914
1	117452679	117532980	5738
1	117544382	117568104	9398
1	117568104	117579167	101929099,9398
1	117579167	117602112	101929099
1	117602925	117637265	8458
1	117637265	117637350	8458,100126331
1	117637350	117650075	100126331
1	117653682	117665209	80263
1	117686209	117753556	79679
1	117910071	118071494	10905
1	118139454	118148392	100996263
1	118148556	118170994	54855
1	118320709	118321128	100996626
1	118406107	118472253	54834
1	118472343	118496484	10885
1	118496484	118509165	200162,10885
1	118509165	118727846	200162
1	119425669	119532179	6913
1	119573839	119683019	10352
1	119683019	119683294	101929147,10352
1	119683294	119818596	101929147
1	119911402	119911569	51179
1	119911569	119912954	100874270,51179
1	119912954	119936753	100874270
1	119957554	119965658	3284
1	120049821	120057681	3283
1	120106689	120114734	128102
1	120140325	120141894	644242
1	120162045	120190396	90874
1	120202421	120286838	26227
1	120290619	120311528	3158
1	120336641	120354283	83998
1	120436156	120439118	11085
1	120454176	120612240	4853
1	120619223	120619698	101929178
1	120837756	120855681	653820
1	120906028	120915073	337875
1	120926979	120935937	2209,2210,100132417
1	121102017	121140666	100873165
1	142618769	142667289	101927209
1	142667289	142667363	100423008,100422949,100422844,101927209
1	142667363	142729975	100422844
1	143163750	143163822	100422949
1	143211628	143240439	101930284
1	143354963	143377281	101927648
1	143377281	143401533	100996427,101927648,101927345
1	143401533	143424141	100996427
1	143424141	143424215	100996427,100422949,100423008,100422844
1	143424215	143467632	100422949,100422844
1	143647014	143647177	101954273
1	143687359	143687519	101954272,101954274
1	143767144	143767881	644591
1	143896452	143913143	728833
1	144146808	144224481	25832,101928050,728841
1	144275918	144311213	728855
1	144311213	144311376	101954264,728855,101954265
1	144311376	144339738	101954264
1	144339738	144341756	730256,101929383,101954264
1	144341756	144363462	730256,101929383
1	144363462	144364246	730256,100996725,653505,653598,164022,101929383
1	144364246	144456138	164022,100996725,653598,653505
1	144456138	144491442	728875,101929438,100996725,101927520,653505,653598,164022
1	144491442	144491605	728875,101929438,101927520,101954265,101954264
1	144491605	144521058	728875,101929438,101927520,101954264
1	144521058	144521970	101929438,101927520,101954264
1	144811744	144830413	25832,728912,200030,284565
1	144836157	145018395	9659,101930416,100996724,101929792,100996761
1	145018395	145018959	9659,101930416,101929787,100996724,101929792,100996761
1	145018959	145076186	9659,101929787,100996724,100996761
1	145096220	145116922	101060309,100996517,100996716
1	145209119	145289772	388677
1	145289772	145291972	388677,25832,101928050,100132406
1	145291972	145370303	25832,101928050,100132406
1	145373054	145382434	101928979
1	145382757	145382920	101954276
1	145413095	145417545	148738
1	145438469	145442635	10628
1	145456236	145470388	84265
1	145470508	145475646	284615
1	145477085	145501669	128077
1	145507598	145509752	9939
1	145509752	145513536	114814,9939
1	145513536	145516076	114814
1	145516252	145523730	8799
1	145524891	145543868	8515
1	145549230	145568526	148741
1	145575233	145586115	10401
1	145586115	145586546	10401,200035
1	145586546	145589439	200035
1	145592605	145611025	10623
1	145611036	145695798	27246
1	145695798	145696218	11126,27246
1	145696218	145715614	11126
1	145726918	145764074	5174
1	145764411	145827103	653519,51463
1	145827205	145833118	101929780
1	145883868	145924373	728932
1	145924388	145942619	728939
1	145969270	145969433	26864,100312957
1	146032647	146082765	101928050,200030,728912
1	146093234	146159103	101927468,100509195,101929171,101929292,101929257
1	146392310	146392852	767846
1	146490895	146596107	728989
1	146626685	146644129	5565
1	146644350	146646930	100505794
1	146646930	146649692	2330,100505794
1	146649692	146651206	2330,171423,100505794
1	146651206	146683136	171423
1	146683136	146714291	2330
1	146714291	146714700	2330,9557
1	146714700	146767443	9557
1	146986158	146989699	100289211
1	147013182	147098017	607
1	147101453	147142618	51205
1	147228332	147245484	2702
1	147374946	147381393	2703
1	147400506	147465753	653519,51463
1	147466094	147484331	728939
1	147511004	147511167	26864,100312957
1	147634989	147658907	100505824,100506011
1	147767287	147769663	101929325
1	147834502	147834665	101954273
1	147874868	147875028	101954272,101954274
1	147954635	147955419	164022,100996725,653598,653505
1	148003642	148025863	25832
1	148201752	148202536	645142
1	148241465	148241628	101954266
1	148250249	148347506	25832,343505,100132406,101060226
1	148555979	148596267	284565
1	148604908	148605072	101954267
1	148739443	148758311	728936
1	148766938	148767102	101954270
1	148864594	148865175	642691
1	148928322	148951595	100996735,645166,100996732
1	149194106	149194269	101954269
1	149224058	149224221	26871,26870,6060,26863,26866,26869,26865
1	149239531	149265510	100293748
1	149284645	149286975	57234
1	149514090	149514256	101954277
1	149553003	149553787	164022,100996725,653598,653505
1	149575482	149605917	728855
1	149605917	149606079	101954268,728855
1	149606079	149616786	101954268
1	149675978	149676609	644634,100996721
1	149754227	149754245	2209,2210
1	149754245	149764074	2209,2210,440689
1	149764074	149783928	440689
1	149784826	149785236	126961,333932,653604
1	149804221	149811110	8294,8361,8362,121504,8370,8367,8366,8359,8364,554313,8363,8368,8360,8365
1	149811110	149811339	126961,8370,8367,8359,554313,8363,8368,8360,121504,8365,8294,8361,8362,8366,8364,653604,333932
1	149811339	149812765	126961,333932,653604
1	149813505	149814478	723790,8337
1	149821760	149822339	337873
1	149822643	149823191	723790,8337
1	149824181	149825607	126961,333932,653604
1	149825607	149825836	126961,8370,8367,8359,554313,8363,8368,8360,8365,121504,8294,8361,8362,8366,8364,653604,333932
1	149825836	149832714	8370,8367,8359,554313,8363,8368,8360,121504,8365,8294,8361,8362,8366,8364
1	149856010	149858232	8349
1	149858525	149858961	8338
1	149859019	149859440	317772
1	149859440	149859466	51027,317772
1	149859466	149872351	51027
1	149874870	149889434	9900
1	149895209	149900236	10262
1	149900543	149908791	10903
1	149909705	149982625	56957
1	150039369	150117505	11311
1	150121373	150136916	51177
1	150190717	150208504	81611
1	150229554	150237478	23632
1	150237804	150240600	51107
1	150240600	150241980	51107,79630
1	150241980	150253327	79630
1	150254953	150259505	148523
1	150266289	150281414	54460
1	150293925	150325671	9129
1	150335567	150449042	23248
1	150459887	150480078	102465529,80222
1	150480538	150486265	1893
1	150488233	150490508	100874054
1	150521884	150524405	54507
1	150524405	150524490	100422997,54507
1	150524490	150533413	100422997
1	150547032	150552066	4170
1	150573327	150602088	2029
1	150618701	150669630	55204
1	150670536	150693364	84072
1	150702672	150738433	1520
1	150768684	150780799	1513
1	150782181	150849244	405
1	150898739	150933059	9869
1	150933059	150937213	29956,9869
1	150937213	150947479	29956
1	150954493	150968110	8416
1	150969025	150980851	55793
1	150980896	151008189	58497
1	151009046	151020076	149428
1	151020216	151023447	54964
1	151023447	151024462	56882,54964
1	151024462	151030234	56882
1	151030234	151040970	10962,56882
1	151040970	151042801	10962
1	151043054	151098018	126626
1	151104161	151119104	10500
1	151129105	151129140	79626
1	151129140	151132224	79626,100534012,79005
1	151132224	151132225	388695,79626,100534012,79005
1	151132225	151138424	388695,100534012,79005
1	151138424	151142462	388695,100534012
1	151142462	151142463	388695,100534012,29765
1	151142463	151142773	100534012,6944,29765
1	151142773	151148760	6944,29765
1	151148760	151167797	6944
1	151170425	151222012	8394
1	151227179	151239955	5710
1	151254094	151264273	57592
1	151264273	151264656	57592,5298
1	151264656	151300191	5298
1	151313116	151319443	5993
1	151319443	151319833	5993,101927886
1	151319833	151320503	101927886
1	151336778	151345209	8991
1	151372010	151374420	5692
1	151375200	151431941	23126
1	151482986	151511168	57530
1	151512781	151518272	7286
1	151518272	151518367	693139,7286
1	151518367	151556059	693139
1	151584541	151671567	81609
1	151674880	151682909	11189
1	151682909	151689290	284485,11189
1	151689290	151702281	284485
1	151732119	151735445	65005
1	151735445	151736040	65005,51686
1	151736040	151742583	51686
1	151742583	151743808	51686,11022
1	151743808	151763280	11022
1	151763280	151763892	101927929,11022
1	151763892	151766878	101927929
1	151772740	151778547	339398
1	151778547	151778630	339398,6097
1	151778630	151804348	6097
1	151810295	151813033	100191040
1	151819739	151826173	284486
1	151846060	151882284	117145
1	151955391	151966866	6281
1	151967007	152004982	441908
1	152004982	152015250	6282,441908
1	152015250	152020383	6282
1	152056620	152061540	126637
1	152078793	152086556	7062
1	152126071	152131704	126638
1	152140601	152184558	339400
1	152184558	152196669	388697,339400
1	152196669	152274651	388697
1	152274651	152297679	388697,2312
1	152297679	152321211	2312
1	152321211	152332482	388698,2312
1	152332482	152339163	388698
1	152381719	152386739	49860
1	152483320	152484653	254910
1	152486978	152488486	54544
1	152538130	152539248	353145
1	152551857	152552980	84648
1	152573138	152573562	353144
1	152586287	152586574	353143
1	152595310	152595579	353142
1	152635872	152637135	353141
1	152647771	152649050	353140,26239
1	152649050	152659877	26239
1	152670840	152671918	353139
1	152680636	152681967	199834
1	152691998	152692905	100129271
1	152730506	152734529	448834
1	152748848	152749445	353137
1	152758690	152760902	353135
1	152769227	152770657	353134
1	152777311	152779107	353133
1	152784447	152785585	353132
1	152799949	152800573	353131
1	152815344	152816459	448835
1	152850793	152857523	4184
1	152881021	152884362	3713
1	152902516	152921686	101927988
1	152943142	152945050	163778
1	152956557	152958289	6698
1	152974223	152976332	6707
1	153003678	153005376	6699
1	153012201	153014407	6703
1	153028589	153030013	6700
1	153042700	153065611	6701
1	153065611	153078660	6704,6701
1	153078660	153084590	6704
1	153084590	153085991	6705,6704
1	153085991	153113927	6705
1	153122058	153123345	6706
1	153146994	153164152	101928009
1	153175919	153177596	149018
1	153190060	153191793	574414
1	153232176	153234598	4014
1	153270338	153283194	114771
1	153302596	153321316	57115
1	153330330	153333503	6280
1	153346184	153348125	6283
1	153362508	153363664	6279
1	153389000	153395701	338324
1	153409534	153412425	645922
1	153430220	153433177	6278
1	153507075	153508720	6277
1	153509623	153514241	6276
1	153516089	153519805	6275
1	153519805	153521848	6274,6275
1	153521848	153522612	6274
1	153533584	153540366	6273
1	153579362	153585621	140576
1	153586731	153589462	57402
1	153591263	153600402	6284
1	153600402	153604513	6284,6271
1	153604513	153606525	6271
1	153606525	153606568	6271,26097
1	153606568	153618782	26097
1	153631130	153634306	23557
1	153634512	153643524	3608
1	153651113	153666468	4881
1	153700543	153746555	65123
1	153746830	153752633	11000
1	153777201	153895451	57459
1	153901977	153919172	9909
1	153920145	153931101	200186
1	153931575	153940010	27173
1	153940010	153940188	148327,27173
1	153940188	153946745	148327
1	153946745	153946839	148327,10899
1	153946839	153950164	10899
1	153954127	153958834	5872
1	153963235	153964626	6232
1	153965161	154076997	91181
1	154076997	154077068	91181,100847024
1	154077068	154127592	100847024
1	154127784	154166141	7170
1	154166141	154166219	7170,100126346
1	154166219	154167124	100126346
1	154171848	154178809	388701
1	154179182	154192655	25912
1	154192655	154193104	9898,25912
1	154193104	154243986	9898
1	154244987	154248351	10456
1	154293566	154297801	89872
1	154298029	154323783	57198
1	154374804	154377669	101928101
1	154377669	154379040	3570,101928101
1	154379040	154441926	3570
1	154442248	154452488	126669
1	154452488	154453977	126669,126669
1	154453977	154474589	126669
1	154474695	154520623	126668
1	154521053	154531504	55585
1	154540257	154552502	1141
1	154554538	154600475	103
1	154669931	154842756	3782
1	154897210	154909467	10654
1	154916552	154928599	57326
1	154929502	154934774	90780
1	154934774	154936329	90780,6464
1	154936329	154946871	6464
1	154947129	154948169	1163
1	154948169	154948259	1163,100423020
1	154948259	154951725	100423020
1	154955814	154965587	80308
1	154966062	154966791	55891
1	154975127	154990996	51043
1	154990996	154990998	127579,51043
1	154990998	155006257	127579
1	155006300	155017667	149095
1	155017667	155018594	100505666,149095
1	155018594	155023042	100505666
1	155023042	155023406	100505666,8751
1	155023406	155035252	8751
1	155036207	155036224	1945
1	155036224	155042029	1944,1945
1	155042029	155060014	1944
1	155099936	155107333	1942
1	155107820	155111329	55974
1	155112367	155113071	54344
1	155141884	155145873	200185
1	155145873	155145951	200185,80128
1	155145951	155157447	80128
1	155158300	155162707	4582
1	155164968	155165063	693235
1	155165379	155178490	7059
1	155178490	155178842	7059,4580
1	155178842	155183615	4580
1	155183616	155197214	2630
1	155204243	155214490	2629
1	155216996	155225274	10712
1	155225770	155232221	10067
1	155232659	155247374	1196
1	155247374	155248282	57657,1196
1	155248282	155259630	57657
1	155259630	155259639	5313,57657
1	155259639	155271225	5313
1	155278539	155290457	2224
1	155290687	155300905	23623
1	155305059	155316141	55870
1	155316141	155316236	55870,693140
1	155316236	155402969	693140
1	155402969	155404053	645682,693140
1	155404053	155531821	645682
1	155531821	155532598	645676,645682
1	155532598	155533775	645676
1	155579979	155629237	55154
1	155629237	155657751	55154,55249
1	155657751	155658791	7818,55154,55249
1	155658791	155708801	7818,55249
1	155708801	155718153	55249
1	155719508	155829191	54856
1	155829300	155854990	23208
1	155867599	155881195	6016
1	155882834	155889700	22889
1	155889700	155889836	677823,22889
1	155889836	155895749	677823
1	155895749	155895877	677771,677823
1	155895877	155904191	677771
1	155911480	155912625	339403
1	155916630	155976861	9181
1	155978839	155990750	6746
1	156005092	156023585	56893
1	156024543	156028301	28956
1	156030951	156040295	57111
1	156041804	156051789	92312
1	156052364	156109880	4000
1	156117157	156147543	64218
1	156163880	156182587	9673
1	156182773	156182784	100527963
1	156182784	156211753	100527963,11243
1	156211753	156212874	632,100527963,11243
1	156212874	156213112	632,100527963
1	156213112	156213123	100527963
1	156213206	156217881	79957
1	156219015	156252620	23381
1	156252726	156259880	84283
1	156259880	156262976	84283,112770
1	156262976	156265463	112770
1	156268415	156269428	391104
1	156278759	156307105	7203,101927137
1	156307105	156316786	101927137,7203,128229
1	156316786	156337664	128229
1	156339003	156355011	57127
1	156374042	156390123	10485
1	156390123	156390230	10485,407046
1	156390230	156400493	407046
1	156433519	156470620	4209
1	156495197	156542396	128239
1	156549519	156556562	164118
1	156561554	156564091	128240
1	156564279	156571288	54865
1	156589086	156595517	60484
1	156611182	156629324	63827
1	156638555	156647189	10763
1	156669398	156675608	1382
1	156691683	156698234	81875
1	156698234	156698591	81875,51093
1	156698591	156706752	51093
1	156707095	156711382	79590
1	156711899	156720402	3068
1	156720402	156736717	3068,5546
1	156736717	156770607	5546
1	156776035	156785432	9047
1	156785432	156786654	9047,4914
1	156786654	156809855	4914
1	156809855	156828810	4914,3645
1	156828810	156851642	3645
1	156863490	156886226	375033
1	156890442	156902886	149499
1	156904632	156905923	9826
1	156905923	156906036	768220,9826
1	156906036	157015162	768220
1	157061836	157069600	440695
1	157090983	157098154	2117
1	157098154	157098463	2117,360155
1	157098463	157108266	360155
1	157257493	157257843	101928202
1	157483167	157522310	83416
1	157543539	157567870	83417
1	157644111	157670647	115352
1	157715523	157746922	79368
1	157764193	157789895	115350
1	157800704	157868046	922
1	157963063	158070052	101928229,55243
1	158101834	158110429	646268
1	158149737	158154686	912
1	158223927	158228059	909
1	158259576	158263420	911
1	158297741	158301321	910
1	158323254	158327343	913
1	158368312	158369256	128360
1	158389718	158390656	391107
1	158435272	158436344	391109
1	158449668	158450675	343406
1	158516918	158517895	391112
1	158532441	158533394	128366
1	158548709	158549689	128367
1	158576229	158577170	128368
1	158580496	158656488	6708
1	158669369	158670486	81448
1	158686958	158687953	391114
1	158724510	158725681	128371
1	158735466	158736492	128372
1	158746472	158747425	81442
1	158801107	158819296	4332
1	158900586	158946844	149628
1	158969758	159024945	3428
1	159032274	159116886	9447
1	159141399	159165775	57863
1	159165775	159173097	100131825,57863
1	159173097	159173103	100131825,2532,57863
1	159173103	159176290	100131825,2532
1	159176290	159177763	100131825
1	159259504	159278014	2205
1	159283460	159284449	441911
1	159409512	159410600	26476
1	159504793	159505842	127385
1	159557615	159558655	325
1	159682079	159684379	1401
1	159750722	159752333	54935
1	159770301	159786041	343413
1	159796540	159804264	56833
1	159804264	159807039	56833,284677
1	159807039	159824106	284677
1	159824106	159825137	391123,284677
1	159825137	159832447	391123
1	159842154	159869953	25790
1	159887897	159895522	8407
1	159896829	159915386	57549
1	159921282	159924044	89886
1	159931008	159948851	100505633
1	159997462	160001783	93183
1	160007257	160040038	3766
1	160051360	160060353	3765
1	160061130	160068733	93185
1	160085549	160113381	477
1	160121360	160156767	480
1	160160285	160171676	844
1	160171989	160175127	729867
1	160175127	160178659	8682,729867
1	160178659	160185166	8682
1	160185505	160187254	50717
1	160187254	160246602	50717,50717
1	160246602	160254920	50717,5824
1	160254920	160256138	5824
1	160259063	160313062	1314
1	160313062	160313190	1314,23385
1	160313190	160328742	23385
1	160336857	160342638	4807
1	160370376	160398468	57216
1	160454820	160493052	114836
1	160510885	160549306	8832
1	160577890	160617085	6504
1	160648536	160681641	962
1	160709037	160724611	57823
1	160765864	160798051	4063
1	160799950	160832692	51744
1	160846329	160854960	55600
1	160902255	160914815	101928372
1	160914815	160919712	101928372,142683
1	160919712	160924589	142683
1	160965001	160991138	50848
1	161007421	161008780	100131187
1	161009041	161015767	7391
1	161016736	161039760	257106
1	161040785	161059389	81607
1	161068151	161070136	126823
1	161070346	161087876	5202
1	161087876	161087901	4817,5202
1	161087901	161090764	4817
1	161090764	161095235	4817,9191
1	161095235	161102478	9191
1	161122566	161128646	51506
1	161129240	161135513	27005
1	161136200	161141100	5498
1	161141100	161147287	5498,8703
1	161147287	161147803	8703
1	161154098	161166894	9507
1	161166894	161168846	9507,4720
1	161168846	161184185	4720
1	161185024	161190489	2207
1	161192082	161193421	336
1	161195793	161196976	84134
1	161196976	161197051	84134,100847090
1	161197051	161199456	100847090
1	161199456	161200408	100847090,9970
1	161200408	161208092	9970
1	161228517	161255240	654790
1	161274525	161279762	4359
1	161284047	161332984	6391
1	161334521	161337664	257177
1	161475220	161493803	2212
1	161494036	161496681	3310
1	161511549	161551101	2214
1	161551101	161551129	2213,2214
1	161551129	161575452	2213,2214,9103
1	161575452	161576081	9103
1	161576081	161578007	3311,9103
1	161578007	161592986	3311
1	161592986	161600917	3311,2215
1	161600917	161601753	2213,2215
1	161601753	161648444	2213
1	161653485	161655042	641311
1	161676762	161684142	84824
1	161691353	161697933	127943
1	161719548	161727028	11266
1	161736084	161933860	22926
1	161952982	161993644	25903
1	162039564	162126897	9722
1	162126897	162126972	9722,100616386
1	162126972	162312336	100616386
1	162312336	162312430	693141,100616386
1	162312430	162336698	693141
1	162336698	162342993	400793,693141
1	162342993	162346660	284680,400793,400793
1	162346660	162353321	400793,284680
1	162353321	162356600	284680
1	162365056	162381928	117157
1	162467041	162499419	127933
1	162531323	162569627	6675
1	162601163	162757190	4921
1	162760492	162782607	51478
1	162794248	162838605	339512
1	163038565	163046592	5999
1	163080911	163131465	8490
1	163131465	163182813	101928404,8490
1	163182813	163214295	101928404
1	163214295	163236366	101928404,8490
1	163236366	163291577	83540,8490
1	163291577	163291684	83540,8490
1	163291684	163325554	83540
1	164524821	164738353	5087
1	164738353	164743878	5087,100505795
1	164743878	164868533	100505795
1	165171104	165325952	4009
1	165370159	165414433	6258
1	165446078	165513244	400794
1	165513244	165533198	400794,440699
1	165533198	165551392	440699
1	165600098	165631033	4259
1	165631453	165667987	223
1	165667987	165668100	223,440700
1	165668100	165679205	440700
1	165696032	165796768	54499
1	165796768	165796992	100500832,7371,54499
1	165796992	165880855	7371,100500832
1	166026674	166123980	149297
1	166123980	166124035	100126349,149297
1	166124035	166136206	100126349
1	166572912	166600637	116123
1	166808681	166825581	57645
1	166825747	166845564	117143
1	166882443	166944719	387597
1	166958346	166991451	84944
1	167022073	167059868	10223
1	167063282	167098402	92235
1	167145154	167165029	101928484
1	167190066	167396582	5451
1	167399877	167487847	919
1	167498914	167523004	8804
1	167599330	167675486	92241
1	167690429	167761156	9019
1	167778625	167883453	55811
1	167885967	167905021	25874
1	167905021	167906278	55827,25874
1	167906278	167967898	55827
1	167967898	167967964	55827,100313835
1	167967964	168045081	100313835
1	168053997	168106821	23432
1	168148171	168169950	261726
1	168195176	168214803	375035
1	168214803	168216581	84832,375035
1	168216581	168222263	84832
1	168250278	168283664	9095
1	168344762	168344859	693142
1	168370067	168391894	100505918
1	168433452	168464882	101928565
1	168510003	168513235	6846
1	168545711	168551315	6375
1	168664697	168698502	1805
1	168756177	168762124	79100
1	168873143	169056243	101930564,101978719
1	169073362	169074145	101928596
1	169074935	169101769	481
1	169101769	169101960	481,29922
1	169101960	169337205	29922
1	169337208	169364108	8548
1	169364108	169365778	57821,8548
1	169365778	169411876	57821
1	169411876	169429690	101930556,57821
1	169429690	169429907	101930556
1	169433147	169455241	10560
1	169483404	169555826	2153
1	169558087	169599431	6403
1	169631245	169659808	55732
1	169659808	169680839	55732,6402
1	169680839	169691781	6402
1	169691781	169732070	6402,6401
1	169732070	169733789	101928628,6401,6401
1	169733789	169733846	101928628,6401
1	169733846	169761670	6401
1	169761670	169764107	6401,92342
1	169764107	169818772	92342
1	169818772	169823221	92342,57147
1	169823221	169863408	57147
1	169890467	170054349	22920
1	170115142	170120519	149281
1	170120519	170120603	100423010,149281,100422839
1	170120603	170136931	100422839
1	170240744	170253349	284688
1	170429594	170501270	101928650
1	170501270	170501788	92344,101928650
1	170501788	170522587	92344
1	170631869	170708560	5396
1	170904612	171033906	80133
1	171060018	171070869	2328
1	171070869	171070947	100302178,2328,100847009
1	171070947	171086959	100302178
1	171154347	171181822	2327
1	171217638	171255117	2326
1	171283347	171311223	2329
1	171454651	171562650	23215
1	171604557	171621823	4653
1	171669300	171711387	8674
1	171750788	171783163	51603
1	171810621	172107938	26052
1	172107938	172108047	26052,100422882,406996
1	172108047	172109461	100422882
1	172109461	172113675	100422882,100628315
1	172113675	172113784	100628315,406977
1	172113784	172113934	100628315,406977
1	172113934	172339329	100628315
1	172339329	172387606	100628315,5279
1	172387606	172389828	5279
1	172389828	172413230	5279,92346
1	172413230	172437971	92346
1	172501489	172580971	51430
1	172628154	172636014	356
1	173009100	173020103	8995
1	173152873	173176452	7292
1	173386932	173430501	101928673
1	173446405	173457946	9588
1	173469603	173572233	284525
1	173578700	173639001	339416
1	173684080	173755840	27252
1	173768688	173793641	91687
1	173793641	173793858	91687,55157
1	173793858	173827684	55157
1	173832386	173833038	100506046
1	173833038	173833079	100506046,26806,60674,692197,619498,26774,26770,26802,26769,692196
1	173833079	173834760	26806,60674,692197,619498,692196,26774,26770,26769,26802
1	173834760	173834824	26806,60674,692197,692198,619498,26774,26770,26769,692196,26802
1	173834824	173837220	26806,60674,692198,619498,26774,26770,26802
1	173837220	173838020	26806,84614,60674,692198,619498,26774,26770,26802
1	173838020	173872687	84614
1	173872947	173886516	462
1	173900352	173991435	149041
1	174128548	174417212	9910
1	174417212	174418683	9293,9910
1	174418683	174964445	9293
1	174968300	174979925	27101
1	174979925	174980851	63931,27101
1	174980851	174992561	63931
1	175036994	175117202	63923
1	175126123	175162135	9674
1	175284330	175712906	7143
1	175846479	175849604	101928751
1	175913967	175937534	64326
1	175937534	175937676	64326,677679
1	175937676	176176629	677679
1	176176784	176198466	101930156,101930532
1	176432307	176814735	60676
1	176826438	176998499	460
1	176998499	176998581	574441,460
1	176998581	177134109	574441
1	177140633	177251558	57795
1	177669659	177679465	101928778
1	177893091	177953438	89866
1	177975271	178007085	730102
1	178060643	178062864	100302401
1	178062864	178063119	9462,100302401
1	178063119	178448644	9462
1	178465031	178468769	400797
1	178482212	178511887	84066
1	178511887	178517734	400798,84066
1	178517734	178518024	400798
1	178646884	178646969	100616328
1	178693441	178694300	646976
1	178694300	178695420	55103,646976
1	178695420	178818840	55103
1	178818840	178840187	9068,55103
1	178840187	178889238	9068
1	178994939	179045697	9917
1	179050512	179067158	64222
1	179068462	179198819	27
1	179262925	179327815	6646
1	179334855	179519674	126859
1	179519674	179523870	126859,7827
1	179523870	179545087	7827
1	179560748	179660407	163589
1	179712298	179785333	148753
1	179809102	179833916	163590
1	179833916	179834311	163590,163590
1	179834311	179846938	163590
1	179851177	179894135	26092
1	179923873	180084015	9857
1	180123969	180173165	5768
1	180199421	180238788	89884
1	180238788	180244515	89884,100527964
1	180244515	180245359	100527964,89884,84320
1	180245359	180249380	100527964,84320
1	180249380	180407449	84320
1	180407449	180407525	100423032,84320
1	180407525	180472089	100423032
1	180601140	180859387	9213
1	180882290	180920750	57710
1	180941861	180992047	10228
1	181003067	181031074	3140
1	181057638	181059977	51278
1	181143620	181151344	101928973
1	181205524	181207740	100287948
1	181382238	181777219	777
1	182023705	182030847	127665
1	182098445	182283196	400799
1	182350839	182361341	2752
1	182367252	182369751	127670
1	182376756	182383950	388719
1	182419256	182529734	353299
1	182542769	182558391	6041
1	182567758	182573543	6004
1	182584389	182585764	284648
1	182615239	182653711	85397
1	182758428	182799519	80896
1	182808504	182856886	1660
1	182869000	182922660	81626
1	182992595	183114727	3915
1	183155373	183214035	3918
1	183217372	183387737	23057
1	183430009	183440881	284649
1	183441351	183524698	9887
1	183524698	183560011	4688,9887
1	183560011	183567381	4688
1	183592401	183604892	10092
1	183605220	183615541	23179
1	183615541	183622451	403314,23179
1	183622451	183897665	403314
1	183898796	184006863	23127
1	184020811	184043346	116461
1	184356192	184598154	81563
1	184659365	184724047	80267
1	184759858	184943682	116496
1	184970659	184977815	101929069
1	185014496	185071740	6045
1	185087220	185126204	81627
1	185126212	185260897	54823
1	185265520	185286461	10625
1	185290289	185304171	100288079
1	185527504	185597659	101929093
1	185703683	186160085	83872
1	186265405	186280784	10216
1	186280784	186283694	7175,10216
1	186283694	186344825	7175
1	186344890	186369704	54953
1	186369704	186370587	54953,10896
1	186370587	186390510	10896
1	186412698	186430254	5132
1	186640923	186649559	5743
1	186798085	186958113	5321
1	190066792	190446759	339479
1	190594020	190770788	440704
1	191827837	191859359	100652834
1	192127587	192154945	64407
1	192286122	192336415	431704
1	192544857	192549161	5996
1	192605275	192629390	6003
1	192685313	192685783	100616345
1	192778169	192781403	5997
1	192981380	193028552	51377
1	193028552	193029237	51377,6738
1	193029237	193060907	6738
1	193065598	193075244	51022
1	193091147	193105633	79577
1	193105633	193105713	79577,100302163
1	193105713	193148175	100302163
1	193148175	193155784	8707,100302163
1	193155784	193223031	8707
1	193273875	193335083	101929184
1	196194909	196551543	343450
1	196551543	196551611	100616363,343450
1	196551611	196578355	100616363
1	196621008	196716634	3075
1	196743925	196763203	10878
1	196788887	196788898	3078
1	196788898	196801319	3080,3078
1	196801319	196819371	3080
1	196819371	196888102	3080,10877
1	196888102	196928356	10877
1	196946667	196978804	81494
1	197008321	197036397	2165
1	197053258	197115824	259266
1	197122810	197169672	360023
1	197170592	197447585	23418
1	197473878	197744826	163486
1	197871777	197876497	388722
1	197881037	197904608	56956
1	198126093	198291550	140609
1	198492352	198510075	127124
1	198607801	198726545	5788
1	198776622	198828002	100131234
1	198828002	198828111	100131234,406955
1	198828111	198828173	406955
1	198828173	198828282	406995,406955
1	198828282	198906558	406995
1	199117726	199362435	400800
1	199996730	200146552	2494
1	200311672	200343482	554279
1	200374068	200379184	23528
1	200520628	200589862	9928
1	200593024	200638635	83479
1	200638635	200639097	101929224,83479
1	200639097	200663378	101929224
1	200708686	200829832	23271
1	200842083	200843306	2848
1	200860176	200884863	55765
1	200938520	200992828	101929275,23046
1	201008642	201081694	779
1	201083081	201096312	647219
1	201103900	201140702	252839
1	201159953	201198080	91156
1	201252580	201302121	5317
1	201328136	201342372	7139
1	201342372	201346890	3898,7139
1	201346890	201368736	3898
1	201373625	201398994	7135
1	201434620	201438365	23612
1	201452658	201478584	1465
1	201487831	201499602	376693
1	201592411	201657387	89796
1	201657387	201688636	89796,100873949
1	201688636	201688755	100873949,89796,100847050
1	201688755	201777739	100847050
1	201777739	201777830	100302158,100847050
1	201777830	201796102	100302158
1	201796102	201798269	100873949
1	201798269	201798687	55705,100873949
1	201798687	201853422	55705
1	201857808	201861434	149345
1	201865580	201915715	25802
1	201924619	201939789	10440
1	201951500	201975275	6051
1	201977073	201986316	1999
1	202091986	202102532	9283
1	202102532	202102720	127829,9283
1	202102720	202113869	127829
1	202116141	202130716	5778
1	202137179	202158583	148713
1	202163029	202288909	59352
1	202300785	202311108	29089
1	202317827	202559724	4660
1	202559724	202561834	127833,4660
1	202561834	202679545	127833
1	202696526	202778598	10765
1	202780082	202781284	100506696
1	202830882	202844369	148709
1	202848085	202858263	5877
1	202860228	202897764	59349
1	202909951	202927700	51094
1	202930997	202936408	51706
1	202955685	202957710	401980
1	202976514	202993976	92703,653659
1	202995626	203047868	8497
1	203052260	203055164	4656
1	203059782	203136533	134
1	203136939	203144941	4608
1	203148059	203155877	1116
1	203181955	203242769	1118
1	203267886	203274437	730227
1	203274619	203278730	7832
1	203309756	203320617	2331
1	203444956	203460480	5549
1	203463271	203477992	26254
1	203595689	203698709	493
1	203698709	203698833	677843,493
1	203698833	203713209	677843
1	203734304	203745361	54900
1	203764782	203765437	9877,441155
1	203765437	203769686	9877,100381270,441155
1	203769686	203823252	100381270
1	203830731	203839678	6635
1	204042243	204096863	9580
1	204100190	204110536	55224
1	204110536	204112137	101929441,55224
1	204112137	204121307	101929441
1	204123944	204135465	5972
1	204159469	204165614	3814
1	204167288	204183220	127845
1	204187979	204346793	22874
1	204372515	204380919	84919
1	204391756	204463852	5287
1	204485511	204542871	4194
1	204586298	204654861	10446
1	204797779	204991950	23114
1	205012325	205047627	6900
1	205052258	205053645	388730
1	205055270	205091143	5929
1	205111632	205180727	25778
1	205197304	205242471	9911
1	205271187	205290883	81788
1	205305220	205326218	55220
1	205342380	205350506	284576
1	205350506	205356568	93273,284576
1	205356568	205417430	93273
1	205417430	205417526	93273,442891
1	205417526	205425057	442891
1	205425057	205425082	442891,284577
1	205425082	205438152	284577
1	205473723	205501921	5129
1	205538013	205572046	148808
1	205577071	205601090	2005
1	205626979	205649587	85414
1	205681947	205719404	64710
1	205737114	205744588	8934
1	205758221	205782876	254428
1	205797150	205819260	148811
1	205882176	205912588	115019
1	206136916	206155151	729533
1	206223976	206231639	553
1	206238872	206288647	101929219,440712
1	206317459	206332104	1510
1	206516200	206637783	23380,653464,647135
1	206643791	206670223	9641
1	206680879	206744620	83593
1	206744620	206762616	83593,1939
1	206762616	206785904	1939
1	206808881	206857764	8444
1	206858289	206907628	9261
1	206940947	206945839	3586
1	206972215	207016324	29949
1	207038699	207042568	50604
1	207070788	207077484	11009
1	207077731	207096592	9214
1	207101863	207119811	5284
1	207131310	207143970	83953
1	207191866	207206101	79098
1	207217194	207222801	55432
1	207222801	207226325	5208,55432
1	207226325	207254369	5208
1	207262187	207273338	725
1	207277607	207318317	722
1	207494853	207534311	1604
1	207627575	207663240	1380
1	207669492	207813992	1378
1	207818458	207911761	1379
1	207925402	207968858	4179
1	207974863	208042495	407026,407025
1	208057594	208084747	947
1	208195587	208417665	5362
1	209145799	209148652	100506899
1	209320612	209328446	100509303
1	209541007	209553035	101929476
1	209602165	209606183	406988
1	209757062	209787283	57172
1	209788215	209796789	3914
1	209796789	209796855	100422894,3914
1	209796855	209825811	100422894
1	209834709	209848765	101930114,101930244
1	209848765	209849733	101930244,101930114,50486
1	209849733	209859510	50486
1	209859510	209897470	3290,50486
1	209897470	209908295	3290
1	209929377	209955661	80342
1	209955661	209955668	148304,80342
1	209955668	209957904	148304
1	209959036	209979465	3664
1	210001352	210030910	27042
1	210111538	210337636	255928
1	210404801	210406144	574036
1	210406144	210407392	56256,574036
1	210407392	210419976	56256
1	210501596	210849638	55733
1	210856555	211307457	3756
1	211431719	211489727	55758
1	211499957	211548288	7188
1	211556145	211605878	84791
1	211649864	211666259	343035
1	211744910	211752084	7779
1	211813037	211827923	101929499
1	211836114	211848960	4751
1	211849104	211863445	91548
1	211916799	212004114	9926
1	212113741	212208884	25896
1	212208919	212250955	51514
1	212250955	212251027	51514,100422947
1	212251027	212280742	100422947
1	212398620	212412319	101929541
1	212458879	212526158	5525
1	212526158	212526292	692157,5525
1	212526292	212535200	692157
1	212537273	212588243	55248
1	212606229	212619714	29937
1	212719036	212729407	101929565
1	212738676	212794119	467
1	212797789	212800120	149647
1	212859760	212873327	55509
1	212899495	212965124	25936
1	212965170	212989968	128387
1	213003483	213020991	149643
1	213025450	213031430	642946
1	213031597	213072705	28982
1	213123862	213165379	79805
1	213165524	213189168	90806
1	213224589	213448116	26750
1	214156524	214214595	5629
1	214454445	214510474	56950
1	214522039	214725792	5784
1	214776538	214837931	1063
1	215179118	215410436	3776
1	215740735	215795149	51133
1	215796236	216596738	7399
1	216676588	217311097	2104
1	217600334	217804424	55105
1	217804666	218045038	128153
1	218066242	218094146	100885798
1	218216847	218232482	101929631
1	218458629	218511325	51018
1	218517538	218519020	728463
1	218519577	218617961	7042
1	219347186	219386207	127018
1	219395590	219398839	101929648
1	219608494	219615984	101929689
1	219858769	220131989	55532
1	220141943	220220000	2058
1	220230824	220263804	10380
1	220267444	220291195	55699
1	220291195	220291304	406997,55699
1	220291304	220291499	406997
1	220291499	220291583	406969,406997
1	220291583	220321380	406969
1	220321635	220373888	25782,6791
1	220373888	220374018	6791,25782,677818,100302234
1	220374018	220445796	677818,100302234
1	220701568	220837803	4139
1	220863187	220872499	79762
1	220921567	220958150	54996
1	220960101	220987735	64757
1	221002597	221005771	101929730
1	221006105	221051699	100873924
1	221051699	221053482	3142,100873924
1	221053482	221058401	3142
1	221503422	221509638	400804
1	221874766	221915518	11221
1	222001008	222014008	101929771
1	222695602	222721445	79802
1	222731244	222763167	9015
1	222763167	222763275	100506161,9015
1	222763275	222766374	100506161
1	222791428	222841354	375056
1	222841355	222885895	64853
1	222885895	222886552	148362,64853
1	222886552	222908538	148362
1	222910549	222924147	400823
1	222988406	223179337	84976
1	223282748	223316624	7100
1	223394161	223537544	55061
1	223566715	223568812	164127
1	223711349	223853436	388743
1	223889295	223963720	824
1	223967601	224033674	7159
1	224183659	224196429	100287497
1	224196429	224198309	100287497,100287497
1	224198309	224198314	100287497
1	224301789	224349749	23219
1	224363458	224381143	8560
1	224396449	224400981	101927143
1	224407315	224415036	101927164
1	224415036	224415745	101927164,4931
1	224415745	224444706	4931
1	224444706	224444843	100313769,4931
1	224444843	224518089	100313769
1	224544552	224567161	29097
1	224572845	224585929	80232
1	224585929	224586013	80232,100616468
1	224586013	224622362	100616468
1	224622362	224624735	100616468,149111
1	224624735	224928251	149111
1	225083964	225586996	127602
1	225589204	225616627	3930
1	225674537	225840844	55740
1	225965531	225978168	6726
1	225997794	226033237	2052
1	226033237	226033260	9725,2052
1	226033260	226070069	9725
1	226073982	226099082	10637
1	226107578	226111978	102466270,29920
1	226124298	226129189	10637,7044
1	226170403	226187032	163859
1	226249552	226259702	3021,3020
1	226332380	226374431	64746
1	226411319	226414755	83881
1	226418850	226497570	286826
1	226548392	226595780	142
1	226736501	226796915	375057
1	226819391	226844341	3707
1	226844341	226862768	3707,100506443
1	226862768	226927024	100506443
1	227057885	227083806	5664
1	227085237	227175246	56997
1	227177566	227506175	8476
1	227751244	227865144	339500
1	227884593	227894412	401983
1	227916240	227918126	100130093,116841
1	227918126	227923112	65094,100130093,116841
1	227923112	227968927	65094
1	228003394	228034171	339501
1	228106357	228129291	7483
1	228129291	228129384	7483,100847072
1	228129384	228135599	100847072
1	228194752	228248961	89780
1	228270361	228284964	375,100500810
1	228284964	228285042	375,100500810,100500810
1	228285042	228286912	100500810
1	228288427	228293112	79169
1	228294380	228297013	128308
1	228327663	228336685	2987
1	228337553	228347527	57165
1	228351787	228353213	574432
1	228353516	228369958	200205
1	228395831	228566577	84033
1	228581374	228594541	81559
1	228595641	228604562	51127
1	228612546	228613026	8290
1	228645065	228645560	92815
1	228645808	228646259	128312
1	228649775	228649853	100616308
1	228674762	228683467	149603
1	228744885	228746015	574029
1	228746015	228746133	574029,100169762,100169755,100169768,100169763,100169754,100169751,100169765,100169766,100169761,100169753,100169756,100169767,100169757,100169758,100169764,100169759
1	228746133	228748256	100169751
1	228748256	228748374	100169755,100169768,100169763,100169754,100169751,100169765,100169766,100169753,100169761,100169756,100169767,100169757,100169758,100169764,100169759,100169762
1	228748374	228750497	100169751,100169753
1	228750497	228750615	100169755,100169768,100169763,100169754,100169751,100169765,100169766,100169753,100169761,100169756,100169767,100169757,100169758,100169764,100169759,100169762
1	228750615	228752738	100169755,100169751,100169754,100169753
1	228752738	228752856	100169755,100169768,100169763,100169751,100169754,100169765,100169766,100169761,100169753,100169756,100169767,100169757,100169758,100169764,100169759,100169762
1	228752856	228754979	100169755,100169751,100169754,100169753,100169756,100169757,100169758,100169759
1	228754979	228755097	100169755,100169768,100169763,100169751,100169754,100169765,100169766,100169761,100169753,100169756,100169767,100169757,100169758,100169764,100169759,100169762
1	228755097	228757194	100169755,100169768,100169763,100169751,100169754,100169765,100169766,100169761,100169753,100169756,100169767,100169757,100169758,100169764,100169759,100169762
1	228757194	228757312	100169762,100169755,100169768,100169763,100169751,100169754,100169765,100169766,100169761,100169753,100169756,100169767,100169757,100169758,100169764,100169759,100169762
1	228757312	228759414	100169755,100169768,100169763,100169751,100169754,100169765,100169766,100169753,100169761,100169756,100169767,100169757,100169758,100169764,100169759,100169762
1	228759414	228759532	100169755,100169768,100169763,100169751,100169754,100169765,100169766,100169753,100169761,100169756,100169767,100169757,100169758,100169764,100169759,100169762
1	228759532	228761656	100169755,100169768,100169763,100169751,100169754,100169765,100169766,100169753,100169761,100169756,100169767,100169757,100169758,100169764,100169759,100169762
1	228761656	228761774	100169762,100169755,100169768,100169763,100169751,100169754,100169765,100169766,100169753,100169761,100169756,100169767,100169757,100169758,100169764,100169759,100169762
1	228761774	228763895	100169755,100169768,100169763,100169751,100169754,100169765,100169766,100169753,100169761,100169756,100169767,100169757,100169758,100169764,100169759,100169762
1	228763895	228764013	100169755,100169768,100169763,100169751,100169754,100169765,100169766,100169753,100169761,100169756,100169760,100169767,100169757,100169758,100169764,100169759,100169762
1	228764013	228766137	100169760
1	228766137	228766255	100169755,100169768,100169763,100169751,100169754,100169765,100169766,100169753,100169761,100169756,100169760,100169767,100169757,100169758,100169764,100169759,100169762
1	228766255	228768378	100169755,100169768,100169763,100169751,100169754,100169765,100169766,100169753,100169761,100169756,100169767,100169757,100169758,100169764,100169759,100169762
1	228768378	228768496	100169755,100169768,100169763,100169751,100169754,100169765,100169766,100169753,100169761,100169756,100169767,100169757,100169758,100169764,100169759,100169762
1	228768496	228770618	100169755,100169768,100169763,100169751,100169754,100169765,100169766,100169753,100169761,100169756,100169767,100169757,100169758,100169764,100169759,100169762
1	228770618	228770736	100169762,100169755,100169768,100169763,100169751,100169754,100169765,100169766,100169753,100169761,100169756,100169767,100169757,100169758,100169764,100169759,100169762
1	228770736	228772843	100169755,100169768,100169763,100169751,100169754,100169765,100169766,100169753,100169761,100169756,100169767,100169757,100169758,100169764,100169759,100169762
1	228772843	228772961	100169755,100169768,100169763,100169751,100169754,100169765,100169766,100169753,100169761,100169756,100169767,100169757,100169758,100169764,100169759,100169762
1	228772961	228775084	100169755,100169768,100169763,100169751,100169754,100169765,100169766,100169753,100169761,100169756,100169767,100169757,100169758,100169764,100169759,100169762
1	228775084	228775202	100169762,100169755,100169768,100169763,100169751,100169754,100169765,100169766,100169753,100169761,100169756,100169767,100169757,100169758,100169764,100169759,100169762
1	228775202	228777315	100169755,100169768,100169763,100169751,100169754,100169765,100169766,100169753,100169761,100169756,100169767,100169757,100169758,100169764,100169759,100169762
1	228777315	228777433	100169755,100169768,100169763,100169751,100169754,100169765,100169766,100169753,100169761,100169756,100169767,100169757,100169758,100169764,100169759,100169762
1	228777433	228779556	100169755,100169768,100169763,100169751,100169754,100169765,100169766,100169753,100169761,100169756,100169767,100169757,100169758,100169764,100169759,100169762
1	228779556	228779674	100169762,100169755,100169768,100169763,100169751,100169754,100169765,100169766,100169753,100169761,100169756,100169767,100169757,100169758,100169764,100169759,100169762
1	228779674	228781787	100169755,100169768,100169763,100169751,100169754,100169765,100169766,100169753,100169761,100169756,100169767,100169757,100169758,100169764,100169759,100169762
1	228781787	228781905	100169755,100169768,100169763,100169751,100169754,100169765,100169766,100169753,100169761,100169756,100169767,100169757,100169758,100169764,100169759,100169762
1	228781905	228788150	100169755,100169768,100169763,100169751,100169754,100169765,100169766,100169753,100169761,100169756,100169767,100169757,100169758,100169764,100169759,100169762
1	228870824	228882416	58480
1	229406822	229440129	10638,5867
1	229440129	229441248	10638,5867
1	229441248	229441641	10638
1	229456758	229479041	126731
1	229566992	229569845	58
1	229577045	229644103	55746
1	229652329	229694442	23456
1	229728858	229761794	27097
1	229761981	229795946	9816
1	230011297	230021499	101927504
1	230138477	230142909	101927532
1	230193536	230417870	2590
1	230457392	230561475	79605
1	230728406	230731329	101927553
1	230778235	230829728	22796
1	230838269	230850043	183
1	230883130	230937749	10753
1	230972865	231005335	84886
1	231010592	231014761	101927604
1	231041989	231114621	79573
1	231114727	231136341	64801
1	231154704	231155574	375061,100302132
1	231155574	231155670	375061,100302132,100302132
1	231155670	231175992	100302132
1	231297858	231357302	440730
1	231359509	231376933	128061
1	231376953	231413719	8443
1	231468480	231472850	149371
1	231472850	231473598	83932,149371
1	231473598	231490769	83932
1	231499497	231560790	54583
1	231611702	231612034	645339
1	231658134	231664302	101927626
1	231664399	231702270	7257
1	231727038	231747836	100287814
1	231762561	232177018	27185
1	232310678	232315859	101927660
1	232533711	232697304	57568
1	232863000	232878461	101927683
1	232940643	232946092	54627
1	233086351	233119181	84284
1	233119181	233119628	84284,80003
1	233119628	233431459	80003
1	233463514	233520894	84451
1	233749750	233759898	3775
1	233759898	233759965	100616390,3775
1	233759965	233808258	100616390
1	234040679	234442213	148641
1	234442213	234442285	148641,100616380
1	234442285	234460262	100616380
1	234508553	234509202	101927765
1	234509202	234509339	388753,101927765
1	234509339	234519795	388753
1	234527059	234614849	6894
1	234663637	234667525	100506795
1	234740015	234745271	359948
1	234765057	234770526	100302691
1	234782035	234818922	101927787
1	234859789	234867390	100506810
1	235272651	235291118	9804
1	235291118	235291252	9804,677802
1	235291252	235292251	677802
1	235294498	235294949	23029
1	235294949	235324772	23029,51742
1	235324772	235353349	51742
1	235353349	235353431	51742,100616224
1	235353431	235490665	100616224
1	235490665	235491534	100616224,9453
1	235491534	235507847	9453
1	235530675	235612283	6905
1	235613238	235667781	148789
1	235710987	235814054	2786
1	235824341	236016300	1130
1	236016300	236016360	100302139,1130
1	236016360	236046940	100302139
1	236139130	236228462	4811
1	236305832	236378855	7107
1	236378855	236385165	56605,7107
1	236385165	236445319	56605
1	236511562	236648214	128178
1	236681300	236686369	3964
1	236686369	236687808	100287902,3964
1	236687808	236699473	100287902
1	236699473	236700004	101927925,100287902
1	236700004	236712305	101927925
1	236712305	236716281	101927925,55127
1	236716281	236767804	55127
1	236849754	236927931	88
1	236958610	237067281	4548
1	237167403	237167718	645745
1	237205505	237634419	6262
1	237634419	237634491	6262,100616141
1	237634491	237997288	100616141
1	238025475	238045705	100130331
1	238045705	238054094	57829,100130331
1	238054094	238091621	57829
1	238643684	238649323	339535
1	239549865	240061316	1131
1	240061316	240063172	1131,100873984
1	240063172	240078750	100873984
1	240175946	240176526	645884
1	240177648	240638489	56776
1	240652873	240775449	64388
1	240902719	240906911	100506929
1	240931554	241295572	6000
1	241295572	241295646	6000,100422856
1	241295646	241520530	100422856
1	241660903	241683061	2271
1	241695434	241753404	8564
1	241753404	241758944	8564,23596
1	241758944	241792155	23596
1	241792155	241799232	1122,23596
1	241799232	241815580	1122
1	241815580	241840678	1122,128025
1	241840678	241965435	128025
1	242011269	242058450	9156
1	242158792	242162375	440738
1	242246288	242687998	200150
1	243242159	243265035	100288102,101929827,101926901,101929966,101928344,101928976,101926936
1	243287730	243418650	9859
1	243419320	243509478	10806
1	243509478	243509557	100616343,10806
1	243509557	243651535	100616343
1	243651535	243663394	100616343,10000
1	243663394	244014381	10000
1	244080704	244210619	339529
1	244214585	244220778	10472
1	244515937	244552965	200159
1	244571796	244615436	159
1	244617679	244804479	257044
1	244816237	244872335	51029
1	244998624	245003940	116228
1	245003940	245008359	284702,116228
1	245008359	245014468	284702
1	245014468	245018799	284702,3192
1	245018799	245027844	3192
1	245133007	245290466	84288
1	245318287	245872733	55083
1	245912642	246670614	64754
1	246679341	246687589	255654
1	246703862	246729626	64216
1	246729746	246769175	163882
1	246769175	246771404	163882,101928139
1	246771404	246831886	101928139
1	246887349	246931439	51097
1	246939315	246955687	149134
1	247002400	247095280	25909
1	247108849	247171395	57116,93474
1	247171395	247242113	93474
1	247263264	247267674	79862
1	247273462	247275719	388759
1	247285277	247335318	7678
1	247353153	247365269	100500849
1	247365269	247365362	100500849,100500849
1	247365362	247374158	100500849
1	247460714	247495148	84838
1	247579458	247612410	114548
1	247614255	247615308	127623
1	247670360	247687981	148823
1	247687981	247690054	148824,148823
1	247690054	247693434	148824
1	247693434	247697141	148824,81472
1	247697141	247740992	81472
1	247751662	247752615	81470
1	247768856	247769838	81469
1	247835320	247836365	441933
1	247875045	247876105	343169
1	247920676	247921982	26188
1	247978102	247979031	284532
1	248004199	248005254	391189
1	248020501	248031277	25893
1	248031277	248041507	25893,343171
1	248041507	248060449	343171
1	248084320	248085258	343172
1	248100493	248112160	284521
1	248112160	248113098	391190,284521
1	248113098	248128535	391190
1	248128535	248129641	391191,391190
1	248129641	248153569	391191
1	248153569	248154506	26247,391191
1	248154506	248185250	26247
1	248185250	248186188	26247,81466
1	248186188	248201474	81466
1	248201474	248202607	26246,81466
1	248202607	248223984	26246
1	248223984	248224922	391192,26246
1	248224922	248264224	391192
1	248285234	248286184	388762
1	248308450	248309388	127059
1	248343288	248344331	391194
1	248366332	248367392	127062
1	248402231	248403166	26245
1	248436073	248437138	391195
1	248457918	248458880	127064
1	248486894	248487899	391196
1	248512077	248513015	127066
1	248524883	248525929	127074
1	248550910	248551836	254879
1	248569296	248570405	26696
1	248616077	248617130	401992
1	248636627	248637634	343173
1	248651885	248652898	401993
1	248684916	248685964	391211
1	248721784	248722797	343563
1	248737022	248738080	127068
1	248756052	248757100	127069
1	248789420	248790491	127077
1	248801588	248802559	403244
1	248813232	248814185	403239
1	248844628	248845629	401994
1	248881947	248885506	646627
1	249104648	249120576	80851
1	249120576	249120642	80851,100422879
1	249120642	249120832	100422879
1	249132409	249143716	79894
1	249144205	249153343	55657
1	249200395	249214145	267002
