11	127115	139612	101927077,101929038,388572,101929824,101060494,101929822,101929712,101926894,101930567,101930127
11	167784	193080	51272
11	193080	194573	51272,147199
11	194573	196738	147199
11	196738	200261	113746,147199
11	200261	207428	113746
11	207511	215113	60626,102465445
11	215458	236546	23410
11	236546	236931	5719,23410
11	236931	252983	5719
11	278365	285359	171389
11	287305	288987	101930595
11	289135	296107	80162
11	298200	299526	387733
11	307631	313506	10581
11	313506	315272	8519,10581
11	319669	327537	10410
11	369796	382116	338707
11	392614	404908	11187
11	405716	417455	59307
11	417933	442011	338440
11	448268	491393	81490
11	494512	507300	6050
11	532242	537287	3265
11	537527	554855	115399
11	554855	554916	256329,115399
11	554916	560404	256329
11	560404	560779	256329,8045
11	560779	564021	8045
11	565660	568089	100506211
11	568089	568198	100506211,406992
11	568198	568457	406992
11	576486	612222	57661
11	612553	615999	3665
11	616565	626078	53841
11	626431	627143	6343
11	637293	640706	1815
11	644233	694438	101927373,10522
11	694438	695428	10522,101927373,64787
11	695428	705028	283232,64787,64787
11	705028	706715	283232,64787
11	706715	727727	283232
11	747329	765024	6888
11	767220	777488	347862
11	780117	780755	171391
11	787104	790123	51286
11	790475	798316	79751
11	799179	809647	55367
11	809647	809753	55367,6181,619565
11	809753	811681	6181,619565
11	811681	811814	6181,619565,619565
11	811814	812880	619565,619565
11	818902	825573	57104
11	826144	831991	283229
11	832843	837356	977
11	837356	839831	5441,977
11	839831	842545	5441
11	842808	867116	7106
11	867357	915058	66005
11	924894	1012239	161,101927462
11	1012821	1036706	4588
11	1049880	1055284	101927503
11	1074875	1104419	4583
11	1151580	1222364	4586
11	1244296	1283406	727897
11	1295601	1330884	54472
11	1330999	1331937	255512
11	1411129	1483919	9024
11	1490687	1522477	81532
11	1575274	1592583	1850,101927562
11	1592583	1593150	101927562,1850,338651
11	1593150	1605572	338651
11	1605572	1606513	387264,338651
11	1606513	1618409	387264
11	1618409	1619524	387264,440021
11	1619524	1620414	440021
11	1628795	1629693	387266
11	1642188	1643368	387267
11	1651033	1652160	439915
11	1686827	1689086	387742
11	1704499	1706859	100132464
11	1709527	1710286	100505570
11	1718425	1718985	440023
11	1753640	1771821	402778
11	1773982	1785222	1509
11	1848709	1858751	90019
11	1860219	1862910	7136
11	1874200	1880694	4046
11	1880694	1880766	4046,100423021
11	1880766	1913497	100423021
11	1923877	1929145	101927624
11	1940792	1959936	7140
11	1968508	2004467	6150
11	2004467	2005752	100133545,6150
11	2005752	2011150	100133545
11	2016406	2022700	283120,100033819
11	2150342	2153768	3481
11	2153768	2155364	723961,3481
11	2155364	2155439	619552,723961,3481
11	2155439	2161731	619552
11	2161731	2169894	619552,51214
11	2169894	2170833	51214
11	2170833	2181009	723961
11	2181009	2182439	723961,3630
11	2182439	2182571	3630
11	2185159	2193107	7054
11	2194293	2194368	100616126
11	2289725	2292182	430
11	2316875	2323227	29125
11	2323227	2324279	10077,29125
11	2324279	2339430	10077
11	2349979	2397407	101927682
11	2397407	2399222	101927682,975
11	2399222	2418649	975
11	2421718	2425106	10078
11	2425745	2444275	29850
11	2465914	2629558	3784
11	2629558	2721224	3784,101927338,10984
11	2721224	2870339	101927338
11	2891263	2893335	55539
11	2904443	2907111	1028
11	2909010	2920951	5003
11	2920951	2924970	5003,5002
11	2924970	2946476	5002
11	2949503	2950685	7262
11	2965667	2985001	4676
11	2985001	2985123	677833,4676
11	2985123	3013607	677833
11	3022152	3078843	833
11	3108346	3187969	114879
11	3239174	3239562	386746
11	3239562	3240043	283303,386746
11	3240043	3244361	283303
11	3248928	3253616	116534
11	3360491	3400448	7748
11	3402191	3412010	101060060,650368
11	3412010	3412982	101060060,10821,650368
11	3412982	3430208	10821
11	3502750	3602441	101927708
11	3631131	3658789	7221
11	3659733	3663546	116969
11	3666358	3685646	417
11	3686817	3692313	57053
11	3692313	3692614	57053,4928
11	3692614	3818954	4928
11	3818954	3819022	27315,4928
11	3819022	3847601	27315
11	3848208	3862213	391
11	3875757	3877292	6786
11	3877292	3877371	100616453,6786
11	3877371	4114439	100616453
11	4115937	4160106	6240
11	4208370	4223885	100506082
11	4388493	4389616	143496
11	4406127	4414926	6737
11	4470525	4471591	119774
11	4510109	4511138	390036
11	4566421	4567374	119772
11	4592653	4599050	143501
11	4608021	4609135	143502
11	4615037	4616243	390037
11	4619902	4629489	55128
11	4660945	4662068	390038
11	4664650	4676718	143503
11	4701401	4719084	81285
11	4726157	4790209	56547
11	4790209	4791168	56547,256892
11	4791168	4824663	256892
11	4824663	4825847	256892,119695
11	4825847	4842551	119695
11	4842551	4843686	119694,119695
11	4843686	4869427	119694
11	4869427	4870514	119694,119692
11	4870514	4903049	119692
11	4903049	4904113	401665,119692
11	4904113	4928600	401665
11	4928600	4929538	401665,119687
11	4929538	4935900	119687
11	4935900	4936922	81282,119687
11	4936922	4944531	81282
11	4944531	4945637	81282,79324
11	4945637	4967355	79324
11	4967355	4968356	79324,401666
11	4968356	4976002	401666
11	4976002	4976943	401666,401667
11	4976943	5013659	401667
11	5020213	5021160	119682
11	5067756	5068691	119679
11	5079880	5080857	119678
11	5152922	5153872	390054
11	5172239	5207612	23538
11	5220965	5221930	283111
11	5246694	5250625	3043
11	5253908	5256600	3045
11	5263184	5264767	3044
11	5269313	5271122	3047
11	5274420	5289582	3048
11	5289582	5322244	3048,3046
11	5322244	5323226	3048,79339,3046
11	5323226	5326206	79339
11	5326206	5344541	282763,79339
11	5344541	5345582	282763,79345
11	5345582	5363744	282763,79345
11	5363744	5364809	282763,79345
11	5364809	5372738	282763,282763
11	5372738	5373676	282763,390058
11	5373676	5410607	282763,390058
11	5410607	5411664	282763,390059,390058
11	5411664	5443341	282763,390059
11	5443341	5444436	282763,390059,390061
11	5444436	5461800	282763,390061
11	5461800	5462744	282763,390061,390063
11	5462744	5474638	282763,390063
11	5474638	5475707	282763,390063,390064
11	5475707	5509915	282763,390064
11	5509915	5510979	282763,390064,390066
11	5510979	5526847	282763,390066
11	5526847	5526882	390066,3046
11	5526882	5528530	3046
11	5528530	5531215	3046,50613
11	5531215	5535623	50613
11	5535623	5537935	50613,143630
11	5537935	5565719	143630
11	5565719	5566779	143630,390067
11	5566779	5602107	390067
11	5602107	5603114	340980,390067
11	5603114	5617339	340980
11	5617339	5617955	340980,117854
11	5617955	5634188	53840,117854,445372
11	5634188	5640994	53840,117854,445372
11	5640994	5665628	53840,117854,445372
11	5665628	5667019	117854
11	5684425	5710919	85363
11	5710919	5757681	85363,10346
11	5757681	5758319	85363,387748,10346
11	5758319	5758768	10346,387748
11	5758768	5775923	10346
11	5775923	5776959	10346,390072
11	5776959	5798864	390072
11	5798864	5799897	390072,390075
11	5799897	5809084	390075
11	5809084	5810046	79473,390075
11	5810046	5841544	79473
11	5841544	5842578	390077,79473
11	5842578	5862158	390077
11	5862158	5863182	390077,390078
11	5863182	5877904	390078
11	5877904	5878964	390079,390078
11	5878964	5905501	390079
11	5905501	5906527	390079,390081
11	5906527	5959849	390081
11	5968570	5969591	390083
11	6007122	6008215	338751
11	6023216	6024424	120793
11	6047901	6048971	120796
11	6128914	6130065	196335
11	6190560	6191638	255725
11	6220376	6221489	120787
11	6226796	6232362	160298
11	6232565	6255941	84067
11	6255995	6265659	1262
11	6280966	6293357	887
11	6340176	6341877	112464
11	6411655	6416228	6609
11	6416355	6440644	322
11	6452279	6463847	3263
11	6469843	6495689	10612
11	6496910	6502666	23647
11	6502677	6502715	26515
11	6502715	6505909	26515,26515
11	6505909	6518490	26515
11	6518490	6530208	26515,144132
11	6530208	6614988	144132
11	6616305	6624850	23378
11	6624961	6627526	3611
11	6627526	6632102	3611,6881
11	6632102	6633898	6881
11	6634000	6640692	1200
11	6642556	6677085	8642
11	6702013	6704632	63875
11	6734767	6767670	387751
11	6789218	6790286	338755
11	6806248	6807245	144125
11	6815756	6817128	8590
11	6866883	6867936	144124
11	6890924	6891976	341276
11	6897856	6898850	283297
11	6912721	6913830	120776
11	6942205	6943264	120775
11	6947635	7005863	7762
11	7020549	7041599	7761
11	7041677	7092539	338323
11	7110165	7112379	27288
11	7244164	7252094	100506238
11	7255997	7256068	100313774
11	7260009	7448497	143425
11	7448497	7490273	100506258,143425
11	7490273	7506619	100506258
11	7506619	7532608	100506258,283298
11	7532608	7533746	283298
11	7534529	7678358	8495
11	7686331	7698453	51700
11	7710669	7727968	341277
11	7775940	7817452	283299
11	7817452	7818520	120065,283299
11	7818520	7846584	120065
11	7846584	7847519	120065,120066
11	7847519	7870247	120066
11	7870247	7871182	26343,120066
11	7871182	7927502	26343
11	7949180	7950209	390093
11	7960081	7961141	26496
11	7980971	7986973	338322
11	7991798	8023409	8665
11	8040791	8081585	7275
11	8081585	8090920	7275,101927917
11	8090920	8127597	101927917
11	8127597	8127659	101927917,79608
11	8127659	8190602	79608
11	8245851	8290263	4004
11	8413418	8615836	65975
11	8633584	8693413	9866
11	8703958	8705774	619562,6157
11	8705774	8705903	619562,6157
11	8705903	8706986	619562
11	8706986	8707116	619562,677826
11	8707116	8714898	677826
11	8714898	8736306	6764,677826
11	8736306	8932498	6764
11	8932686	8941623	56672
11	8941623	8941631	56673,56672
11	8941631	8954553	56673
11	8959119	8964580	56676
11	8968841	8986222	56674
11	8986222	8986558	56674,493900
11	8986558	8999074	493900
11	9002123	9025596	56675
11	9041071	9111859	57758
11	9111859	9111926	100847015,57758
11	9111926	9115910	100847015
11	9115910	9117737	283102,100847015
11	9117737	9159661	283102
11	9160372	9286937	23258
11	9302201	9336327	440026
11	9406169	9450320	10527
11	9450320	9450501	10527,677808
11	9450501	9469673	677808
11	9481866	9550071	7702
11	9595228	9615004	7465
11	9685624	9774538	23075
11	9776317	9779839	440028
11	9779839	9781080	283104,440028
11	9781080	9800214	283104
11	9800214	9832866	81846,283104
11	9832866	9860690	81846
11	9860690	9950810	101928008,81846
11	9950810	10315754	101928008
11	10326227	10328944	133
11	10329860	10529126	100130460,272
11	10529434	10530723	100463486
11	10533225	10562777	50862
11	10562819	10578513	100129827
11	10578513	10594638	10894,100129827
11	10594638	10621479	100129827,10894,10335
11	10621479	10633236	10335,10894
11	10633236	10715535	10335
11	10772534	10801290	9646
11	10804860	10818597	692223
11	10818597	10823014	692223,1982
11	10823014	10823155	692223,1982
11	10823155	10823172	692223
11	10823172	10830657	1982
11	10830844	10833621	101928053
11	10833621	10844478	101928053,58486,101928029
11	10844478	10879806	58486,101928029
11	10879806	10880343	729013,58486,101928029
11	10880343	10928349	729013
11	11292423	11373489	374378
11	11373489	11374904	283106,374378
11	11374904	11643552	283106
11	11678198	11678269	100423026
11	11862970	11980870	55031
11	11984653	12031316	27122
11	12115543	12285334	9645
11	12297627	12380691	84953
11	12398732	12552348	55742
11	12695969	12966298	7003
11	12984057	13011095	100506305
11	13298199	13408813	406
11	13409548	13484844	84280
11	13513602	13517728	5741
11	13690217	13753893	84188
11	13942997	13946410	101928132
11	13983914	14289646	10418
11	14299472	14386052	22800
11	14464986	14515329	1315
11	14515329	14521573	1315,5682
11	14521573	14541890	5682,5682
11	14541890	14665181	5682
11	14665269	14892350	5140
11	14899553	14913798	120227
11	14926543	14988214	797
11	14988214	14993900	796,797
11	14993900	15103888	796
11	15133970	15268754	387755
11	15987995	16634679	55553
11	16634679	16761138	55553,10944
11	16761138	16778428	10944
11	16799842	17035545	144100
11	17035545	17035990	144100,10819
11	17035990	17074583	10819
11	17095936	17096201	100508408,85388,6207
11	17096201	17096291	6207,85388,100508408,26822
11	17096291	17099277	26822,100508408,6207
11	17099277	17099334	6207,100508408,5286,26822
11	17099334	17229530	5286
11	17229700	17371521	4925
11	17373273	17398888	374383
11	17407406	17410878	3767
11	17414432	17498449	6833
11	17515442	17565963	10083
11	17568920	17668697	340990
11	17741115	17743678	4654
11	17756359	17804602	3746
11	17809595	18034709	26297
11	18039111	18063973	7166
11	18091482	18127638	113174
11	18134019	18137679	6290
11	18142502	18160027	117195
11	18194384	18195827	117196
11	18252896	18258440	100528017,6291
11	18260770	18270190	6289
11	18287721	18291524	6288
11	18300223	18343745	11234
11	18343842	18388591	2965
11	18409334	18409407	100423016
11	18415935	18429972	3939
11	18433854	18473605	3948
11	18477371	18489883	160287
11	18489883	18501147	7251,160287
11	18501147	18548779	7251
11	18551156	18610294	55293
11	18621334	18627948	100506540
11	18627948	18631802	100506540,144108
11	18631802	18656338	144108
11	18714669	18725852	144110
11	18725852	18726332	283284,144110
11	18726332	18747777	283284
11	18749475	18814268	84867
11	18955360	18961054	259249
11	19076002	19082228	117194
11	19138646	19197969	54503
11	19203578	19232120	8048
11	19245610	19263167	79733
11	19372271	19524219	89797
11	19524219	19528776	100874012,89797
11	19528776	19532437	100874012
11	19532437	19541443	100874012,399876
11	19541443	19596857	399876
11	19596857	19596919	399876,100616118
11	19596919	19732480	100616118
11	19732480	19734165	100126784,100616118
11	19734165	19781550	100126784
11	19781550	19781629	100126784,100616426
11	19781629	20143144	100616426
11	20177701	20182159	120237
11	20385231	20405329	10553
11	20409076	20530840	10196
11	20620946	20680831	9152
11	20691117	21597227	4745
11	22214722	22304903	203859
11	22359643	22401049	57084
11	22644079	22647188	2188
11	22647188	22647387	2620,2188
11	22647387	22834601	2620
11	22835345	22851845	258010
11	22868477	22881972	100500938
11	24518516	25104150	338645
11	26210829	26580580	63982
11	26580580	26593780	143662,63982
11	26593780	26684835	143662
11	26688566	26744974	159963
11	27015628	27018630	387758
11	27062272	27149356	8424
11	27352374	27385415	91057
11	27387508	27494322	55366
11	27516123	27528320	55327
11	27528385	27639173	497258
11	27639173	27656174	497258,100616234
11	27656174	27676440	100616234
11	27676440	27719721	627,100616234
11	27719721	27743605	627
11	28042167	28078362	81930
11	28078362	28078457	81930,693195
11	28078457	28129795	693195
11	28129795	28129855	196074,693195
11	28129855	28355054	196074
11	30031288	30038570	3739
11	30252563	30256808	2488
11	30344598	30359774	120534
11	30406040	30608419	744
11	30851916	31391357	100506627,341019
11	31391387	31453396	120526
11	31453948	31531192	196294
11	31531297	31805546	26610
11	31806340	31833939	5080
11	31833939	31839509	5954,440034,5080
11	31839509	32127301	440034,5954
11	32409321	32457064	7490
11	32457064	32457176	51352,7490
11	32457176	32480315	51352
11	32605344	32623792	10480
11	32623792	32627808	10480,493860
11	32627808	32816204	493860
11	32851489	32879669	79056
11	32914724	33014862	79832
11	33037410	33055128	91614
11	33060963	33098734	55346
11	33098734	33127489	1479,55346
11	33127489	33183203	1479
11	33183203	33183917	1479,338739
11	33183917	33213144	338739
11	33278218	33378569	10114
11	33563618	33695648	25758
11	33719807	33722347	966,100131378
11	33722347	33757991	966
11	33762485	33796089	26273
11	33796245	33797216	101928440
11	33880122	33913836	4005
11	34073230	34122703	4076
11	34127149	34169217	55226
11	34172535	34379555	25841
11	34460472	34493609	847
11	34500340	34535352	2001
11	34642640	34682604	26298
11	34874641	34937376	51074
11	34937376	34938046	8050,51074
11	34938046	34963384	8050
11	34963384	34963467	8050,100616437
11	34963467	35042138	100616437
11	35154202	35159579	100507144
11	35160417	35253949	960
11	35272753	35441610	6506
11	35453370	35551848	25891
11	35639735	35642419	24147
11	35684353	35829775	54765
11	35965531	36031648	143458
11	36031648	36031754	100616311,143458
11	36031754	36253686	100616311
11	36295051	36310999	29099
11	36317838	36486754	79899
11	36508577	36531822	7189
11	36532259	36597124	5896
11	36597124	36614706	5897,5896
11	36614706	36616051	5897
11	36616051	36619829	119710,5897
11	36619829	36694823	119710
11	38668026	38695791	101928536
11	40135753	41481323	57689
11	43142312	43290943	399881
11	43333513	43366079	8539
11	43380482	43516483	55761
11	43577986	43578308	51144
11	43578308	43581206	100507261,51144
11	43581206	43581303	100313777,100507261,51144
11	43581303	43591945	100313777
11	43591945	43602944	100507261
11	43602944	43603033	406918,100507261
11	43603033	43878167	406918
11	43902361	43919006	221120
11	43919006	43921186	729799,221120
11	43921186	43930842	729799
11	43930842	43941816	729799,100507300
11	43941816	43942494	100507300
11	43946892	43965888	387763
11	44069531	44081527	390110
11	44087475	44105772	84680
11	44117099	44266979	2132
11	44281994	44331716	60529
11	44585977	44641913	3732
11	44748015	44907454	90139
11	44907454	44953972	9537,90139
11	44953972	44972840	9537
11	44995453	44999579	221122
11	45115564	45247734	101060179,56981
11	45261852	45307870	57586
11	45376922	45387672	101928812
11	45392948	45410059	399886
11	45670427	45687172	8534
11	45743858	45765801	100507384
11	45825623	45834566	55343
11	45868669	45904798	1408
11	45907202	45928016	9479
11	45928085	45928833	143678
11	45931220	45940363	9409
11	45943172	45950647	120071
11	45950871	46142985	51317
11	46193498	46198656	101928894
11	46299212	46342972	90993
11	46354455	46397952	8525
11	46397952	46398034	8525,100616368
11	46398034	46402104	100616368
11	46402306	46405375	4192
11	46406640	46408107	1132
11	46417964	46473355	55626
11	46473355	46473439	100422825,100422827,55626
11	46473439	46615675	100422825
11	46624411	46638826	283254
11	46638826	46639459	9776,283254
11	46639459	46696368	9776
11	46698630	46722165	392
11	46722368	46727462	79797
11	46740730	46761056	2147
11	46764598	46774675	9793
11	46774675	46774742	9793,100847020
11	46774742	46783939	100847020
11	46783939	46784049	100847020,692108
11	46784049	46867847	692108
11	46867963	46878419	100507401
11	46878419	46895947	100507401,4038
11	46895947	46940193	4038
11	46958240	47185848	79096
11	47185848	47185936	84364,79096
11	47185936	47198676	84364
11	47199076	47207994	29763
11	47236493	47260767	1643
11	47260853	47269851	53
11	47269851	47270457	53,10062
11	47270457	47290396	10062
11	47290712	47292208	8567
11	47292208	47293661	8567,101928943
11	47293661	47351582	101928943
11	47352957	47374253	4607
11	47376411	47400127	6688
11	47422521	47422593	100616222
11	47428683	47438047	91252
11	47440320	47447993	5702
11	47459308	47470730	5913
11	47487496	47586888	10658
11	47586888	47586982	10658,4722
11	47586982	47587121	114971,4722,10658
11	47587121	47593749	114971,4722
11	47593749	47595013	114971,55709,4722
11	47595013	47600567	114971,55709,55709
11	47600567	47606114	114971,55709
11	47608198	47610746	399888
11	47611216	47616211	114900
11	47638867	47664175	23788
11	47681143	47736941	79841
11	47738072	47788995	23360
11	47799639	47870107	23279
11	48002113	48118334	5795
11	48118334	48118410	5795,100423000
11	48118410	48189670	100423000
11	48238344	48239314	119765
11	48266608	48267622	119764
11	48285413	48286330	390113
11	48327775	48328704	256148
11	48346472	48347507	256144
11	48510269	48511332	403253
11	49050504	49059579	283116
11	49075266	49080664	646754
11	49092304	49092552	114799
11	49168187	49230222	2346,219595
11	49580098	49831971	440040
11	49973943	49974971	283092
11	50003009	50004071	283093
11	50246832	50254505	441601
11	51411378	51412448	81318
11	51515282	51516211	119749
11	55029658	55038595	729384,79097,399939,101930235
11	55059359	55065746	440041
11	55110627	55111707	81327
11	55135360	55136394	81328
11	55321783	55322895	81309
11	55339604	55340536	219428
11	55370830	55371874	219429
11	55405834	55406772	81300
11	55418380	55419315	219431
11	55432614	55433671	219432
11	55540914	55541858	390142
11	55563032	55563976	219436
11	55578854	55579952	219437
11	55587086	55588073	219438
11	55594695	55595630	26338
11	55606228	55607214	390144
11	55650773	55659286	84767
11	55681126	55682058	390148
11	55702932	55703876	10798
11	55734975	55735990	282770
11	55746179	55753881	219445
11	55761157	55762101	338674
11	55797895	55798869	219447
11	55860753	55861762	120586
11	55872519	55873457	390151
11	55889849	55890787	390152
11	55904247	55905194	81168
11	55926870	55927793	219453
11	55944094	55945032	282775
11	55999490	56000737	219464
11	56019676	56020698	390154
11	56043029	56044146	390155
11	56057529	56058566	219469
11	56085783	56086721	219473
11	56113421	56114507	390157
11	56127691	56128764	219477
11	56143100	56144029	219417
11	56184734	56185708	219479
11	56229945	56230877	390162
11	56236964	56238014	219482
11	56257825	56258871	219484
11	56309746	56310757	219487
11	56344212	56345263	390167
11	56380031	56380978	390168
11	56408942	56409947	338675
11	56431138	56432163	219493
11	56467864	56468781	390174
11	56510303	56511287	283189
11	56615954	56645554	101927120
11	56756347	56757342	390181
11	56949221	56959191	219527
11	57001051	57004709	187
11	57067112	57092426	85456
11	57093459	57103351	6749
11	57105848	57138073	5024
11	57144242	57148623	10394
11	57154267	57158130	5553
11	57174427	57195053	29015
11	57228022	57245007	349667
11	57252007	57283259	8501
11	57295936	57298276	26519
11	57308979	57318108	219537
11	57319129	57335757	9246
11	57364860	57382326	710
11	57408671	57408759	406919
11	57412560	57416465	219539
11	57416465	57417417	219539,10978
11	57417417	57429340	10978
11	57435219	57468659	25921
11	57471186	57479693	219541
11	57480072	57508445	51075
11	57508825	57510986	280636
11	57510986	57519253	643376
11	57520715	57587018	1500
11	57791353	57798402	219956
11	57798402	57799403	219952,219956
11	57799403	57885972	219952
11	57885972	57886916	219952,219954
11	57886916	57949088	219954
11	57957906	57958990	219957
11	57970674	57971653	219958
11	57982217	57983195	219959
11	57995354	57996390	219960
11	58034264	58035732	81341
11	58125597	58126542	219965
11	58169937	58170882	441608
11	58189738	58190786	390190
11	58206593	58207646	390191
11	58274648	58275578	219968
11	58294344	58345693	9404
11	58346584	58388515	80829
11	58390146	58393198	1270
11	58407899	58499447	10249
11	58601542	58671688	219970
11	58672871	58701116	100287413,92292
11	58701116	58811000	100287413,92292,283194
11	58811000	58826132	283194
11	58874658	58894883	374393
11	58897606	58910221	101927204
11	58910221	58910488	63901,101927204
11	58910488	58922512	63901
11	58938903	58975983	23220
11	58975983	58976060	219972,23220
11	58976060	58980424	219972
11	59131885	59132921	390195
11	59189416	59190449	219981
11	59210617	59211667	219982
11	59224411	59225464	219983
11	59244846	59245869	390197
11	59271049	59271984	219986
11	59282386	59283330	390199
11	59341871	59362550	5007
11	59362550	59362631	100422880,5007
11	59362631	59383617	100422880
11	59383902	59404189	101927226
11	59404189	59407334	219988,101927226
11	59407334	59436453	219988
11	59480296	59480929	390201
11	59480929	59481337	6809,390201
11	59481337	59516284	6809
11	59516284	59517047	81343,6809
11	59517047	59573354	81343
11	59573608	59578345	54948
11	59596741	59612974	2694
11	59620273	59634048	6947
11	59807748	59815517	219990
11	59824060	59838601	932
11	59855734	59863444	2206
11	59939081	59952139	64231
11	59968726	60010561	643680
11	60048014	60076445	51338
11	60102304	60145955	245802
11	60145955	60146003	58475,245802
11	60146003	60163424	245802,58475,84689
11	60163424	60164069	84689,58475
11	60164069	60185161	84689
11	60197062	60222687	64232
11	60223225	60238233	931
11	60260251	60274903	54860
11	60282886	60310194	503497
11	60383209	60454622	283197
11	60467047	60483284	83661
11	60524426	60544205	219995
11	60552821	60568778	341116
11	60609544	60618413	79080
11	60618413	60618554	79080,11251
11	60618554	60623444	11251
11	60635035	60643166	22917
11	60658202	60674060	27339
11	60681346	60690915	79073
11	60691935	60704556	54972
11	60704556	60704631	51296,54972
11	60704631	60720002	51296
11	60739115	60787849	923
11	60869867	60895324	921
11	60897728	60929089	55048
11	60970779	60980570	643834,101929842
11	60989688	61008514	643847,5222
11	61008514	61018920	643847,5222
11	61018920	61018929	5222
11	61025762	61062896	220001
11	61066923	61100682	1642
11	61100682	61110068	26007,1642
11	61110068	61116217	26007
11	61116217	61120767	26007,220002
11	61120767	61129473	220002
11	61129473	61129771	51524,220002
11	61129771	61136981	51524
11	61159159	61166335	51259
11	61170121	61196692	79869
11	61196692	61197503	79869,54949
11	61197503	61197514	54949
11	61197514	61215001	54949,54949
11	61215001	61248592	54949
11	61248592	61253294	220004,54949
11	61253294	61258403	220004
11	61276068	61276129	100616470
11	61276272	61278482	390205
11	61282785	61348620	9066
11	61355966	61375022	101927495
11	61382508	61406921	113157
11	61447905	61513965	747
11	61513965	61514473	747,26070
11	61514473	61520114	26070
11	61520114	61525127	26070,745
11	61525127	61535973	745
11	61535973	61555990	746,745
11	61555990	61559967	746
11	61559967	61560033	693196,746
11	61560033	61560109	693196
11	61560109	61560274	2237,693196
11	61560274	61560452	2237
11	61560452	61564716	9415,2237
11	61564716	61567099	9415
11	61567099	61582633	3992,9415,100302263
11	61582633	61582712	3992,9415,100302263,100302263
11	61582712	61596790	100302263
11	61596790	61634826	3992,100302263
11	61640991	61659523	3995
11	61664773	61687741	5866
11	61717293	61727190	7439
11	61727190	61732987	7439,2495
11	61732987	61735132	2495
11	61844749	61849656	100507521
11	61891445	61920635	3619
11	61957688	61961011	10648
11	61976140	61981408	4246
11	62009682	62012280	10647
11	62037627	62040628	4250
11	62063754	62066536	404552
11	62104920	62160882	80150
11	62172575	62190667	7356
11	62201016	62323707	79026
11	62327073	62327075	1937,100500804
11	62327075	62342401	100500804,1937,100500804
11	62342401	62342517	100500804
11	62342517	62359003	64852,100500804
11	62359003	62359649	64852
11	62360686	62369312	9219
11	62369690	62379194	256364
11	62379194	62380237	256364,6094
11	62380237	62382592	6094
11	62382768	62389647	26229
11	62392298	62414104	23193
11	62414320	62420774	80789
11	62430287	62432781	102288414,79081
11	62432781	62432894	102288414,692158,79081,751071
11	62432894	62433042	102288414,692158,751071,79081
11	62433042	62435968	692158
11	62435968	62437745	751071,692158
11	62437745	62439727	692158,751071,790955
11	62439727	62441159	790955
11	62443970	62446567	51035
11	62453874	62457371	221091
11	62457747	62475130	26580
11	62475130	62476673	2785,26580
11	62476673	62477317	2785
11	62480102	62494821	221092
11	62495541	62507765	283237
11	62515791	62521660	79842
11	62529016	62534182	5436
11	62538775	62539101	10629
11	62539101	62554814	10629,79064
11	62554814	62554887	79064
11	62554887	62557877	79064,374395,102465448
11	62557877	62559493	374395,102465448
11	62559595	62573774	10482
11	62574369	62599560	6811
11	62599814	62609091	54663
11	62609091	62609281	6066,26855,54663
11	62619460	62623386	9300,9301,9299,9304,9297,23642,9303,9302,9298
11	62623518	62656352	6520
11	62676151	62689279	1128
11	62703857	62752455	9356
11	62756626	62783311	9376
11	62847412	62905339	283238
11	62905339	62911693	283238,387775
11	62911693	62931248	387775
11	62931248	62997124	387775,387601
11	62997124	63137190	387601
11	63137261	63177766	114571
11	63228876	63258666	117245
11	63273556	63284246	85329
11	63304281	63313934	5920
11	63320242	63330855	54979
11	63340667	63384355	11145
11	63391559	63439393	25923
11	63448918	63527363	10313
11	63580860	63595190	144097
11	63606400	63678491	2011
11	63678693	63684316	283248
11	63706431	63724800	79829
11	63737942	63738048	100873759
11	63742079	63744015	1351
11	63753325	63766030	101927673,55611
11	63766030	63769283	101927673,28992,55611
11	63769283	63870660	28992
11	63870660	63886645	28992,23769
11	63886645	63933578	23769
11	63952744	63972015	10963
11	63974150	63991271	83706
11	63991271	63991354	83707,83706
11	63991354	63993413	83707
11	63993413	63993726	84304,83707
11	63993726	63997750	84304
11	63997750	63998158	3338,84304
11	63998158	64001758	3338
11	64002010	64006259	7423
11	64008475	64011604	2286
11	64011956	64014413	26472
11	64018995	64036622	5331
11	64037302	64037534	572
11	64037534	64052176	572,56834
11	64052176	64056972	56834
11	64058774	64067503	50801
11	64067863	64072242	25858
11	64073044	64083932	2101
11	64083932	64084215	51504,2101
11	64084215	64085556	51504
11	64085560	64089283	25824
11	64107695	64125006	283234
11	64126620	64136074	8986
11	64136074	64136175	100302280,8986
11	64136175	64139687	100302280
11	64187863	64200142	101927738
11	64323098	64340347	55867
11	64358113	64369820	116085
11	64373646	64490660	9379
11	64494383	64512928	10235
11	64513861	64527769	5837
11	64532078	64546258	7536
11	64556290	64570713	5871
11	64570982	64578766	4221
11	64590859	64612041	55561
11	64619114	64655768	10938
11	64658609	64658718	406967
11	64658827	64660921	406970
11	64662007	64684722	23130
11	64685025	64701943	5526
11	64701943	64701945	5526,170589
11	64701945	64703360	170589
11	64704989	64739557	283129
11	64755415	64764517	116071
11	64781585	64781654	402
11	64781654	64789656	29907,402
11	64789656	64794880	29907
11	64794880	64808042	29907,29907
11	64808042	64808044	29907
11	64808373	64812290	29901
11	64812290	64812300	10004,29901
11	64812300	64826021	10004
11	64833772	64851636	113130
11	64851695	64852451	7542
11	64852451	64855870	7542,100130348
11	64855870	64856796	100130348
11	64856796	64856847	100130348,738
11	64856847	64879317	738
11	64879317	64879332	738,7108
11	64879332	64883856	7108
11	64883875	64885170	741
11	64888100	64889252	2197
11	64889252	64889655	84447,102465449,2197
11	64889655	64889945	84447,740,102465449,2197
11	64889945	64894843	102465449,740,84447
11	64894843	64902004	740,102465449
11	64937625	64940715	387778
11	64948037	64979477	823
11	64981311	65010228	440044
11	65029233	65073060	23649
11	65082289	65089900	10435
11	65101225	65120720	5977
11	65122238	65125084	220359
11	65142663	65151172	283130
11	65154070	65180996	83786
11	65190245	65213011	283131,693197
11	65222728	65234028	101927789
11	65265233	65273940	378938
11	65292548	65306175	57410
11	65306276	65326401	4054
11	65337131	65337744	254100
11	65337901	65339820	10534
11	65339820	65341413	23625,10534
11	65341413	65341669	23625
11	65343509	65360121	254102
11	65360326	65363467	10089
11	65365226	65382853	4296
11	65383244	65403781	399909
11	65403781	65403840	399909,100616292
11	65403840	65404910	100616292
11	65405568	65416663	6494
11	65416663	65416724	6494,100616284
11	65416724	65418401	100616284
11	65421067	65430565	5970
11	65479467	65482367	10524
11	65482367	65487075	10524,84153
11	65487075	65488418	84153
11	65543364	65548273	91056
11	65554493	65556522	5017
11	65556522	65558339	5017,101927828
11	65558339	65564690	101927828
11	65590493	65601112	1072
11	65601112	65624367	1072,254122
11	65624367	65624597	254122
11	65624597	65629497	80198,254122
11	65629497	65633912	80198
11	65633912	65635124	30008,80198
11	65635124	65641063	30008
11	65647280	65651212	1521
11	65651212	65656010	9158
11	65657875	65659105	11007
11	65659520	65668044	8061
11	65684279	65686588	83638
11	65686728	65689032	10589
11	65712916	65727434	254187
11	65729160	65747299	9092
11	65764016	65769550	84285
11	65769550	65769647	8815,84285
11	65769647	65771620	8815
11	65779312	65780976	1474
11	65784223	65793988	117144
11	65809423	65816651	89792
11	65818200	65836779	10992
11	65837834	66012218	55690
11	66024765	66035331	64837
11	66036004	66044963	81876
11	66045661	66052051	254263
11	66052051	66052772	254263,10897
11	66052772	66056641	10897
11	66059341	66064135	256472
11	66081958	66084515	57124
11	66097713	66104311	9610
11	66104804	66112596	25855
11	66112843	66115163	11041
11	66129992	66139685	3177
11	66176629	66184608	100505504
11	66188475	66194178	266743
11	66202546	66234209	65003
11	66234216	66240961	246330
11	66240961	66244808	101928069,246330
11	66244808	66247484	101928069
11	66247484	66247704	101928069,10072
11	66247704	66276550	10072
11	66276550	66277130	10072,582
11	66277130	66278077	582
11	66278077	66288108	582,582
11	66288108	66301084	582,254359
11	66301084	66301098	582,254359
11	66301098	66313709	254359
11	66313866	66330800	89
11	66330934	66336312	8722
11	66357640	66360292	55231
11	66360292	66360554	55231,9973
11	66360554	66373490	9973
11	66384053	66384097	10432
11	66384097	66394818	100526737,10432,5936
11	66394818	66413940	100526737,5936
11	66413940	66432469	100526737,5936
11	66432469	66434153	100526737,83759,5936
11	66434153	66445392	83759
11	66452719	66496697	6712
11	66511922	66610306	79703
11	66610306	66610987	9986,79703
11	66610987	66614017	79703,9986
11	66615704	66624118	5091
11	66624118	66627946	78999,5091
11	66627946	66701905	78999
11	66701905	66701977	78999,100423029
11	66701977	66725847	100423029
11	66742748	66744475	254439
11	66774249	66818334	91683
11	66824289	66839484	29984
11	66886740	67025558	22992
11	67033881	67054027	156
11	67056018	67069956	338692
11	67070919	67080078	54961
11	67118248	67124443	57804
11	67131639	67141648	23529
11	67159176	67165654	5883
11	67165654	67165881	5499,5883
11	67165881	67171386	5499
11	67171386	67177560	374403,5499
11	67177560	67182439	374403
11	67182439	67188654	374403,57571
11	67188654	67193078	57571
11	67195931	67202872	6199
11	67202981	67205519	5790
11	67205519	67205538	57175,5790
11	67205538	67211292	57175
11	67218772	67219877	390212
11	67219877	67220200	57010,390212
11	67220200	67226699	57010
11	67231824	67236743	80194
11	67250512	67258574	9049
11	67259239	67273734	9600
11	67273968	67276120	10263
11	67286383	67290899	51475
11	67351066	67354131	2950
11	67374323	67380006	4723
11	67380124	67383728	390213
11	67395409	67397401	254552
11	67398774	67407031	347853
11	67410026	67418130	91703
11	67429633	67448671	222
11	67559119	67572807	645332
11	67663102	67663208	100873760
11	67758575	67772452	81622
11	67776048	67796744	221
11	67798084	67801364	102465669,4728,100616403
11	67801364	67801448	102465669,100616403,4728,100616403
11	67801448	67804111	102465669,100616403,100616403
11	67806483	67818362	10312
11	67820326	67888911	1119
11	67922330	67981295	51111
11	68028803	68039469	53838
11	68080077	68216743	4041
11	68228186	68382802	55291
11	68451247	68458643	51083
11	68474908	68519032	9633
11	68522088	68611878	1374
11	68658744	68671303	219927
11	68671310	68708070	3508
11	68747490	68748455	116512
11	68771863	68779751	116535
11	68779751	68780877	116535,101928200
11	68780877	68785915	101928200
11	68816365	68850644	219931
11	68850644	68850726	219931,100422846
11	68850726	68858072	100422846
11	68914696	68939032	338694
11	69061605	69182494	26579
11	69455855	69467844	595
11	69467844	69469242	595,220064
11	69469242	69490184	220064
11	69513000	69519410	9965
11	69587797	69590171	2249
11	69624992	69633792	2248
11	69902336	69911477	101928443
11	69918540	69921539	100009613
11	69924408	70035634	55107
11	70049269	70053496	8772
11	70116806	70130061	8500
11	70130061	70130176	100313770,8500
11	70130176	70230509	100313770
11	70244510	70282690	2017
11	70313961	70477199	22941
11	70477199	70481595	100874198,22941
11	70481595	70708895	100874198
11	70708895	70711220	220070,100874198
11	70711220	70718375	220070
11	70718375	70718473	220070,100500844
11	70718473	70963623	100500844
11	71093647	71134469	399923
11	71139239	71163914	1717
11	71164155	71235153	55191
11	71238313	71239210	440050
11	71249071	71250253	57830
11	71259466	71260653	3846
11	71276609	71279980	387273
11	71292901	71314399	440051
11	71498556	71505409	55199
11	71505409	71512282	55199,285407
11	71512282	71529284	285407
11	71544246	71548756	245911
11	71639747	71708643	55298
11	71709587	71713910	10068
11	71713910	71716761	4926,10068
11	71716761	71725337	4926
11	71725337	71731956	4926,100128494
11	71731956	71783274	100128494
11	71783274	71783348	100128494,100422953
11	71783348	71791382	100422953
11	71791382	71791739	100422953,220074
11	71791739	71796941	220074
11	71796941	71814433	220074,55004
11	71814433	71817424	55004
11	71817424	71821828	25906,55004
11	71821828	71823826	25906
11	71825915	71850936	2352
11	71900602	71907345	2348
11	71927645	71932994	2350
11	71934745	71950121	3636
11	71950121	71950149	3636,401
11	71950149	71956708	401
11	72003469	72145692	81570
11	72281704	72284273	101928555
11	72287185	72326107	5138
11	72326107	72326174	406931,5138
11	72326174	72385635	406931
11	72396114	72465774	116985
11	72465774	72494575	116985,10809
11	72494575	72494637	100616410,116985,10809
11	72494637	72504644	100616410
11	72504644	72504726	10809
11	72525353	72547790	89849
11	72547790	72554719	89849,9873
11	72554719	72853306	9873
11	72929343	72947397	5029
11	72975550	73009662	5031
11	73019334	73080136	9828
11	73087309	73108519	84957
11	73111532	73309234	23201
11	73357223	73373864	58473
11	73386683	73472182	150786,5870
11	73498361	73576178	51642
11	73583712	73587744	51287
11	73587744	73588033	80227,51287
11	73588033	73638790	80227
11	73661364	73681411	374407
11	73685712	73694352	7351
11	73711326	73720480	7352
11	73723763	73882144	26005
11	73882144	73882255	26005,51400
11	73882255	73946846	51400
11	73946846	73965748	51400,283208
11	73965748	74022407	283208
11	74022407	74022702	101928580,283208
11	74022702	74035750	101928580
11	74041363	74109518	283209
11	74110282	74110378	100616215
11	74165886	74178774	10008
11	74202757	74204411	387787
11	74204411	74204778	100287896,387787
11	74204778	74204896	100287896
11	74204896	74209578	100287896,10714
11	74209578	74380162	10714
11	74407474	74431313	25884
11	74431313	74431382	100616402,25884
11	74431382	74442430	100616402
11	74459913	74518784	254225
11	74518784	74553458	143570,254225
11	74553458	74587331	143570
11	74587331	74631067	143570,101060510
11	74631067	74660245	101060510
11	74660292	74690076	9789
11	74699179	74729938	10825
11	74799758	74800799	341152
11	74811608	74917594	11309
11	74951950	74954742	100507050
11	74975226	75046136	408
11	75046136	75046230	408,442900
11	75046230	75062873	442900
11	75110530	75111435	6188
11	75111435	75111582	6079,6188
11	75111582	75115465	6079
11	75115465	75115610	6079,114599
11	75115610	75133324	114599
11	75133438	75141674	283212
11	75145685	75236948	81544
11	75273101	75283828	871
11	75297963	75380165	4135
11	75428864	75444003	80168
11	75469500	75470557	283214
11	75470557	75479692	283214,84649
11	75479692	75512579	84649
11	75514476	75526212	100506113
11	75526212	75526451	100506113,7405
11	75526451	75854239	7405
11	75897369	75921780	7481
11	76061000	76092015	5612
11	76092357	76125663	101928749,100506127
11	76155967	76264069	56946
11	76336506	76337878	101928813
11	76368568	76381791	2615
11	76493295	76509198	25987
11	76571911	76737841	55331
11	76745385	76753096	192134
11	76777979	76813886	726
11	76813886	76814377	726,4975
11	76814377	76837201	4975
11	76839310	76926284	4647
11	76927603	77012732	220032
11	77032752	77185680	5058
11	77225981	77300436	1207
11	77300436	77321400	282679,1207
11	77321400	77348850	282679
11	77371041	77532063	51773
11	77532155	77589766	28971
11	77589766	77629478	28971,92105
11	77629478	77705724	92105
11	77726761	77728017	100532726,65987
11	77728017	77757237	100532726,65987
11	77757237	77774907	100532726
11	77774907	77779350	100532726,7069
11	77779350	77779397	100532726,7069,4718
11	77779397	77790911	100532726,7069,4718
11	77790911	77791265	100532726,4718
11	77811982	77850706	79053
11	77850817	77882295	100289388
11	77882295	77886369	283219,100289388
11	77886369	77899858	283219
11	77899858	77899868	57558,283219
11	77899868	77925757	57558
11	77926343	78129394	9846
11	78135028	78140882	101928865
11	78147007	78244222	79731
11	78244222	78269611	79731,101928896
11	78269611	78285919	101928896
11	78363876	78803893	26011
11	78803893	78809048	101928921,26011
11	78809048	79113066	101928921
11	79113066	79113153	101928921,100126333
11	79113153	79133213	100126333
11	79133213	79133270	100847000,100126333
11	79133270	79151992	100847000
11	80462243	80473869	101928944
11	81590893	81601783	101928989
11	81601783	81601878	101928989,100422823
11	81601878	82429124	100422823
11	82443053	82444906	220382
11	82534544	82611017	5547
11	82611017	82669319	220042,5547
11	82669319	82681626	220042
11	82684175	82752506	27314
11	82752506	82752640	100379250,27314
11	82752640	82782965	100379250
11	82783108	82817761	100506233
11	82868030	82895533	51585
11	82895533	82898493	51585,100506282
11	82898493	82904781	100506282
11	82904781	82904836	338699,100506282
11	82904836	82970139	338699
11	82970139	82971736	338699,60492
11	82971736	82997450	60492
11	83166055	85338966	1740
11	85339629	85347580	55863
11	85359011	85367591	84233
11	85370752	85393951	58487
11	85394893	85397320	220388
11	85405267	85522184	54843
11	85566144	85631064	220047
11	85668727	85780924	8301
11	85955586	85989855	8726
11	86013253	86056969	51501
11	86085778	86134151	60494
11	86152150	86383678	10873
11	86502101	86568101	11098
11	86568101	86568989	8587,11098
11	86568989	86656721	8587
11	86656721	86663952	8587,8322
11	86663952	86666433	8322
11	86666661	86712001	100506368
11	86748886	87034800	65084
11	87846410	87908635	23682
11	87909670	87909761	100423040
11	88026760	88070955	1075
11	88237744	88257222	2915,100873989
11	88257222	88345973	2915
11	88345973	88346079	2915,100873753
11	88346079	88799113	100873753
11	88910620	89028927	7299
11	89057524	89322779	50507
11	89443467	89451040	390231
11	89530823	89541743	57093
11	89586008	89596061	399940
11	89602450	89609185	646754,642446,120146
11	89644279	89654935	729384,101930245,399939,101930235
11	89726704	89732909	642569
11	89764274	89806558	642612
11	89864683	89926062	10003
11	89934328	89956532	26973
11	89984400	90288942	101929222
11	90288942	90289025	100616186,101929222
11	90289025	90602289	100616186
11	90602289	90602370	100302228,100616186
11	90602370	90648220	100302228
11	92085262	92629618	120114
11	92702886	92718232	4544
11	92877341	92931130	120103
11	93063137	93171653	159989
11	93211638	93276674	56935
11	93342926	93343499	29104
11	93394805	93454679	85459
11	93454679	93455032	619383,85459,100158262
11	93455032	93463114	100158262
11	93463114	93463522	100302240,677805,79101,654320,677792,100158262,692063,692072,677822
11	93463522	93463679	100302240,677805,79101,654320,677792,692063,692072,677822
11	93463679	93463812	100302240,677805,654320,79101,677792,684959,677822,692063,692072
11	93463812	93464145	100302240,677805,692063,654320,677792,684959,677822
11	93464145	93464265	100302240,677805,692063,654320,677792,684959,677822
11	93464265	93464668	100302240,677805,692063,654320,677792,677822
11	93464668	93464740	100302240,677805,692063,654320,692075,677792,677822
11	93464740	93465170	100302240,677805,692063,654320,692075,677792,677822
11	93465170	93465299	100302240,677805,692063,654320,692075,677792,677822
11	93465299	93465527	100302240,677805,692063,654320,677792,677822
11	93465527	93465665	100302240,677805,692063,654320,677792,677822
11	93465665	93466394	100302240,677805,692063,654320,677792,677822
11	93466394	93466466	100302240,677805,654320,677792,677822,692063,692072
11	93466466	93466632	100302240,677805,654320,677792,692063,692072,677822
11	93466632	93466763	100302240,677805,654320,677792,677822,692063,692072
11	93466763	93466840	677805,100302240,692063,654320,677792,677822
11	93466840	93466930	677805,100302240,692063,654320,677792,677822
11	93466930	93474757	100302240
11	93466930	93517557	100302240,677805,692063,654320,677792,677822
11	93474757	93497915	100302240,28970
11	93497915	93517393	28970
11	93517393	93517557	9440,28970
11	93517557	93547861	9440
11	93551398	93583697	387804
11	93754527	93846917	341208
11	93862094	93915138	24145
11	94038759	94040887	390243
11	94110477	94134585	10888
11	94152895	94199661	4361
11	94199661	94199746	100302275,4361
11	94199746	94226795	100302275
11	94226795	94227074	54851,100302275
11	94227074	94232749	54851
11	94277006	94277017	143689
11	94277017	94283063	2526,143689
11	94283063	94354587	2526
11	94439597	94609918	154810
11	94695787	94706776	51503
11	94706845	94732682	55693
11	94758422	94760760	390245
11	94800361	94802388	10929
11	94822974	94865809	23052
11	94883703	94898704	101929295
11	94898704	94965705	143686,101929295
11	94965705	94967268	143686
11	95502106	95523129	143684
11	95523129	95523573	9702,143684
11	95523573	95565857	9702
11	95566046	95658479	8898
11	95709762	96074602	84441
11	96074602	96074690	84441,100422991
11	96074690	96076344	100422991
11	96085933	96123087	79780
11	96123153	96180296	8690
11	96180296	96239990	100874053,8690
11	96239990	96240738	100874053
11	98891683	100229616	53942
11	100554893	100558384	100128386
11	100558384	100558686	143872,100128386
11	100558686	100862668	143872
11	100862811	100864663	83935
11	100900355	101001255	5241
11	101322295	101390551	7225
11	101390551	101390636	100500823,7225
11	101390636	101743293	100500823
11	101761405	101785746	253935
11	101785746	101787253	57562,253935
11	101787253	101871789	57562
11	101918174	101955291	85016
11	101981192	102104154	10413
11	102188215	102210134	330
11	102217942	102249401	329
11	102267063	102323650	114908
11	102323650	102332739	101928424,114908
11	102332739	102341115	101928424
11	102391239	102401484	4316
11	102447566	102496063	9313
11	102562218	102576537	64066
11	102582526	102597781	4317
11	102617699	102641234	100288077
11	102641234	102651359	100288077,4319
11	102651359	102660651	4319
11	102660651	102668891	4312,4319
11	102668891	102706532	4312
11	102706532	102707497	4312,4314
11	102707497	102714534	4314
11	102733467	102745764	4321
11	102813724	102826463	4322
11	102932805	102962944	84259
11	102980160	103350591	79659
11	103720634	103720708	100616457
11	103777914	103907308	80310
11	103907308	103909922	80310,414301
11	103909922	104035107	414301
11	104756445	104769397	100506742
11	104772276	104789800	643733
11	104813593	104840163	837
11	104864962	104893895	838
11	104896170	104912053	834
11	104912053	104963196	834,114769
11	104963196	104972158	114769,834,440068
11	105008448	105010453	59082
11	105480721	105852819	2893
11	105866350	105893130	84437
11	105921825	105946228	143879
11	105946228	105948492	60496,143879
11	105948492	105969437	60496
11	106120746	106135632	101928535
11	106544738	106889250	2977
11	107197071	107328572	143884
11	107373452	107436472	91801
11	107461817	107537505	55531,643923
11	107578104	107590419	6588
11	107661717	107799019	54733
11	107799229	107834208	54734
11	107879459	107978503	8065
11	107992243	108018503	38
11	108027942	108093211	4863
11	108093211	108093369	472,4863
11	108093369	108179246	472
11	108179246	108239829	160140,472
11	108239829	108338258	160140
11	108342832	108369159	143888
11	108376158	108464465	23086
11	108535752	108811657	1662
11	109292846	109299840	399947
11	109964087	110042566	85463
11	110045605	110167447	5962
11	110300607	110335605	2230
11	110447766	110583912	57569
11	111126707	111157126	341032
11	111164114	111169565	399948
11	111169565	111175770	120376,399948
11	111175770	111179460	120376
11	111218482	111218549	100616330
11	111222977	111284967	5450,101928620
11	111284967	111288911	5450,101928620,100132078
11	111288911	111326355	100132078
11	111338251	111383079	54766
11	111383663	111383746	407041
11	111384164	111384240	407042
11	111384768	111385510	101928666
11	111385510	111397480	399949,101928666
11	111397480	111407756	399949
11	111411005	111432264	143903
11	111473115	111597632	23235
11	111597632	111601577	23235,5519
11	111601577	111637151	5519
11	111652919	111657010	79796
11	111657010	111742305	79796,79796
11	111742305	111744780	79796
11	111744780	111749659	79796,91893
11	111749659	111750149	64776,91893
11	111750149	111751967	64776,91893
11	111751967	111756699	64776
11	111779289	111782966	1410
11	111782966	111783460	1410,3316
11	111783460	111788756	91894,3316,1410
11	111788756	111789574	91894,3316,1410,91894
11	111789574	111794446	91894,3316,3316
11	111794446	111797595	91894,3316,3316
11	111797595	111797596	3316
11	111797868	111893308	85458
11	111895538	111900582	1737
11	111900582	111901091	10465,1737
11	111901091	111934734	10465
11	111934734	111935114	120379,10465
11	111935114	111944810	120379
11	111944810	111944998	120379,55216
11	111944998	111955524	55216
11	111955524	111955874	55216,26521
11	111955874	111957497	26521
11	111957497	111957522	26521,6392
11	111957522	111990353	6392
11	112013974	112034840	3606
11	112038095	112043282	56158
11	112046190	112095422	83875
11	112097088	112118876	5805
11	112118876	112131583	349633,5805
11	112131583	112140678	349633
11	112141472	112233257	100506870,283140
11	112263841	112404945	101928823
11	112404945	112426525	101928823,387810
11	112426525	112492452	387810
11	112830002	112831997	101928847
11	112831997	112834182	4684,101928847
11	112834182	113140254	4684
11	113140254	113144623	4684,100288346
11	113144623	113149158	100288346
11	113185251	113254266	54970
11	113258513	113271140	255239
11	113280318	113320745	1813
11	113320745	113320810	1813,100422855
11	113320810	113346413	100422855
11	113558272	113577095	80975
11	113603909	113644533	9183
11	113650469	113651222	644672
11	113668596	113746292	57646
11	113775399	113817287	9177
11	113845603	113861035	3359
11	113930315	114121398	7704
11	114128509	114184007	4837,101928916
11	114231357	114250767	101928940
11	114262165	114270752	54494
11	114270752	114271139	10179,54494
11	114271139	114284925	10179
11	114310108	114321001	25996
11	114392437	114430617	120400
11	114441313	114466484	54827
11	114549108	114579362	120406
11	115039938	115375675	23705
11	115624966	115631345	283143
11	116510139	116528969	101929011
11	116618886	116643704	84811
11	116648436	116658766	8882
11	116660083	116663136	116519
11	116691419	116694022	337
11	116700422	116703788	345
11	116706467	116708666	335
11	116714118	116969153	23387
11	117014983	117047610	5049
11	117049449	117068160	51092
11	117070037	117075053	6876
11	117075053	117075498	9159,6876
11	117075498	117103241	9159
11	117103341	117156402	257160
11	117156402	117157161	23621,257160
11	117157161	117185273	23621
11	117185273	117186975	23621,22897
11	117186975	117283984	22897
11	117298489	117671559	57453
11	117671559	117688240	486,57453
11	117688240	117690878	486
11	117690878	117699413	486,100533181
11	117699413	117707693	100533181
11	117707693	117747382	100533181,53826
11	117747382	117748201	53826,100533181
11	117771358	117800174	84000
11	117857063	117872196	3587
11	117886487	117947753	100526771
11	117947753	117957508	56649,100526771
11	117957508	117992605	56649
11	118004092	118023603	6330
11	118032666	118047388	6327
11	118064455	118095809	120425
11	118097409	118123065	196264
11	118124118	118135251	10205
11	118175260	118186890	916
11	118209669	118213459	915
11	118215059	118225876	917
11	118230300	118269926	9354
11	118271869	118302211	10632
11	118307205	118397539	4297
11	118398187	118401756	143941
11	118401756	118401912	84866,143941
11	118401912	118415243	84866
11	118415243	118417995	56912,84866
11	118417995	118443105	56912
11	118443105	118443685	56912,372
11	118443685	118473748	372
11	118477155	118528026	102466719,23187
11	118528026	118528741	11181,102466719,23187
11	118528741	118550399	11181
11	118620034	118661858	1656
11	118754475	118756550	643
11	118756550	118758451	643,101929133
11	118758451	118764584	101929133
11	118764584	118768508	283149,101929133
11	118768508	118781417	283149
11	118781417	118781496	283149,100616376
11	118781496	118795873	100616376
11	118795873	118796317	100616376,7379
11	118796317	118829269	7379
11	118842417	118852001	283150
11	118868852	118873722	338657
11	118873722	118874156	338657,649946
11	118874156	118886422	649946
11	118886422	118886501	6230,649946
11	118886501	118889142	6230
11	118889142	118889401	100500840,51399,6230
11	118889401	118889654	51399,100500840
11	118889654	118889722	51399,100500840
11	118889722	118894824	100500840,51399,100500840
11	118894824	118896164	100500840,2542,51399,100500840
11	118896164	118901616	2542
11	118914900	118927913	10525
11	118938403	118952688	55823
11	118955576	118964259	3145
11	118964564	118966177	3014
11	118967213	118972908	1798
11	118972908	118979041	1798,9854
11	118979041	118989252	9854
11	118992297	119006752	25988
11	119019722	119033360	64137
11	119037277	119054725	79671
11	119056166	119060347	79849
11	119060347	119060932	79849,283152
11	119060932	119067479	283152
11	119076752	119178859	867
11	119179241	119192231	102465453,4162
11	119205237	119208023	79102
11	119209652	119217368	83552,114902,83552
11	119217368	119217383	83552,114902,83552
11	119225925	119252436	9099
11	119252488	119288090	100499227
11	119288090	119295695	7070,100499227
11	119295695	119397374	7070
11	119494120	119599794	5818
11	119981983	120056237	23650
11	120081475	120101041	220323
11	120107349	120120468	25833
11	120120468	120136641	649133,25833
11	120136641	120190653	649133
11	120195838	120204391	219902
11	120207787	120360645	23365
11	120382468	120738642	2900
11	120738642	120765506	101929227,2900
11	120765506	120859613	101929227
11	120894781	120961484	219899
11	120971882	121062202	7007
11	121163162	121179403	6309
11	121322912	121504402	6653
11	121899063	121970465	399959
11	121970465	121970552	406911,399959
11	121970552	121986062	406911
11	121986062	121986923	406911,414899
11	121986923	121987031	414899
11	122017229	122017301	406882
11	122022937	122023016	406892
11	122526383	122685181	84959
11	122709208	122743347	56253
11	122753391	122830506	79864
11	122848278	122852428	390259
11	122888346	122889369	341056
11	122928197	122928785	85389,3312,85390
11	122928785	122928869	85389,85391,3312,85390
11	122928869	122929617	85391,85389,3312
11	122929617	122929703	85389,85391,3312,85390
11	122929703	122930043	85389,3312,85390
11	122930043	122930130	85389,3312,85390
11	122930130	122933938	85389,3312
11	122943035	123065989	79827
11	123252148	123252220	100616319
11	123396344	123498482	57476
11	123499895	123525952	55800
11	123594885	123612383	7753
11	123624196	123625253	390260
11	123676043	123677095	390261
11	123753633	123756349	338661
11	123777109	123778183	338662
11	123810250	123811344	219875
11	123813492	123814580	219874
11	123847368	123848488	219873
11	123886282	123887217	390264
11	123893720	123894655	219870
11	123900297	123901341	219869
11	123908773	123909717	390265
11	123986069	124018428	4013
11	124120423	124134723	26494
11	124134723	124135763	26494,219865
11	124179708	124180733	283159
11	124189134	124190184	283160
11	124252291	124253258	26595
11	124266278	124267264	390271
11	124293807	124294789	283162
11	124310022	124311054	26493
11	124412578	124413575	219858
11	124439893	124441037	390275
11	124481386	124490252	116337
11	124492732	124503009	84897
11	124503009	124505287	54414,84897
11	124505287	124543694	54414
11	124543694	124565603	53340,54414
11	124565603	124567414	53340
11	124609742	124617106	4900
11	124617368	124622026	23584
11	124622026	124622134	90952,23584
11	124622134	124629025	90952
11	124629025	124632186	90952,101929340,101930471
11	124632186	124635832	101929340,101930471
11	124636394	124670346	79684
11	124670346	124670569	79684,100507283
11	124670569	124704383	100507283
11	124735282	124751366	64221
11	124753587	124768396	54538
11	124789089	124789146	220296,641654
11	124789146	124790573	220296,641654,641654
11	124790573	124806308	641654
11	124824017	124911385	80071
11	124932963	124959131	219855
11	124966398	124981659	219854
11	125034583	125303285	63876
11	125315646	125366213	9638
11	125439112	125454575	9538
11	125461607	125495036	3703
11	125495036	125495110	3703,1111
11	125495110	125541417	1111
11	125541417	125546150	56,1111
11	125546150	125551018	56
11	125616188	125619762	160065
11	125646008	125648714	399967
11	125658006	125661495	100169851
11	125703211	125709964	399968
11	125753509	125763381	219844
11	125763381	125770543	83480,219844
11	125770543	125773116	83480
11	125773271	125793158	29118
11	125825691	125933230	50937
11	126071993	126081309	84881
11	126081309	126081587	84881,79607
11	126081587	126132814	79607
11	126132814	126132881	6734,79607
11	126132881	126138950	6734
11	126138950	126139039	55572,6734
11	126139039	126148026	55572
11	126152960	126168740	114609
11	126173647	126215644	28960
11	126225535	126293254	6484
11	126293254	126310239	84623,6484
11	126310239	126522747	84623
11	126522747	126551999	84623,101929427
11	126551999	126810642	101929427
11	126810642	126814986	101929427,100874251
11	126814986	126858354	100874251
11	126858354	126858438	100422918,100874251
11	126858438	126872805	100422918
11	126872805	126873355	283165,100422918
11	126873355	126875953	283165
11	126936897	126971215	101929473
11	127140957	127206928	101929497
11	128328656	128396037	2113
11	128396037	128400284	101929517,2113
11	128400284	128457453	101929517
11	128499548	128556430	101929538
11	128556430	128556817	2313,101929538
11	128556817	128561567	2313
11	128561567	128565918	2313,100507392
11	128565918	128683162	100507392
11	128706210	128737268	3758
11	128761251	128769460	3762
11	128769460	128775930	3762,219833
11	128775930	128790930	219833
11	128804626	128813040	63970
11	128834955	129149219	9743
11	129245835	129322171	8538
11	129685714	129729898	120224
11	129733531	129765485	4798
11	129769601	129872730	56980
11	129872833	129874251	440072
11	129939732	130014699	334
11	130029457	130080271	6768
11	130096572	130184581	29068
11	130274820	130298888	11095
11	130318869	130346532	170689
11	130542851	130587247	283171
11	130714086	130735456	100507431
11	130745331	130786404	399979
11	131240373	131372653	50863
11	131372653	131410761	101929653,50863
11	131410761	131532025	101929653
11	131532025	131533477	101929653,101929637
11	131533477	132154196	101929637
11	132154196	132154975	101929637,100874281
11	132154975	132206716	100874281
11	132284871	133402414	4978
11	133653566	133680271	646522
11	133710526	133715433	219938
11	133768399	133768476	100616119,283174
11	133778459	133826880	22997
11	133902167	133916744	100128239
11	133938820	134020014	83700
11	134020014	134021896	23310,83700
11	134021896	134094539	23310
11	134094539	134095348	23310,112936
11	134095348	134117686	112936
11	134118173	134123264	29087
11	134123389	134135749	27034
11	134144139	134189458	112937
11	134201768	134248235	89944
11	134248398	134281812	27087
11	134306367	134375555	283177
