12	175931	246577	440073,100996825
12	246577	258335	100996825,574538,440073
12	258335	287626	574538
12	299243	323736	6539
12	329789	372039	6540
12	389295	498439	5927
12	498439	498620	84318,5927
12	498620	551811	84318
12	569530	672675	283358
12	673462	740057	4815
12	740057	772872	100049716,4815
12	772872	772945	100049716
12	861759	1020618	65125
12	1021243	1099219	5893
12	1099675	1605099	23085
12	1639057	1675159	81029
12	1675159	1703331	144699,81029
12	1703331	1756409	144699
12	1769481	1769546	100500816
12	1797740	1897844	79602
12	1901123	1929433	93589
12	1929433	1945918	93589,654429
12	1945918	2028002	654429
12	2038368	2045740	100271702
12	2055220	2079952	196513
12	2079952	2113701	775,196513
12	2113701	2329703	775
12	2329703	2332645	775,100874234
12	2332645	2378942	100874234
12	2378942	2398103	100874370,100874234
12	2398103	2785167	100874370
12	2785167	2800366	100652846,100874370
12	2800366	2802108	100652846
12	2870366	2879621	283440
12	2904119	2914576	2288
12	2921788	2934514	100507424,55846
12	2934514	2944710	100507424,55846,83714
12	2944710	2958397	83714
12	2958397	2966213	101929469,83714
12	2966213	2966847	101929469
12	2966847	2968957	101929469,2305
12	2968957	2985424	2305
12	2985424	2986206	2305,83695
12	2986206	2986389	83695
12	2986389	2998626	7289,83695
12	2998626	3050306	7289
12	3068496	3149839	7004
12	3186521	3395730	10867
12	3490515	3703139	56341
12	3715799	3873985	84766
12	3900213	3982608	57097
12	4382938	4414516	894
12	4430371	4462338	57103
12	4477393	4488894	8074
12	4537321	4554780	2251
12	4596894	4647674	57102
12	4647950	4669214	10635
12	4671370	4723325	8798
12	4724674	4758213	10566
12	4758261	4798454	4704
12	4809583	4829268	101929549
12	4829507	4918342	26290
12	4918342	4960277	3742,26290
12	5019071	5040527	3736
12	5132848	5134758	100507560
12	5153085	5155949	3741
12	5343163	5352317	101929584
12	5541278	5630702	4908
12	5641035	6055398	57101
12	6058040	6233936	7450
12	6308881	6347425	928
12	6419602	6437672	55200
12	6437923	6451280	7132
12	6456009	6484211	6337
12	6484211	6486896	4055,6337
12	6486896	6500733	4055
12	6548167	6554033	678655
12	6554033	6560733	678655,939
12	6560733	6560856	939
12	6560856	6560884	939,55080
12	6560884	6571403	55080
12	6571403	6575683	6843,55080
12	6575683	6580153	6843
12	6601150	6602522	51258
12	6602522	6603007	51258,9918
12	6603007	6619388	9918
12	6619388	6619717	9918,692148
12	6619717	6641121	692148
12	6643093	6647537	2597
12	6647541	6665239	25900
12	6666029	6677857	4839
12	6679249	6690640	1108
12	6690640	6690775	1108,677780
12	6690775	6716642	677780
12	6728001	6745613	57121
12	6747241	6756626	84519
12	6759446	6772314	51147
12	6775643	6798738	171017
12	6802958	6809966	196500
12	6832907	6841041	50813
12	6857170	6874682	8079
12	6874682	6876641	5763,8079
12	6876641	6880116	5763
12	6881678	6887621	3902
12	6896024	6929974	920
12	6930711	6937572	27239
12	6937572	6939136	10536,27239
12	6939136	6949018	10536
12	6949118	6953957	2784
12	6953957	6956557	83461,2784
12	6956557	6961230	83461
12	6961292	6975796	8078
12	6976283	6980099	7167
12	6980099	6980112	84727,7167
12	6980112	6982553	84727
12	6982553	6982733	84727,283345
12	6982733	6993846	10233,283345,283345
12	6993846	6993905	10233,283345,171220
12	6993905	6994950	10233,283345,171220
12	6994950	6998522	283345,10233
12	6998522	7022909	10233
12	7022909	7023407	10233,2026
12	7023407	7032861	2026
12	7033626	7051484	1822
12	7052141	7052671	113246
12	7052671	7052979	100147744,113246
12	7052979	7053041	100147744,113246
12	7053041	7053767	100147744
12	7053767	7055166	100147744
12	7055631	7070479	5777
12	7072862	7072929	406985
12	7073260	7073354	406933
12	7074490	7076500	11331
12	7076500	7076769	677777,11331
12	7076769	7079988	677777
12	7085348	7096351	10162
12	7096351	7125814	10162,716
12	7125814	7178336	716
12	7187513	7242183	715
12	7242183	7245203	715,51279
12	7245203	7260648	51279
12	7260648	7261869	51279,283314
12	7261869	7275097	283314
12	7276280	7281538	83758
12	7282294	7311541	9746
12	7341281	7371170	5830
12	7456880	7481320	341392
12	7499281	7591376	283316
12	7591376	7592586	283316,54737
12	7592586	7623409	54737
12	7623409	7632493	54737,9332
12	7632493	7656489	9332
12	7801996	7818499	339
12	7842378	7848372	9573
12	7864050	7870155	359787,101060236
12	7882011	7904201	170482
12	7917812	7926717	360030
12	7940390	7948655	79923
12	7965108	8043744	144195
12	8071826	8088871	6515
12	8185299	8208099	55810
12	8210898	8219067	719
12	8234807	8250367	25977
12	8276228	8286368	50856
12	8286368	8287447	50856,642559
12	8287447	8290733	642559
12	8290733	8291203	440077,642559,100131539
12	8291203	8332805	440077,100131539
12	8332805	8341133	101928910,440078,100131539,440077
12	8341133	8368747	101928910,440078
12	8373856	8380214	55138
12	8388011	8395160	101927905
12	8448582	8549399	389634
12	8608522	8630926	93978
12	8662071	8674962	338339
12	8685901	8693559	26253
12	8754762	8765467	57379
12	8789942	8815484	8076
12	8834196	8935691	57494
12	8940853	8948385	101930433,101930011
12	8975068	9039597	144568
12	9066492	9092959	1911
12	9092959	9094063	4074,1911
12	9094063	9102551	4074
12	9102640	9163356	10219
12	9208182	9217666	253128
12	9217773	9220260	144571
12	9220260	9220651	2,144571
12	9220651	9268825	2
12	9301436	9360966	5858
12	9381129	9392599	3
12	9392599	9395635	100499405,3
12	9395635	9428413	100499405
12	9520060	9550213	101930452
12	9570309	9600825	440081
12	9620148	9728864	728715
12	9747147	9760482	3820
12	9787188	9811008	374443
12	9811163	9814681	101928054
12	9817565	9847980	29121
12	9847980	9848413	29121,29121
12	9848413	9848823	29121
12	9868456	9885895	160365
12	9905082	9913497	969
12	9980077	9997606	51348
12	10005583	10022735	9976
12	10034088	10048432	100431172
12	10051272	10084980	387836
12	10089178	10096094	100506159
12	10100736	10103915	400002
12	10103915	10105935	400002,160364
12	10105935	10138241	160364
12	10138241	10148293	51266,160364
12	10148293	10163226	51266
12	10163226	10166023	51266,387837
12	10166023	10171218	387837
12	10183276	10218565	283420
12	10222153	10264226	51267
12	10269376	10282857	64581
12	10310902	10323141	4973
12	10323141	10324737	120939,4973
12	10324737	10344400	120939
12	10365057	10375727	23710
12	10378657	10469850	3824
12	10516368	10524952	101928100
12	10524952	10544473	22914,101928100,100528032,22914
12	10544473	10551105	22914,100528032
12	10551105	10559983	22914
12	10559983	10562356	8302,22914
12	10562356	10562745	8302
12	10564911	10573194	3823
12	10579453	10594863	3822
12	10594863	10594899	3821,3822
12	10594899	10607284	3821
12	10758612	10766222	55110
12	10771538	10826917	55359
12	10851683	10875911	8531
12	10902833	10930043	101928162
12	10954131	10955226	50837
12	10958650	10959892	50836
12	10961693	10962767	50835
12	10977559	10977916	100533464,11272
12	10977916	10978957	100533464,11272,50839
12	10978957	11033610	50839
12	11033610	11036854	50839,5554
12	11036854	11060525	5554
12	11060525	11062161	50838,5554
12	11062161	11081835	50838
12	11081835	11084940	5554,50838,5555
12	11084940	11090005	5554,5555
12	11090005	11138512	50840,5554,5555
12	11138512	11139511	259296,50840,50840
12	11139511	11149094	259296,50840
12	11149094	11150474	259296,50840,259295
12	11150474	11174218	50840,259295
12	11174218	11175219	259294,50840,259295
12	11175219	11182986	259294,50840
12	11182986	11184006	259291,259294,50840,259290
12	11184006	11213964	259291,259290,50840
12	11213964	11214893	259291,50840,259292,259290
12	11214893	11243886	259292,50840
12	11243886	11244912	50840,259292,259289
12	11244912	11285557	50840,259289
12	11285557	11287243	50840,259293,259289
12	11287243	11324172	259293
12	11287243	11324212	50840
12	11338599	11339543	353164
12	11418857	11422739	5544
12	11460017	11463369	5545
12	11504757	11544476	5542
12	11544476	11548500	653247,5542
12	11548500	11653975	653247
12	11700964	11743303	338817
12	11802788	12048336	2120
12	12202778	12268959	79370,101928224
12	12268959	12364018	4040,79370,101928224
12	12364018	12419946	4040
12	12482198	12503475	54682
12	12510013	12619840	118426
12	12628829	12715317	80824
12	12764761	12798042	1389
12	12813825	12849141	2842
12	12867992	12875305	1027
12	12878851	12917583	81575
12	12917583	12917677	81575,693198
12	12917677	12966250	693198
12	12966250	12982909	693198,51202
12	12982909	12982915	51202
12	13028433	13029044	387841
12	13043716	13068763	9052
12	13068763	13068852	693199,9052
12	13068852	13070871	693199
12	13080660	13093709	100506314
12	13093709	13105081	100506314,55507
12	13105081	13127798	55507
12	13127798	13137579	55507,50865
12	13137579	13152812	50865
12	13152812	13153207	93164,50865
12	13153207	13155768	93164
12	13197218	13236494	57613
12	13236494	13256619	57613,83445
12	13256619	13295455	83445
12	13349650	13369708	2012
12	13693165	14133053	2904
12	14518610	14651697	55729
12	14656595	14720684	79887
12	14720684	14721283	79887,101928290
12	14721283	14765576	101928290
12	14765576	14772689	101928290,2984
12	14772689	14849519	2984
12	14920933	14924065	8294,8361,8362,121504,8370,8367,8366,8359,8364,554313,8363,8368,8360,8365
12	14927270	14930936	55766
12	14939410	14956474	51729
12	14956506	14957584	144608
12	14957584	14967116	144608,440087
12	14967116	14978503	440087
12	14978503	14996429	420,440087
12	14996429	15034115	420
12	15034115	15038860	4256,420
12	15038860	15059520	4256
12	15066969	15092016	121506
12	15094951	15114662	397
12	15125956	15134799	5149
12	15154767	15159617	101928340
12	15260717	15304857	85004
12	15304857	15308217	85004,100873980
12	15308217	15475331	100873980
12	15475331	15501609	5800,100873980
12	15501609	15750333	5800
12	15773092	16035263	2059
12	16035325	16056412	11171
12	16064106	16190220	51071
12	16341419	16430619	729025
12	16500076	16701307	4257
12	16701307	16762193	55885,4257
12	16762193	16763528	55885
12	18233803	18400548	79785
12	18400548	18473041	79785,5288
12	18473041	18801348	5288
12	18836103	18890991	89869
12	18891045	18892121	93661
12	19282648	19529334	54477
12	19556979	19873735	121536
12	20167714	20251802	100506393
12	20522179	20837315	5139
12	20848289	20906320	53919
12	20963636	20968673	28234
12	20968673	21243040	338821,28234
12	21243040	21245679	338821
12	21284136	21392180	10599
12	21417534	21507893	6579
12	21507893	21532912	6579,3375
12	21532912	21572528	3375
12	21590549	21621845	79912
12	21621845	21623300	5965,79912
12	21623300	21654603	5965
12	21654715	21671342	51026
12	21679241	21689123	80763
12	21689123	21690311	2998,80763
12	21690311	21757781	2998
12	21788276	21910791	3945
12	21917889	21928515	3764
12	21950335	22094336	10060
12	22199108	22216707	55907
12	22216707	22218608	55907,6489
12	22218608	22589975	6489
12	22601517	22697480	9847
12	22778009	22843599	55500
12	23252302	23344521	101928441
12	23682440	24103966	6660
12	24365355	24365429	100126320
12	24719898	24737102	144360
12	24964295	25102393	586
12	25146358	25150453	196415
12	25173936	25261268	4033
12	25261354	25348096	55259
12	25348150	25357723	144363
12	25357723	25362579	3845,144363
12	25362579	25403870	3845
12	25562241	25801513	160492
12	25956137	25957460	732360
12	26092262	26111962	100506451
12	26111962	26112698	11228,100506451
12	26112698	26232825	11228
12	26272959	26274924	79365
12	26274924	26278060	8082,79365
12	26278060	26452223	8082
12	26490342	26986131	3709
12	27058114	27091259	55726
12	27091316	27119583	26127
12	27126128	27167367	51768
12	27175479	27219276	101928625,9412
12	27233991	27235447	728858
12	27396901	27478892	23012
12	27485787	27542722	56938
12	27542722	27576241	101928646,56938
12	27576241	27599558	101928646
12	27619743	27655118	341346
12	27676364	27848497	8496
12	27849428	27850566	387849
12	27863706	27909228	60488
12	27915671	27924209	100287284
12	27932953	27955973	57542
12	28111017	28125638	5744
12	28286182	28732883	55297
12	29302036	29433351	55711
12	29433351	29470781	100506606,55711
12	29470781	29490285	100506606
12	29490285	29493913	100506606,51290
12	29493913	29534122	51290
12	29565407	29650619	341350
12	29653773	29937692	83857
12	30781922	30848920	10526
12	30862486	30907885	65981
12	30908008	30933673	645485
12	30947977	30955645	100287314
12	31079362	31149534	441631
12	31173697	31226779	100506660
12	31226779	31226781	1663,100506660
12	31226781	31257725	1663
12	31264586	31359088	100509445,144203
12	31433518	31479992	58516
12	31516415	31522235	101929027
12	31535157	31742857	160518
12	31742857	31744031	160518,100874249
12	31744031	31768600	100874249
12	31800094	31824071	254013
12	31824071	31826048	254013,196394
12	31826048	31882108	196394
12	31944123	31945175	440093
12	32112304	32146039	55196
12	32259769	32536567	636
12	32552463	32798984	121512
12	32832134	32880424	10059
12	32880424	32898486	10059,51067
12	32898486	32908836	51067
12	32943679	33049774	5318
12	33527173	33592754	341359
12	34175216	34182629	84920
12	38710380	38717784	84920,144245
12	39040624	39301232	144402
12	39687030	39837192	55605
12	39943835	40013553	225
12	40019969	40148823	283461
12	40148823	40302102	114134,283461
12	40302102	40499891	114134
12	40590546	40763087	120892
12	40787197	40964632	283463
12	41086244	41466220	1272
12	41582250	41968392	29951
12	42157991	42159383	101927038
12	42475647	42538681	283464
12	42550906	42632151	10138
12	42632249	42705880	51535
12	42705880	42719920	85437,51535
12	42719920	42852140	85437
12	42852140	42853517	85437,144165
12	42853517	42984157	144165
12	43009305	43040300	101927058
12	43747669	43945724	80070
12	44122410	44152620	83448
12	44152747	44183346	51135
12	44187526	44200178	5756
12	44229770	44783545	84216
12	44902058	45315631	4753
12	45408455	45444882	440097
12	45566847	45609770	51054
12	45609770	45609824	196527,51054
12	45609824	45834187	196527
12	46119510	46121558	400027
12	46123448	46301823	196528
12	46312914	46385903	9169
12	46576846	46663800	81539
12	46751972	46766650	54407
12	46777462	46850051	100288798
12	47158546	47226191	55089
12	47469490	47473386	347902
12	47473386	47473734	347902,91523
12	47473734	47581595	91523
12	47581595	47581674	100616486,91523
12	47581674	47599681	100616486
12	47599681	47610239	100616486,100233209
12	47610239	47630443	100233209
12	47757969	47758052	100616478
12	47808791	47813962	101927135
12	48057070	48099844	79657
12	48103517	48119350	8909
12	48128455	48147699	10411
12	48147699	48164823	55652,10411
12	48164823	48176505	55652
12	48176505	48176536	55652,51564
12	48176536	48226915	51564
12	48235320	48336831	7421
12	48357352	48362661	79022
12	48366748	48398269	1280
12	48436681	48498922	29843
12	48498922	48500091	5213,29843
12	48500091	48540187	5213
12	48541571	48574996	140461
12	48577366	48579709	387856
12	48596081	48597170	121275
12	48722763	48724062	341567
12	48733791	48745197	121274
12	48866448	48866843	23519
12	48876286	48890295	121273
12	48901137	48923680	341568
12	48961467	48963849	3906
12	49047184	49048165	54934
12	49048165	49048301	677815,54934
12	49048301	49050431	677815
12	49050431	49050565	677815,677793
12	49050565	49061240	677793
12	49061240	49061376	677794,677793
12	49061376	49076021	677794
12	49082247	49110681	904
12	49159975	49165758	112
12	49165758	49165820	112,100616262
12	49165820	49182820	100616262
12	49182930	49184318	100506125
12	49207577	49222724	784
12	49223547	49246625	9416
12	49250928	49259681	27289
12	49297893	49315301	85478
12	49315301	49320257	85478,51303
12	49320257	49325623	51303
12	49329506	49351334	377
12	49359123	49365546	7480
12	49372398	49375459	7471
12	49388932	49393092	23109
12	49396057	49412758	5571
12	49412758	49412980	5571,8085
12	49412980	49453557	8085
12	49458468	49463808	121268
12	49483204	49488602	50846
12	49490919	49504683	55716
12	49521565	49525180	10376
12	49578579	49582519	7846
12	49582519	49583107	84790,7846
12	49583107	49667114	84790
12	49686414	49687035	101927267
12	49687035	49692465	101927267,5630
12	49692465	49717019	5630
12	49717019	49718359	10024,5630
12	49718359	49725514	10024
12	49726200	49730971	338761
12	49740700	49751309	79962
12	49760367	49783299	65244
12	49783299	49783945	65244,100335030
12	49783945	49921205	100335030
12	49932940	49950327	23416
12	49950327	49952091	10445,23416
12	49952091	49961936	10445
12	49962001	49976668	25766
12	49976668	49999422	25766,84070
12	49999422	50031724	84070
12	50031724	50038449	84070,91010
12	50038449	50101508	91010
12	50101508	50101948	7009,91010
12	50101948	50158717	7009
12	50184929	50222325	57701
12	50222325	50222533	100286844,57701
12	50222533	50231573	100286844
12	50231573	50234926	100286844,144233
12	50234926	50236912	144233
12	50260679	50298000	23017
12	50302665	50305646	283332
12	50305736	50324103	101927292
12	50344524	50345295	359
12	50345295	50352664	359,101927318
12	50352664	50355653	101927318
12	50355653	50356707	362,101927318
12	50356707	50359464	362
12	50360977	50370706	363
12	50370706	50370922	363,29127
12	50370922	50426919	29127
12	50451331	50477394	41
12	50478755	50494495	6602
12	50497602	50505102	2819
12	50505762	50514240	84987
12	50523575	50561288	91012
12	50569571	50627925	51474
12	50627925	50627995	51474,100302220
12	50627995	50677329	100302220
12	50720013	50786166	121006
12	50786166	50790405	121006,113251
12	50790405	50873787	113251
12	50898768	51142450	57609
12	51157493	51214905	466
12	51236703	51281667	283471
12	51317255	51326300	25840
12	51347705	51364289	613227
12	51373184	51422349	4891
12	51441745	51454207	25875
12	51454990	51477447	81566
12	51487446	51566926	7024
12	51580719	51611477	5463
12	51632076	51638342	9802
12	51638342	51664674	57228,9802
12	51664674	51665146	57228
12	51674822	51718452	51411
12	51722227	51740463	1990
12	51745031	51785101	11226
12	51785101	51786651	11226,9498
12	51786651	51902980	9498
12	51984050	52206648	6334
12	52281744	52285448	341405
12	52300692	52317145	94
12	52345451	52390862	91
12	52400724	52409673	160622
12	52416616	52453291	3164
12	52463030	52471278	60673
12	52478528	52486069	100509541
12	52562780	52585784	144501
12	52604714	52617588	283404
12	52626304	52643084	3855
12	52643084	52645970	3892,3855
12	52645970	52679697	3892
12	52679697	52685318	3892,3887
12	52685318	52702947	3887
12	52708085	52715182	3889
12	52753790	52761265	3891
12	52771596	52779436	3890
12	52787715	52800139	3888
12	52817854	52828309	9119
12	52840435	52845910	3854
12	52862300	52867569	286887
12	52880958	52887041	3853
12	52908359	52914471	3852
12	52937693	52946931	112802
12	52959566	52967609	121391
12	52979373	52995251	140807
12	52995251	52995322	140807,100127967
12	52995322	53001354	100127967
12	53001354	53009089	100127967,319101
12	53009089	53012343	319101
12	53038342	53045948	3849
12	53068520	53074191	3848
12	53083410	53097247	374454
12	53161939	53171129	51350
12	53183469	53189901	3850
12	53200333	53208335	3851
12	53215194	53228079	338785
12	53231588	53242876	196374
12	53290977	53342655	3856
12	53342655	53343738	3875,3856
12	53343738	53346685	3875
12	53399942	53408380	1975
12	53408380	53435993	1975,283335
12	53435993	53440753	283335
12	53440753	53448222	283335,23371
12	53448222	53458156	23371
12	53458388	53473204	84926
12	53491220	53496129	3489
12	53497302	53518322	8435
12	53551447	53574484	51380
12	53574484	53575135	283337,51380
12	53575135	53584596	283337
12	53585102	53601091	3695
12	53604354	53626764	5916
12	53645035	53648189	84975
12	53662083	53687427	9700
12	53689075	53693234	5204
12	53693470	53700961	60314
12	53701240	53718648	8086
12	53720362	53739099	121340
12	53773960	53810230	6667
12	53817639	53825318	269
12	53835389	53835525	54458
12	53835525	53840429	54458,5094
12	53840429	53874274	5094
12	53874274	53874946	7786,5094
12	53874946	53893847	7786
12	53894705	53900215	6895
12	53900474	53901422	8620
12	53901640	53907768	11016
12	53907768	53911392	100652999,11016
12	53911392	54020199	100652999
12	54026510	54071192	517
12	54104903	54121529	57658
12	54144231	54145619	102216268
12	54329112	54332535	100874366
12	54332535	54333427	3229,100874366
12	54333427	54340328	3229
12	54348618	54352740	3228
12	54356092	54366910	100124700
12	54366910	54368740	3227,100124700
12	54368740	54371427	3227
12	54378849	54384063	3226
12	54384408	54385522	3223
12	54385522	54385631	3223,406973
12	54385631	54387594	406973
12	54387594	54388679	100874364,406973
12	54388679	54390569	100874364,3225,100874364
12	54390569	54392806	100874364,3225
12	54392806	54393794	3225,100874364,100874363
12	54393794	54397121	100874364,100874363
12	54397121	54402832	100874364
12	54402832	54407570	3224,100874364
12	54407570	54410715	3224
12	54410715	54410894	3224,3221
12	54410894	54424607	3222,3221
12	54424607	54426637	3222,3221
12	54426637	54427734	3222,3221
12	54427734	54427829	3222,693200
12	54427829	54429142	3222,693200
12	54429142	54429145	3222
12	54429145	54447661	3222
12	54447661	54449813	3222,3221
12	54449813	54449814	3221
12	54452038	54470622	440101
12	54470622	54475687	100240735,101928930,101928102,440101
12	54475687	54475902	100240735
12	54475902	54478916	100240735,100240734
12	54478916	54496477	101930560,100240734,100240734
12	54496477	54516018	101930560,100240734
12	54516018	54519776	101930560
12	54519882	54526627	400043
12	54558529	54582778	23583
12	54624724	54625181	23468
12	54625181	54625260	23468,100616400
12	54625260	54673886	100616400
12	54673977	54680872	3178
12	54685895	54694905	4778
12	54694986	54731000	22818
12	54731000	54731098	22818,442892
12	54731098	54745633	442892
12	54756229	54758271	53831
12	54762917	54785082	25946
12	54789045	54813244	3678
12	54849734	54867386	121355
12	54891495	54937726	3071
12	54943134	54969171	5153
12	54969171	54973023	5153,5502
12	54973023	54982443	5502
12	55001971	55004246	644076
12	55024595	55028679	90070
12	55038375	55042277	117159
12	55224303	55252177	118430
12	55341802	55378530	9840
12	55413729	55423798	58158
12	55523465	55524586	441639
12	55614809	55615759	121364
12	55640982	55642086	254783
12	55688072	55689016	283365
12	55714346	55715408	390321
12	55725485	55726420	254786
12	55758895	55759833	390323
12	55794214	55795289	403282
12	55820038	55820976	390326
12	55845998	55846936	341416
12	55862984	55863922	390327
12	55886147	55887100	403284
12	55944983	55946028	341418
12	55968199	55969128	121129
12	56030644	56031638	121130
12	56075330	56078352	196410
12	56078352	56078395	3679,196410
12	56078395	56109820	3679
12	56109820	56109827	3679,2647
12	56109827	56113871	2647
12	56114151	56118489	5959
12	56119107	56123491	967
12	56137064	56146247	10220
12	56146247	56150911	10220,84324
12	56150911	56211540	84324
12	56211703	56214744	29095
12	56214744	56215663	29095,85406
12	56215663	56223529	85406
12	56223529	56224608	85406,440104
12	56224608	56229217	440104
12	56229217	56230030	440104,4327
12	56230030	56236750	4327
12	56295197	56321103	84305
12	56321103	56326402	84305,1606
12	56326402	56347811	1606
12	56347889	56360553	6490
12	56360553	56366568	6490,1017
12	56366568	56367101	1017
12	56367697	56388490	5869
12	56390964	56400425	6821
12	56401443	56432219	64375
12	56435637	56438116	101929876,100996747,6231
12	56473641	56497289	2065
12	56498103	56507691	5036
12	56510370	56511727	6171
12	56511943	56512034	84872
12	56512034	56516278	23344,84872
12	56516278	56538455	23344
12	56546040	56551945	140465
12	56551945	56553431	4637,140465
12	56553431	56556767	4637
12	56556767	56557280	6601,4637
12	56557280	56583351	6601
12	56598285	56615717	10193
12	56615799	56623638	79035
12	56623833	56631591	283375
12	56631591	56631630	283373,283375
12	56631630	56652175	283373
12	56660642	56664750	93058
12	56665483	56694176	1431
12	56703626	56710007	10330
12	56710007	56710120	10330,9924
12	56710120	56727837	9924
12	56732663	56734193	51561
12	56735381	56753939	6773
12	56754353	56756607	319
12	56810903	56843187	8914
12	56843286	56862301	4284
12	56862301	56862950	283377,4284
12	56862950	56864736	283377
12	56864736	56864763	283377,27165
12	56864763	56882198	27165
12	56915713	56984745	5939
12	56989380	57030600	11176
12	57031959	57038811	506
12	57038811	57038885	26789,506
12	57038885	57039798	26789
12	57057127	57082159	10728
12	57106212	57125380	4666
12	57125380	57125412	5557,4666
12	57125412	57145945	5557
12	57145945	57146157	5557,8630
12	57146157	57181574	8630
12	57316938	57328189	121214
12	57345219	57353158	8608
12	57388230	57390468	11318
12	57392618	57400230	9880
12	57403784	57422301	6866
12	57422301	57422667	4640,6866
12	57422667	57444982	4640
12	57449426	57481846	23306
12	57482677	57489191	4665
12	57489191	57489259	4665,6778
12	57489259	57522276	6778
12	57522276	57525922	4035,6778
12	57525922	57588287	4035
12	57588287	57588359	4035,100302201
12	57588359	57607134	100302201
12	57610578	57620232	11247
12	57623110	57628686	6472
12	57628686	57628718	6472,56901
12	57628718	57634498	56901
12	57637236	57643392	246329
12	57643392	57644976	246329,22864
12	57644976	57824788	22864
12	57828543	57844611	3626
12	57846106	57853063	83729
12	57853918	57866038	2735
12	57866038	57866045	64333,2735
12	57866045	57869228	64333
12	57869228	57882597	102465454,64333,4141
12	57882597	57910371	102465454,4141
12	57910371	57911352	102465454,1649,4141
12	57911352	57912946	1649
12	57912946	57913042	693201,1649
12	57913042	57914300	693201
12	57914493	57923885	114785
12	57923885	57923931	114785,10540
12	57923931	57941114	10540
12	57943781	57980415	3798
12	57984957	57997198	79837
12	57998405	58003587	196403
12	58003963	58013162	115557
12	58013310	58017193	65012
12	58017193	58019934	65012,2583
12	58019934	58027138	2583
12	58087738	58115340	10956
12	58117544	58118980	116986
12	58118980	58119448	116986,116986
12	58119448	58131796	116986
12	58131796	58135940	6302,116986
12	58135940	58141510	6302
12	58141510	58143994	6302,1019
12	58143994	58148881	1019
12	58148881	58149796	92979,1019
12	58149796	58154190	92979
12	58156117	58162254	1594
12	58162254	58162769	1594,4234
12	58162769	58165275	4234
12	58165275	58166576	4234,25895
12	58166576	58176324	25895
12	58176372	58191159	10102
12	58191159	58201854	10677,10102
12	58201854	58212487	10677
12	58213710	58218392	10106
12	58218392	58218475	407016,10106
12	58218475	58240522	407016
12	58263618	58290265	283387
12	58325311	58329958	100506844
12	58335324	58351052	91419
12	58937907	58959743	100506869
12	58959743	59175529	101927653,100506869
12	59175529	59206842	101927653
12	59265931	59314303	121227
12	59989848	60176395	9194
12	62102040	62654119	338811
12	62654119	62672931	102465133,338811,9958
12	62672931	62811211	102465133,9958
12	62860597	62876129	23041
12	62876129	62878712	23041,101927719
12	62878712	62991363	101927719
12	62995531	62997214	283416
12	62997466	62997550	406891
12	63037762	63328817	57460
12	63539014	63544722	552
12	63952693	64062719	283417
12	64173583	64203338	10329
12	64238073	64541613	57522
12	64580096	64616076	144577
12	64660217	64784972	115749
12	64798130	64844907	11260
12	64845660	64895888	29110
12	65004293	65016289	283349
12	65016289	65016385	283349,693129,100500856
12	65016385	65091347	100500856
12	65107225	65153227	2799
12	65174589	65274812	23329
12	65277174	65371302	400046
12	65444406	65515346	11197
12	65563351	65642107	23592
12	65672423	65860600	253827
12	65860600	65882024	100507065,253827
12	65882024	66036152	100507065
12	66151800	66217911	204010
12	66217911	66220754	204010,8091
12	66220754	66245120	8091
12	66245120	66275947	8091,101927810
12	66275947	66360075	101927810
12	66516842	66517697	84298
12	66517697	66517709	51643,84298
12	66517709	66524548	51643,84298
12	66524548	66563765	51643,51643
12	66563765	66563852	51643
12	66582659	66648402	11213
12	66696325	66737423	92797
12	66741211	67197966	23426
12	67663061	67713731	55832
12	67913609	67960906	100507175
12	68042118	68059186	8445
12	68102827	68123255	101927901
12	68383225	68548548	100885789
12	68548548	68553527	100885789,3458
12	68553527	68595131	3458
12	68595131	68619601	3458,55801
12	68619601	68628466	55801
12	68642022	68647387	50616
12	68666223	68726161	56890
12	68726668	68845443	101927981
12	69004619	69021014	5908
12	69021014	69021155	5908,100379132
12	69021155	69054372	100379132
12	69068151	69080514	100507250
12	69080514	69081535	100507250,57122
12	69081535	69136785	57122
12	69139886	69187508	55508
12	69198791	69199259	100130075
12	69201956	69235977	4193
12	69235977	69239214	4193,1368
12	69239214	69365350	1368
12	69633317	69668138	11052
12	69742121	69748014	4069
12	69753483	69784576	8089
12	69864129	69973562	10818
12	69978502	69978603	100500868,100500903
12	69979114	69995350	10576
12	70002351	70004942	376132
12	70037140	70093256	144453
12	70107413	70132348	101928002
12	70132461	70216984	117177
12	70297813	70636774	101928086
12	70636774	70637140	4848,101928086
12	70637140	70748773	4848
12	70760056	70828072	27345
12	70910630	71031220	5787
12	71031853	71314623	5801
12	71518865	71833550	7103
12	71833550	71835678	8549,7103
12	71835678	71980090	8549
12	72003252	72056789	196441
12	72056789	72061505	196441,83591
12	72061505	72074419	83591
12	72079867	72097836	55266
12	72148654	72184699	23011
12	72233487	72243008	64786
12	72243008	72244208	729633,64786
12	72244208	72320629	729633
12	72332626	72481046	121278
12	72481046	72580398	121278,29953
12	72580398	72647288	29953
12	72647288	72668687	283392,29953
12	72668687	73059422	283392
12	73509737	73537638	101928116
12	73552970	73602097	101928137
12	74526946	74796315	100507377
12	74931551	74935223	552889
12	75433857	75603648	3747
12	75628520	75669759	101928157
12	75669759	75692288	84698,101928157
12	75692288	75728419	84698
12	75728419	75764340	84698,256710
12	75764340	75784708	256710
12	75784850	75826468	144321
12	75874460	75890684	11010
12	75890684	75897633	11103,11010
12	75897633	75905416	11103
12	76419227	76427712	22822
12	76438670	76478813	4673
12	76738254	76742222	79738
12	76745577	76953589	114882
12	77157368	77247476	23390
12	77252495	77272840	1466
12	77415027	77459360	144455
12	78224685	78606790	89795
12	78720460	78753526	100507498
12	79257773	79813037	6857
12	79813037	79813101	100302136,6857
12	79813101	79845788	100302136
12	79968759	80084877	5074
12	80167343	80328681	4659
12	80328681	80329240	101928294,4659
12	80329240	80334448	101928294
12	80603233	80772870	283310
12	81101277	81103253	4618
12	81110691	81113452	4617
12	81156933	81164496	101928420
12	81186299	81226312	8825
12	81226312	81226408	693202,8825
12	81226408	81329515	693202
12	81329515	81329612	693202,693203
12	81329612	81331594	693203
12	81331594	81331704	79611,693203
12	81331704	81552167	79611
12	81552167	81552240	79611,100616133
12	81552240	81650533	100616133
12	81652045	82153332	8499
12	82347498	82386912	101928449
12	82617460	82752276	29080
12	82752276	82752584	84190,29080
12	82752584	82873015	84190
12	83080659	83528649	160335
12	85253492	85307394	55117
12	85408094	85430055	144448
12	85430092	85657002	84125
12	85673885	85695562	8092
12	86198331	86230348	9182
12	86268073	86276770	4922
12	86372516	87232681	25834
12	88175940	88178345	400058
12	88373816	88427623	160419
12	88427623	88427814	160419,91298
12	88427814	88442793	91298
12	88442793	88443937	80184,91298
12	88443937	88535993	80184
12	88536073	88593664	160418
12	88886570	88974628	4254
12	89404458	89413456	728084
12	89741009	89747048	1848
12	89813495	89913185	282809
12	89913185	89919801	100528030,282809,8693
12	89919801	89920039	100528030,8693
12	89981828	90102736	490
12	90102736	90103077	338758,490
12	90103077	90106367	338758
12	91299399	91311800	196477
12	91311800	91342446	439916,196477
12	91342446	91348953	439916
12	91357456	91398803	1833
12	91444268	91451760	11081
12	91496406	91505608	4060
12	91539025	91576900	1634
12	92378756	92536286	256021
12	92536286	92536690	694,256021
12	92536690	92539673	694
12	92813870	92815307	574016
12	92815307	92821924	574016,574028
12	92821924	92824778	574028
12	92860227	92885867	100507616
12	93096619	93102325	338809
12	93115281	93164413	440107
12	93164413	93166231	440107,8411
12	93166231	93323107	8411
12	93710911	93771512	643339
12	93771659	93797024	11163
12	93799449	93836038	7334
12	93861264	93897545	28977
12	93936239	93963590	144481
12	93963590	93965544	8835,144481
12	93965544	93977263	8835
12	94071151	94101567	8738
12	94101567	94131599	101928731,8738
12	94131599	94288616	101928731
12	94542499	94700225	10154
12	94700225	94701451	10154,51134
12	94701451	94853764	51134
12	94955565	94955635	100847031
12	94960900	95044338	57458
12	95227923	95228174	574449,160313
12	95228174	95228289	574449,160313
12	95228289	95228934	574449
12	95290831	95397546	55967
12	95414005	95467479	7181
12	95470525	95611258	55785
12	95611522	95696566	55591
12	95702196	95702289	442903
12	95703699	95703760	100500802
12	95867296	95909615	10988
12	95910336	95945266	84101
12	96043031	96051583	100132594
12	96051583	96067775	59277,100132594
12	96067775	96184930	59277
12	96252706	96260826	6636
12	96260826	96297606	120935,6636
12	96297606	96336752	120935
12	96337071	96362370	144193
12	96366440	96390143	3034
12	96394606	96437298	4048,101928830
12	96588160	96663613	2004
12	96672039	96794338	5128
12	96883349	97269333	374467,101928871
12	97301001	97347129	121441
12	97825431	97885678	196475
12	97885678	97885761	100302289,196475
12	97885761	97957590	100302289
12	97957590	97957689	100302289,406926
12	97957689	97958813	406926
12	98107190	98115494	643711
12	98115494	98115600	643711,100873757
12	98115600	98155637	100873757
12	98332834	98332899	100616287
12	98389161	98389226	100422924
12	98847613	98850923	121456
12	98879322	98897633	643770
12	98906751	98909290	100128191
12	98909290	98910200	100128191,7112
12	98910200	98944157	7112
12	98987369	98993413	5250
12	98993413	98993661	677832,5250
12	98993661	98995946	677832
12	99007183	99038891	121457
12	99038919	99120235	317
12	99120235	99129204	56899,317
12	99129204	99487137	56899
12	99487137	99498789	56899,101928937
12	99498789	100041531	101928937
12	100041531	100043824	196472,101928937
12	100043824	100378432	196472
12	100422233	100536626	23074
12	100550135	100567437	55592
12	100592900	100597447	64431
12	100597447	100635643	64431,120863
12	100635643	100660857	120863
12	100660918	100735502	55681
12	100750857	100815837	246213
12	100867486	100958191	9971
12	100967461	101022064	283431
12	101111304	101522419	121601
12	101549271	101604185	160728
12	101673887	101780394	27340
12	101786898	101801598	400
12	101869199	101880775	121599
12	101962131	102079796	4604
12	102090725	102122426	56994
12	102122426	102133250	50511,56994
12	102133250	102137918	50511
12	102139275	102224716	79158
12	102271129	102405908	55332
12	102406705	102455927	51019
12	102467967	102513902	79023
12	102513956	102590237	55010
12	102590237	102591298	5367,55010
12	102591298	102591623	5367
12	102789645	102874423	3479
12	103203058	103218177	283432
12	103230663	103351464	101929036,5053
12	103351464	103352188	5053,101929036,429
12	103352188	103354294	429
12	103631369	103889749	374470
12	103941572	103953593	101929084
12	103981051	104160505	55576
12	104164231	104234975	51559
12	104237527	104323885	253724
12	104323885	104323989	100500842,253724,7184
12	104323989	104324203	100500842,7184
12	104324203	104324333	100500842,7184
12	104324333	104343980	100500842,7184
12	104343980	104347423	100500842,7184,728568
12	104347423	104359486	728568
12	104359582	104382652	6996
12	104382762	104457961	83468
12	104458235	104498639	29915
12	104510855	104532067	4801
12	104609557	104697517	7296
12	104697517	104698980	7296,493861
12	104698980	104744061	493861
12	104849073	104985411	50515
12	104985411	104985494	50515,100500843
12	104985494	105155792	100500843
12	105196331	105352522	84102
12	105380088	105413568	121053
12	105413568	105443515	160428,121053
12	105443515	105478355	160428
12	105501102	105562912	23325
12	105567074	105629068	55198
12	105629068	105630016	55198,387882
12	105630016	105789875	387882
12	106097981	106137840	101929110
12	106457118	106533811	9891
12	106631655	106695707	10970
12	106695707	106698057	255394,10970
12	106698057	106740793	255394
12	106751436	106903976	55703
12	106976685	107074536	5992
12	107074536	107078478	5992,100505978
12	107078478	107156581	100505978
12	107168373	107283090	55188
12	107347807	107349275	90488
12	107349497	107371069	90488
12	107371069	107372556	80298,90488
12	107372556	107380944	80298
12	107385142	107487607	1407
12	107712190	108053419	121551
12	108079509	108106944	11137
12	108126643	108130332	11108
12	108130332	108153745	101929162,11108
12	108153745	108155049	101929162
12	108168162	108170421	121549
12	108523248	108644314	9671
12	108681821	108733118	1240
12	108908962	108916357	11153
12	108916357	108919614	11153,9733
12	108919614	108955176	9733
12	108956358	108963160	23479
12	108983622	108992096	338773
12	109015686	109027735	6404
12	109038885	109125372	23603
12	109176466	109230684	54434
12	109230684	109230782	54434,693204
12	109230782	109251366	693204
12	109252708	109294819	1610
12	109304658	109459045	55530
12	109460894	109490155	84749
12	109490155	109491757	100131733,84749
12	109491757	109525831	100131733
12	109525996	109531436	121642
12	109535379	109548797	7374
12	109554400	109706031	32
12	109715784	109747025	121643
12	109785708	109791888	283446
12	109791888	109797293	101928138,283446
12	109797293	109886461	101928138
12	109886461	109893328	83892,101928138
12	109893328	109915207	83892
12	109915207	109915349	83892,89910
12	109915349	109974507	89910
12	109991542	110011060	326625
12	110011060	110011679	326625,4598
12	110011679	110035067	4598
12	110152033	110171971	84915
12	110171971	110208312	84983,84915
12	110208312	110211313	84983
12	110220890	110271153	59341
12	110271153	110271212	100616454,59341
12	110271212	110271241	100616454
12	110288748	110318293	51228
12	110338069	110367607	84260
12	110367607	110421646	9815,84260
12	110421646	110434194	9815
12	110436991	110465872	88455
12	110465872	110477568	88455,400073
12	110477568	110511491	400073
12	110562140	110656602	28981
12	110718561	110788898	488
12	110810705	110841535	51434
12	110872630	110888227	10094
12	110890289	110906169	51184
12	110906169	110907073	29902,51184
12	110907073	110928190	29902
12	110928902	110939460	51699
12	110939460	110939922	144715,51699
12	110939922	110969120	144715
12	110969120	110969891	160760,144715
12	110969891	111021125	160760
12	111051832	111065646	79600
12	111065646	111087235	84329,79600
12	111087235	111142755	84329
12	111157485	111180744	5501
12	111284573	111345339	160762
12	111348623	111358526	4633
12	111374389	111396012	100131138
12	111471828	111788358	23316
12	111798455	111806925	144717
12	111843752	111889427	10019
12	111890018	112037480	6311
12	112079950	112123790	8315
12	112123857	112194903	80724
12	112204691	112247782	217
12	112277571	112279782	51275
12	112279782	112280706	8550,51275
12	112280706	112334343	8550
12	112369086	112450970	89894
12	112451120	112461255	10961
12	112464500	112475403	80018
12	112475403	112475519	100500889,80018
12	112475519	112546826	100500889
12	112563305	112591407	10906
12	112597992	112819896	283450
12	112842994	112856155	6128
12	112856155	112856642	5781,6128
12	112856642	112947717	5781
12	113008184	113132839	22895
12	113132839	113132981	100302227,22895
12	113132981	113336686	100302227
12	113344582	113369990	4938
12	113376157	113411054	4940
12	113416200	113449528	4939
12	113494514	113535833	1840
12	113536624	113574044	8437
12	113587663	113594979	387885
12	113594979	113597081	387885,79039
12	113597081	113623284	79039
12	113623331	113630173	84934
12	113633246	113658855	115811
12	113658855	113658899	115811,53373
12	113658899	113736390	53373
12	113736564	113796371	80024
12	113796371	113797298	196463,80024
12	113797298	113827203	196463
12	113830250	113860042	10993
12	113860042	113864106	113675,10993
12	113864106	113876081	113675
12	113899839	113910085	64211
12	114117264	114211488	100506465
12	114254543	114404176	9904
12	114791736	114845996	6910
12	114845996	114846247	6910,255480
12	114846247	114850636	255480
12	115108059	115121969	6926
12	116395711	116586365	23389
12	116586365	116586459	693205,23389
12	116586459	116715143	693205
12	116866057	116866123	100616309
12	116971227	116974323	100287569
12	116997186	117014425	643246
12	117153593	117175875	79794
12	117176096	117291436	84900
12	117293949	117319246	8739
12	117348761	117415247	26259
12	117415247	117425142	100506551,26259
12	117425142	117468953	100506551
12	117476728	117537284	54997
12	117581146	117628336	23014
12	117645947	117889975	4842
12	117890817	118406788	283455
12	118451393	118470712	5985
12	118470712	118470935	5985,55884
12	118470935	118500235	55884
12	118501398	118573663	54621,101928274
12	118573663	118573831	101928274,5037,54621
12	118573831	118583389	5037
12	118587606	118810750	51347
12	118814185	118855840	64426
12	119419300	119600856	84530
12	119616447	119658936	26353
12	119772517	119978852	160777
12	120031264	120079363	387890
12	120105558	120119435	5564
12	120123595	120151439	11113,100302274
12	120151439	120151529	11113,100302274,100302274
12	120151529	120315095	100302274
12	120427673	120532298	92558
12	120532899	120555306	11021
12	120565007	120593238	10985
12	120593238	120593303	10985,100616179
12	120593303	120632513	100616179
12	120634489	120639038	6175
12	120639094	120648250	100506649
12	120648250	120650941	100506649,5829
12	120650941	120703574	5829
12	120729566	120729706	26834
12	120730900	120731040	26835
12	120740119	120751052	23409
12	120759914	120765592	5319
12	120779133	120806983	4440
12	120875893	120878545	1337
12	120881764	120884215	51499
12	120884241	120899389	283459
12	120899471	120907596	283459,8683
12	120907653	120928131	8655
12	120928131	120933743	8655,100506668
12	120933743	120936296	100506668
12	120941077	120971283	84274
12	120971283	120972237	84274,9921
12	120972237	121015397	9921
12	121016567	121019201	51367
12	121067908	121078355	101928300
12	121078355	121079394	9478,101928300
12	121079394	121105127	9478
12	121124672	121139667	9761
12	121148238	121160996	84747
12	121160996	121161069	84747,100616329
12	121161069	121161443	100616329
12	121163538	121177811	35
12	121200313	121342174	121665
12	121416346	121440225	6927
12	121440225	121440315	6927,64897
12	121440315	121454305	64897
12	121458095	121477045	8638
12	121570622	121623876	5027
12	121647660	121671909	5025
12	121675497	121736111	10645
12	121746048	121837699	51433
12	121837844	121866900	80196
12	121866900	121868389	84678,80196
12	121868389	122018920	84678
12	122064455	122080583	84876
12	122089024	122110537	283385
12	122150658	122215664	144404
12	122215664	122220907	54509,144404
12	122220907	122233173	54509
12	122233173	122241309	338799,54509
12	122241309	122241812	338799
12	122242086	122270562	23067
12	122277433	122301502	3242
12	122326637	122355768	5715
12	122355768	122356203	144406,5715
12	122356203	122441833	144406
12	122457328	122499948	605
12	122501212	122506522	100506691
12	122516628	122631894	22877
12	122652285	122656577	254050
12	122656577	122658746	386653,254050
12	122658746	122688018	386653
12	122688090	122692210	79369
12	122692210	122693499	56616,79369
12	122693499	122712081	56616
12	122714111	122751068	65082
12	122755979	122880089	6249
12	122880089	122885404	6249,100507066
12	122885404	122907179	100507066
12	122957417	122985518	55596
12	122989190	123011547	65117
12	123011793	123104824	9735
12	123104824	123110943	27198,9735
12	123110943	123185840	27198
12	123185840	123187890	27198,338442
12	123187890	123199303	338442
12	123199303	123201439	338442,8843
12	123201439	123215390	8843
12	123237321	123255611	8562
12	123258874	123312075	84660
12	123319000	123347507	9026
12	123349882	123380991	79720
12	123405498	123459127	23457
12	123459127	123464590	79676,23457
12	123464590	123464607	79676
12	123464607	123466196	79676,51329
12	123466196	123467456	51329
12	123468027	123495214	57605
12	123495214	123495275	57605,100422931
12	123495275	123565931	100422931
12	123565931	123569291	100507091,100422931
12	123569291	123634562	100507091
12	123636867	123717463	10198
12	123717463	123728561	10198,91574
12	123728561	123742506	91574
12	123745528	123756881	8099
12	123773656	123848415	55206
12	123848415	123849390	100293704,55206,102466877
12	123849390	123850660	102466877,100293704
12	123868320	123893905	387893
12	123899936	123921264	196383
12	123942188	123955925	11066
12	123955925	123957701	353116,11066
12	123957701	124018265	353116
12	124020956	124021081	100500909
12	124069078	124083116	10959
12	124086624	124104953	57696
12	124104953	124105488	1967,57696
12	124105488	124118313	1967
12	124118375	124147153	2967
12	124155660	124192948	79867
12	124196865	124246302	23545
12	124247042	124403207	196385
12	124403207	124420753	196385,80212
12	124420753	124456392	80212
12	124456392	124457378	80212,144348
12	124457378	124457788	144348
12	124457788	124499986	144348,144347,100533183
12	124499986	124800570	100533183,144347
12	124808961	125052135	9612
12	125261402	125367214	949
12	125396150	125400093	7316
12	125400093	125400205	100847004,7316
12	125400205	125401914	100847004
12	125431371	125473668	57647
12	125478246	125515777	140707
12	125549925	125627873	65985
12	125671382	126146917	114795
12	126443234	126467920	400084
12	126580538	126588481	101927464
12	126843848	126845611	101927531
12	126885338	126890074	283435
12	127094580	127174864	100996671
12	127210816	127214333	100507206
12	127214333	127230798	387895,100507206
12	127230798	127256957	387895
12	127354036	127359236	440117
12	127399766	127544946	101927592
12	127808700	127824617	101927616
12	128115793	128121012	101927637
12	128399917	128436097	100862680
12	128571530	128602677	100996679
12	128602762	128606497	101927694
12	128729051	128729118	100616298
12	128751948	128778637	92293
12	128778637	128778723	92293,100500817
12	128778723	129192460	100500817
12	129277739	129308528	121260
12	129337972	129469509	144423
12	129556270	129594174	121256
12	129594174	129597839	121256,283352
12	129597839	129693146	283352
12	129693146	129697207	283352,101927735
12	129697207	130336753	101927735
12	130336753	130339489	101927710,101927735
12	130339489	130388211	101927710
12	130517999	130529602	100190940
12	130634894	130646801	440119
12	130647004	130650285	11211
12	130822432	130857182	9271
12	130880682	131200826	23504
12	131274145	131323811	2054
12	131356424	131362223	5901
12	131438452	131626014	283383
12	131649556	131697476	101929974,116437
12	131780067	131782763	100996701
12	131832015	131852100	338797
12	132147141	132149249	100128002
12	132195626	132284282	6433
12	132312938	132336328	4326
12	132379196	132407712	8408
12	132413745	132428406	80324
12	132434508	132515769	57634
12	132515769	132515904	677829,57634
12	132515904	132565005	677829
12	132568828	132613029	347918
12	132621139	132628880	317781
12	132628993	132637013	79050
12	132671287	132674240	100996246
12	132680924	132905935	50614
12	132906436	132908161	101928416
12	133049334	133050726	100129528
12	133066137	133161774	57666
12	133195366	133198972	22953
12	133200348	133263951	5426
12	133264192	133287405	5827
12	133287405	133297276	192111,5827
12	133297276	133299228	192111
12	133302254	133338474	23141
12	133345495	133398773	2802
12	133398773	133405444	55743,2802
12	133405444	133464428	55743
12	133464428	133465169	55743,101928530
12	133465169	133498019	101928530
12	133498019	133532890	100289635,101928530
12	133532890	133532892	100289635
12	133562951	133589154	7574
12	133606975	133613808	101928597
12	133613878	133639885	7637,100287515
12	133656424	133684130	7699
12	133694740	133707059	101060200
12	133707161	133707570	7556
12	133707570	133736051	10795,7556
12	133736051	133778955	10795,10795
12	133778955	133783698	10795
12	133794898	133812681	647589
