14	19377522	19378606	440153,79334
14	19406795	19410111	642426
14	19553365	19562689	728378,445582,404785,653269,653781
14	19562689	19566731	728378,445582,101929572,404785,653781,653269,101929948
14	19566731	19590078	445582,101929572,101929948,404785
14	19650018	19718563	440157
14	19889386	19904890	101101776,414763
14	19983559	20006913	641455
14	20006913	20010958	100508046,641455
14	20010958	20020272	100508046
14	20187174	20215587	390429
14	20215587	20216528	441669,390429
14	20216528	20248401	441669
14	20248401	20249516	441670,441669
14	20249516	20296531	441670
14	20344391	20345468	390431
14	20388741	20389818	79317
14	20403767	20404842	79544
14	20443603	20444818	81127
14	20482419	20483352	122740
14	20502003	20502919	390433
14	20528204	20529142	122742
14	20585566	20586597	390436
14	20611895	20612821	390437
14	20665495	20666605	390439
14	20691791	20692964	122748
14	20710898	20711979	390442
14	20724717	20774153	91875
14	20779527	20794609	57820
14	20794609	20794685	100113391,57820
14	20794685	20801471	100113391
14	20811207	20811741	85495
14	20811741	20811844	85495,10038
14	20811844	20826064	10038
14	20833826	20881588	7011
14	20896970	20903801	123103
14	20914570	20923264	55644
14	20923350	20925878	328
14	20925878	20925927	328,90809
14	20925927	20929771	90809
14	20937113	20945253	4860
14	20973696	20979328	338879
14	21024252	21029090	390443
14	21051051	21051054	122651
14	21051054	21055803	122651,122651
14	21055803	21058352	122651,254028
14	21058352	21058982	254028,493901
14	21058982	21075296	493901,254028
14	21075296	21077954	254028
14	21077954	21078043	122651
14	21108855	21109850	341799
14	21152259	21152336	6038
14	21152336	21152746	283,6038
14	21152746	21167130	283,6038
14	21167130	21168735	283,6038
14	21168735	21168761	283
14	21214051	21216539	10876
14	21236586	21239107	64184
14	21249210	21250626	6039
14	21269387	21271437	6035
14	21342464	21343927	100507513
14	21359558	21360507	6037
14	21387500	21388458	643332
14	21423611	21424595	6036
14	21457929	21463996	64745
14	21463996	21465189	101929718,64745
14	21465189	21467322	101929718
14	21467414	21470030	29986
14	21484922	21492268	57447
14	21492268	21500979	57447,122664
14	21500979	21502944	57447,122664,440163
14	21502944	21504435	440163
14	21504435	21510385	122664
14	21510385	21512393	122664,84659
14	21512393	21525981	84659
14	21525981	21526614	84659,122665
14	21526614	21538429	122665
14	21538429	21539031	122665,55701
14	21539031	21558205	55701
14	21558205	21558399	51222,55701
14	21558399	21567096	51222
14	21567096	21571883	51222,643382
14	21571883	21572881	643382
14	21623026	21624222	390445
14	21668238	21675059	283624
14	21677295	21737653	3183
14	21756098	21819460	57096
14	21819631	21852425	11198
14	21853353	21860309	57680
14	21860309	21860412	692053,57680
14	21860412	21865451	692053
14	21865451	21865560	692053,319103
14	21865560	21924285	319103
14	21927179	21944756	84932
14	21944756	21945132	9878,84932
14	21945132	21966277	9878
14	21966277	21967319	9878,56339
14	21967319	21979517	56339
14	21989232	22005350	6297
14	22037934	22038875	26533
14	22101992	22103096	26534
14	22133297	22134238	26686
14	22849083	22951948	101929735
14	23033805	23058175	1603
14	23067146	23081265	63874
14	23235731	23241007	5018
14	23242431	23299029	9056
14	23299088	23304246	122704
14	23305766	23318236	4323
14	23340822	23350789	26020
14	23352374	23356895	161253
14	23369854	23388393	55147
14	23389720	23398794	10419
14	23398818	23415437	101926933
14	23415437	23424771	100616424,101926933,54930
14	23424771	23426159	100616424,54930
14	23426159	23426238	100616424,54930
14	23426238	23426370	100616424,54930
14	23440383	23451851	84962
14	23456110	23479375	60686
14	23485752	23504439	5693
14	23511376	23513269	122706
14	23516271	23526747	64403
14	23527773	23563974	22985
14	23563974	23564823	22985,55017
14	23564823	23569665	55017
14	23586513	23588825	1053
14	23594504	23652883	23428
14	23654525	23741666	100507650
14	23741666	23742686	57594,100507650
14	23742686	23764852	57594
14	23764852	23767999	90673,57594
14	23767999	23768656	90673,599
14	23768656	23772057	90673,599
14	23772057	23776044	599
14	23776044	23780968	599,100529063
14	23780968	23790498	599,100529063
14	23790498	23794578	8106,100529063,599
14	23794578	23795394	8106
14	23815515	23822121	51310
14	23825611	23834961	10278
14	23842018	23845612	64806
14	23846017	23848981	116173
14	23851199	23857799	4624
14	23857799	23857881	4624,406990
14	23857881	23877486	406990
14	23881947	23887196	4625
14	23887196	23887272	4625,100126336
14	23887272	23904927	100126336
14	23938897	23979071	25983
14	23980969	23990066	79178
14	23990066	24025216	85446,79178
14	24025216	24025401	85446,79178
14	24025401	24028774	85446,79178
14	24028774	24029480	85446,8906,79178
14	24029480	24029987	8906,79178
14	24029987	24037244	8906
14	24037244	24037279	8906,84502
14	24037279	24048009	84502
14	24099324	24114848	10202
14	24407940	24422795	55449
14	24422795	24438488	10901,55449
14	24438488	24439148	10901
14	24439148	24458048	317749,10901,10901
14	24458048	24475617	317749,10901
14	24505662	24520580	728635
14	24521206	24538937	90668
14	24540046	24547309	9362
14	24549316	24563262	4901
14	24563262	24579807	4901,5106
14	24579807	24583404	5106
14	24583404	24584223	5106,80344
14	24584223	24594451	80344
14	24600484	24602058	161247
14	24605367	24608174	5720
14	24608174	24608176	5720,51016
14	24608176	24610797	51016
14	24612574	24615892	102465801,5721
14	24615892	24616779	102465801,55072,5721
14	24616779	24620427	55072
14	24620427	24629870	10379,55072
14	24629870	24630262	10379
14	24630262	24635774	10379,10379
14	24635774	24636611	10379
14	24641062	24649425	9985
14	24649425	24649463	9985,79711
14	24649463	24658170	79711
14	24658349	24658363	10548
14	24658363	24674903	10548,10548
14	24674903	24677568	10548,283629
14	24677568	24678789	283629
14	24678789	24682679	283629,29082
14	24682679	24683075	29082
14	24683143	24683161	145553
14	24683161	24685276	100528064,145553
14	24685276	24686058	100528064
14	24686058	24701558	4738,100528064
14	24701558	24701628	4738
14	24701628	24701660	4738,51292
14	24701660	24708448	51292
14	24708849	24711880	26277
14	24718320	24733638	7051
14	24734744	24740945	5875
14	24759804	24769039	115817
14	24769068	24774302	161424
14	24774302	24774940	161424,27141
14	24774940	24778161	161424,56413,27141
14	24778161	24778330	56413,56413
14	24778330	24780636	56413,27141
14	24780636	24780656	27141
14	24780656	24781252	1241,27141
14	24781252	24781259	56413,1241
14	24781259	24787242	56413
14	24787555	24804299	196883
14	24805227	24809251	11035
14	24834879	24848810	4776
14	24867992	24888494	57523
14	24895738	24898492	643866
14	24898492	24900160	23351,643866
14	24900160	24908972	23351
14	24908972	24910540	56948,23351
14	24910540	24912111	56948
14	24974559	24977471	1215
14	25042728	25045466	1511
14	25075686	25078905	2999
14	25100160	25103473	3002
14	25278862	25519503	29091
14	26912299	27066960	4857
14	27244701	27291313	101927062
14	27342339	27377848	101927081
14	27377848	27377931	100423019,101927081
14	27377931	27383949	100423019
14	27727923	28081794	728755
14	28081794	28108842	728755,100505967
14	28108842	28314492	100505967
14	29235050	29238870	2290
14	30045687	30661104	5587
14	31028329	31089269	55632
14	31091318	31205018	23256
14	31343720	31345385	1690
14	31345385	31359014	1690,100506071
14	31359014	31363005	100506071
14	31363005	31364271	100506071,29966
14	31364271	31483852	29966
14	31483852	31483948	693209,29966
14	31483948	31494312	693209
14	31494312	31495607	693209,11154
14	31495607	31562818	11154
14	31569318	31677010	25831
14	31760994	31889492	25938
14	31889492	31889788	25938,101927124
14	31889788	31915242	101927124
14	31915242	31922089	112487,101927124
14	31922089	31926716	112487
14	31952173	31953171	2856
14	31959162	32330430	80224
14	32544625	32545320	84837
14	32545320	32545999	394,84837
14	32545999	32628934	394
14	32671251	32671357	26827,101954278,101954275
14	32672369	32672475	26827,101954278,101954275
14	32798479	33300567	9472
14	33404139	34273382	64067
14	34393437	34901995	112399
14	34901995	34931562	112399,171546
14	34931562	34931980	171546
14	34985135	35008916	55837
14	35015920	35016083	26870,26866,26869,26871,26865,6060,26863
14	35025432	35025595	26870,26866,26869,26871,26865,6060,26863
14	35030300	35099389	58533
14	35179593	35184029	1073
14	35221937	35344853	11177
14	35408530	35409693	280655
14	35451163	35498773	6729
14	35514113	35554673	101927178,283635
14	35554673	35582336	101927178,283635,55012
14	35582336	35591052	55012
14	35591052	35591723	9692,55012
14	35591723	35591755	9692
14	35591755	35743271	9692,5687
14	35743271	35747839	9692,5687
14	35747839	35786680	5687,9692
14	35786680	35786699	5687
14	35870717	35873955	4792
14	36003248	36006260	84684
14	36007558	36278510	253959
14	36295524	36401531	84312
14	36539633	36605314	101101773
14	36605314	36634494	100886964,101101773
14	36634494	36645674	100886964
14	36767770	36789882	51562
14	36942493	36983034	253970
14	36985602	36988483	7080
14	36988483	36990354	100506237,7080
14	36990354	36992221	100506237
14	37049784	37051812	26257
14	37126773	37147636	5083
14	37147636	37148920	5083,89874
14	37148920	37421514	89874
14	37421514	37421596	100616280,89874
14	37421596	37642071	100616280
14	37667118	38021566	145282
14	38059189	38065052	3169
14	38065052	38069245	101059957,319089,3169
14	38069245	38510647	319089,101059957
14	38677204	38682272	6751
14	38723308	38725574	161198
14	39218545	39417477	283547
14	39501123	39578850	10484
14	39583427	39606177	8487
14	39617015	39639736	122553
14	39644387	39652422	5411
14	39699435	39703106	117153
14	39703106	39722859	4253,117153
14	39722859	39734488	4253
14	39734488	39734907	4253,4253
14	39734907	39736265	4253,100288846,4253
14	39736265	39820397	4253,100288846
14	39820397	39856156	100288846
14	39866873	39901704	254170
14	42076773	42373752	145581
14	44973545	44976482	84075
14	45366498	45368111	122525
14	45368111	45376460	101927418,122525
14	45376460	45381066	101927418
14	45393522	45431411	54813
14	45431411	45511525	23116,54813
14	45511525	45543634	23116
14	45553302	45580086	55015
14	45580086	45580171	55015,100113389
14	45580171	45584803	100113389
14	45584803	45585485	100113389,2287
14	45585485	45604522	2287
14	45605143	45670093	57697
14	45672393	45722743	55320
14	46410146	46971026	100506412
14	47120222	47121028	140801
14	47308826	47311134	161357
14	47311134	48143999	161357,161357
14	48143999	48144157	161357
14	48230198	48230307	100500919
14	48234157	48264295	100506433
14	50043390	50053297	6235
14	50053297	50053596	6029,6235
14	50053596	50065408	6029
14	50065415	50081390	122769
14	50085237	50087403	6166
14	50087489	50090198	4247
14	50091892	50101948	55172
14	50110273	50155140	5427
14	50159823	50219870	122773
14	50234326	50249909	23588
14	50249997	50319921	9147
14	50329271	50329567	378706
14	50359810	50361490	382
14	50394289	50428678	100506446
14	50448430	50474031	283551
14	50474031	50474238	283551,100506499
14	50474238	50507947	100506499
14	50550369	50559361	196913
14	50575350	50583318	79609
14	50583847	50698276	6655
14	50704281	50766573	79944
14	50766573	50766664	100616261,79944
14	50766664	50779044	100616261
14	50779044	50779266	100616261,27109
14	50779266	50796310	27109
14	50796310	50802276	27109,8814
14	50802276	50883179	8814
14	50885219	50999227	11183
14	50999227	51027844	51062,11183
14	51027844	51098776	51062
14	51098776	51099786	51062,60485
14	51099786	51135049	60485
14	51186481	51297839	51199
14	51324609	51338878	5836
14	51338878	51371688	5836,100616234,145447
14	51371688	51411454	100616234
14	51441980	51555675	114088
14	51555675	51558006	114088,101927570
14	51558006	51562779	101927570
14	51706880	51722759	81542
14	51800111	51832275	283553
14	51921230	51955818	100874185
14	51955818	52066670	122786,100874185
14	52066670	52197445	122786
14	52231994	52292140	101927598
14	52292913	52446060	54331
14	52456193	52471420	51637
14	52471521	52535712	22795
14	52734431	52743442	5729
14	52781023	52795324	5732
14	52897308	53019240	57544
14	53019866	53104431	283554
14	53106634	53162618	30001
14	53173890	53195305	5706
14	53196898	53241716	6815
14	53241912	53258386	64841
14	53323986	53419153	10979
14	53510686	53620000	80821
14	53620072	53624246	101927620
14	54415145	54415202	100847076
14	54416454	54425479	652
14	54863567	54886936	1033
14	54893654	54908149	10175
14	54941202	54955914	2764
14	54976530	55005567	10668
14	55033815	55260033	23034
14	55308726	55344831	2643
14	55344831	55344911	100422984,2643
14	55344911	55369570	100422984
14	55405668	55493823	11169
14	55493948	55516206	122809
14	55518349	55536910	93487
14	55590828	55612126	3958
14	55614830	55658396	9787
14	55738021	55828636	55030
14	55833110	55878576	22863
14	55880259	55923444	387332
14	55965996	56025790	100129075
14	56025790	56046828	3895,100129075
14	56046828	56168244	3895
14	56232895	56234435	645683
14	56247864	56263406	645687
14	56584532	56768244	57161
14	56955072	56981049	54916
14	56981049	57018027	54916,101927690
14	57018027	57117324	101927690
14	57267425	57277197	5015
14	57279901	57618895	100309464
14	57670518	57735627	10640
14	57735627	57735726	55745,10640
14	57735726	57756797	55745
14	57857262	57882635	122830
14	57936019	57960585	55195
14	58030640	58448912	341880
14	58466453	58666798	145407
14	58666798	58701750	145407,55860
14	58701750	58711549	55860
14	58711549	58732083	55860,5684
14	58732083	58738730	5684,379025,5684
14	58738730	58764852	379025,5684
14	58764852	58764857	5684
14	58765103	58840605	5926
14	58862634	58875212	387990
14	58875212	58875419	26520,387990
14	58875419	58894103	26520
14	58894103	58894332	26520,9786
14	58894332	59015216	9786
14	59100685	59115039	51339
14	59655364	59838123	23002
14	59895740	59927081	64582
14	59927081	59932060	64582,112849
14	59932060	59951148	112849
14	59951161	59971257	51528
14	59971257	59972128	51528,729665
14	59972128	60043549	729665
14	60062694	60113680	6252
14	60113680	60113738	6252,100847088
14	60113738	60337684	100847088
14	60558629	60610838	64430
14	60610838	60635851	51635,64430
14	60635851	60636574	51635
14	60706839	60712470	101927702
14	60712470	60715483	101927702,5494
14	60715483	60765805	5494
14	60789954	60790625	101927729
14	60863187	60975669	317761
14	60975669	60979568	4990,317761
14	60979568	60982261	4990
14	61110133	61124977	6495
14	61176246	61191066	51804
14	61201460	61436671	4331
14	61438169	61447832	57570
14	61447832	61448076	57570,145389
14	61448076	61550451	145389
14	61654277	61744088	5583
14	61744088	61748558	5583,161291
14	61748558	62017694	161291
14	62023031	62037371	101927780
14	62147759	62162231	100750246
14	62162231	62162541	100750246,3091
14	62162541	62214976	3091
14	62229075	62263146	6617
14	62453803	62568431	83851
14	62584197	62596352	646113
14	62600867	62606691	101954204
14	63173287	63568755	27133
14	63670832	63759937	57381
14	63838075	64010092	5529
14	64063757	64108579	112840
14	64150932	64194757	81537
14	64319683	64550950	23224
14	64550950	64561742	2100,23224
14	64561742	64561843	2100,100313830,23224
14	64561843	64693165	100313830
14	64693165	64804830	2100
14	64854749	64915824	4522
14	64915824	64926722	7597,4522
14	64926722	64932217	7597
14	64932217	64941221	9495,7597
14	64941221	64970430	9495
14	64970430	64971931	22890,9495
14	64971931	65000408	22890
14	65002623	65009955	3306
14	65016620	65056098	145376
14	65170820	65213002	26030
14	65213002	65213610	26030,6710
14	65213610	65346601	6710
14	65381079	65381203	91612
14	65381203	65405870	2342,91612,100529261,100529261
14	65405870	65409531	2342,2877,91612,100529261
14	65409531	65411309	2877
14	65411309	65412532	2342,100529261,100529261
14	65412532	65439494	2342,376267,100529261,100529261
14	65439494	65472892	2342,376267,100529261
14	65472892	65511406	2342,376267,4149,100529261
14	65511406	65511487	2342,4149,100616490,100529261
14	65511487	65528521	2342,4149,100616490,100529261
14	65528521	65529368	2342,100616490,100529261
14	65529368	65548752	100616490
14	65548752	65560930	100616490,100506321
14	65560930	65569413	100506321
14	65679611	65689065	100128233
14	65801835	65801901	100616176
14	65877310	65937820	2530
14	65937820	65937904	693210,2530
14	65937904	66210839	693210
14	66953072	66965271	440184
14	66974125	67648520	10243
14	67656110	67695267	161142
14	67707826	67761088	64398
14	67761088	67802536	64398,51382
14	67802536	67826714	51382
14	67826714	67826982	51382,1965
14	67826982	67853233	1965
14	67853700	67878917	26499
14	67908572	67908647	100847064
14	67913801	68000018	161145
14	68000018	68000456	57475,161145
14	68000456	68048672	57475
14	68048672	68056329	57475,5283
14	68056329	68067004	5283
14	68086515	68113792	384
14	68113792	68118437	384,10490
14	68118437	68141548	10490
14	68143518	68162531	51109
14	68168603	68194091	145226
14	68194091	68201169	145226,23503
14	68201169	68283307	23503
14	68286496	69093883	5890
14	69093883	69095162	100996664,5890
14	69095162	69196935	100996664
14	69254377	69263190	677
14	69340860	69446157	87
14	69446399	69454180	161159
14	69517598	69619867	8816
14	69658228	69709075	55218
14	69725994	69821183	57452
14	69846848	69864732	2079
14	69864732	69865344	2079,55334
14	69865344	69929105	55334
14	69951409	69995215	101929892,400224,101930417
14	70038216	70040339	56936
14	70078313	70181859	9766
14	70193617	70238722	6430
14	70242134	70264006	6554
14	70320848	70499083	64093
14	70510934	70655787	6547
14	70712208	70714518	145241
14	70791798	70826448	51241
14	70838148	70883778	55333,100529257
14	70918874	70926622	8747
14	70935598	70950473	317760
14	70989075	71001732	8748
14	71047974	71067384	10001
14	71075515	71108015	101928075
14	71108504	71142077	23508
14	71189243	71276251	4293
14	71276922	71282120	100506411
14	71374122	71582099	22990
14	71787166	71865054	26037
14	71865054	71865124	319139,26037
14	71865124	72207946	319139
14	72399156	73030654	9628
14	73086004	73360809	8110
14	73393040	73426411	26094
14	73436159	73493920	53349
14	73525144	73588122	58517
14	73603126	73690399	5663
14	73704205	73710726	89932
14	73710726	73712687	89932,101928123
14	73712687	73741348	101928123
14	73741815	73930348	101930388,8650,101928143
14	73945189	74003818	399671
14	74003818	74010498	641371,399671
14	74010498	74025651	641371
14	74034324	74042357	10965
14	74058410	74063200	122970
14	74077649	74086592	641372
14	74111578	74170435	83544
14	74178494	74181128	9240
14	74181825	74225450	91748
14	74225450	74225522	100616158,91748
14	74225522	74254063	100616158
14	74254063	74256988	100616158,100506476
14	74256988	74269973	100506476
14	74289262	74296838	100506498
14	74318547	74318674	145482
14	74318674	74353320	145482,145482
14	74353320	74353530	57862,145482
14	74353530	74398204	57862,145482
14	74398204	74398981	57862,145482,145483
14	74398981	74399214	57862,145483
14	74399214	74416629	145483
14	74416629	74417117	145483,51004
14	74417117	74424713	51004
14	74424713	74430373	957,51004
14	74430373	74486056	957
14	74486056	74486102	957,80127
14	74486102	74523553	80127
14	74523553	74549566	80127,4329
14	74549566	74551196	4329
14	74551499	74667936	91750
14	74706175	74729441	338917
14	74752126	74769759	5826
14	74769772	74826711	55237
14	74872596	74892805	646658
14	74942895	74946836	10577
14	74946836	74946907	100616211,10577
14	74946907	74960423	100616211
14	74960423	74960880	100616211,122961
14	74960880	74963809	122961
14	74964873	75079306	4053
14	75120140	75179818	9870
14	75179847	75203394	51077
14	75230069	75319736	56252
14	75319736	75322244	56252,283571
14	75322244	75330537	283571
14	75348594	75370448	1743
14	75370657	75390099	83694
14	75408537	75422487	5228
14	75469614	75476292	8892
14	75480467	75518235	27030
14	75519924	75530873	97
14	75530873	75536186	79696,97
14	75536186	75545126	79696
14	75548822	75594047	91754
14	75598173	75643334	10972
14	75745477	75748933	2353
14	75761107	75763341	731223
14	75894419	75940814	122953
14	75988768	76013358	10538
14	76044960	76070516	55640
14	76070516	76070621	55640,102465753
14	76070621	76099968	102465753
14	76099968	76116134	23093,102465753
14	76116134	76127532	23093,11161,23093
14	76127532	76129557	23093,11161
14	76129557	76368479	11161
14	76368479	76421421	11161,112752
14	76421421	76424442	112752
14	76424442	76449334	112752,7043
14	76449334	76550928	7043
14	76618259	76720685	55668
14	76776957	76968178	2103
14	77228532	77248083	22846
14	77248083	77249354	22846,100506603
14	77249354	77253067	100506603
14	77253588	77292589	23357
14	77292715	77336645	145497
14	77490888	77495034	64207
14	77507407	77535846	283575
14	77564440	77582911	85457
14	77582911	77583630	57156,85457
14	77583630	77597613	57156
14	77597613	77609077	57156,283576
14	77609077	77725838	283576
14	77731826	77732561	58157
14	77732561	77732633	100302236,58157
14	77732633	77737655	100302236
14	77741299	77787227	29954
14	77787227	77797940	2954
14	77801364	77843032	283578
14	77843032	77843452	283578,161394
14	77843452	77857840	161394
14	77860364	77889860	122945
14	77893018	77924213	63894
14	77924213	77924295	63894,10598
14	77924295	77935817	10598
14	77940740	77965210	145501
14	77972340	78083116	9517
14	78138747	78174363	8846
14	78174414	78183942	81892
14	78183942	78227173	81892,22938
14	78227173	78227447	22938,81892,283579
14	78227447	78227550	22938,283579
14	78227550	78236085	283579
14	78266426	78401355	57143
14	78708734	80330762	9369
14	80663873	80677762	1734
14	80677762	80854100	100628307,1734
14	80854100	80921812	100628307
14	80943330	81421333	145508
14	81421333	81425861	7253,145508
14	81425861	81612646	7253
14	81641796	81669039	2957
14	81669039	81669178	2957,677845
14	81669178	81687721	677845
14	81727000	81902809	85439
14	81908331	81916501	100506700
14	81937893	82000205	6400
14	82071691	82089405	101928559
14	85860223	85886418	100996280
14	85991477	85996332	100506731
14	85996488	86095034	23768,100506718
14	86401054	86596117	101928767
14	88304164	88460009	2581
14	88471468	88478419	8477
14	88484949	88490894	101928791
14	88490894	88502663	283587,101928791
14	88502663	88563276	283587
14	88649113	88793251	54207
14	88851268	88932122	55812
14	88932122	88936694	11099,55812
14	88936694	89021077	11099
14	89029253	89078775	79882
14	89078775	89079853	79882,161436
14	89079853	89259096	161436
14	89290497	89344335	123016
14	89591215	89816629	1112
14	89816629	89831043	101928817,1112
14	89831043	89883698	101928817
14	89883698	89886137	101928817,400236
14	89886137	90042560	400236
14	90042560	90043821	29018,400236
14	90043821	90085493	29018
14	90261013	90421121	90141
14	90421283	90511106	55775
14	90528109	90652201	56659
14	90722839	90738968	5700
14	90742580	90798481	55051
14	90862846	90874605	808,805,801
14	90921574	90925249	400238
14	91006932	91108982	145567
14	91108982	91115238	101928909,145567
14	91115238	91163677	101928909
14	91163677	91165718	101928909,101928883
14	91165718	91282823	101928883
14	91336799	91526677	9252
14	91526677	91526980	80017,9252
14	91526980	91592769	80017
14	91592769	91592897	80017,100124539
14	91592897	91691976	100124539
14	91698876	91720269	8111
14	91737667	91884188	440193
14	91923955	91976898	55671
14	92047040	92246095	79820
14	92246095	92247051	79820,123036
14	92247051	92333880	123036
14	92335756	92414331	10516
14	92432335	92507240	9321
14	92524896	92525877	4287,4287
14	92525877	92572965	4287
14	92582466	92588261	4707
14	92588281	92630755	53981
14	92788925	92962596	123041
14	92980118	93155339	79890
14	93170152	93215047	5641
14	93260576	93306308	9950
14	93372042	93373827	101929002
14	93389425	93401638	1113
14	93403259	93533797	3705
14	93533797	93538497	3705,319085
14	93538497	93582665	319085
14	93648541	93651273	64112
14	93651296	93653434	26175
14	93669239	93673401	84520
14	93673401	93673439	55148,84520
14	93673439	93695561	55148
14	93703896	93799438	55727
14	93799565	93813537	57578
14	93813537	93814702	341947,57578
14	93814702	94174222	341947
14	94184644	94254827	145270
14	94371076	94385240	283592
14	94385240	94393412	283592,90050
14	94393412	94395954	90050
14	94400499	94414572	51676
14	94414572	94414648	100616140,51676
14	94414648	94443137	100616140
14	94463616	94478040	256369
14	94492675	94515276	78990
14	94517266	94547591	57062
14	94547628	94570192	122509
14	94571182	94583033	3429
14	94594116	94596590	83982
14	94612465	94746072	57718
14	94749650	94759608	51156
14	94770585	94789731	866
14	94843084	94857030	5265
14	94908801	94919127	256394
14	94929054	94946026	327657
14	94953611	94984181	145264
14	95027428	95027779	5267
14	95027779	95036250	5104,5267
14	95036250	95058395	5104
14	95058395	95059457	5104,12
14	95059457	95078714	12
14	95078714	95090392	12,12
14	95090392	95090983	12
14	95107062	95113331	388007
14	95234553	95236562	145258
14	95552565	95604256	23405
14	95604256	95604323	100422981,23405
14	95604323	95623982	100422981
14	95623982	95624347	400242,100422981
14	95624347	95646263	400242
14	95648277	95786243	79789
14	95795921	95801841	101929080
14	95873606	95876427	79686
14	95883831	95942173	161176
14	95999692	95999840	677768
14	95999840	95999966	51218,677768
14	95999966	96011061	51218
14	96039899	96048293	100506999
14	96116835	96146170	27004
14	96152754	96158980	9623
14	96176304	96180533	8115
14	96342729	96391908	100507043
14	96505661	96560417	101929186,56967
14	96671016	96710666	624
14	96722161	96735304	623
14	96747595	96829814	55102
14	96829814	96830207	55102,51527
14	96830207	96853625	51527
14	96858448	96955764	122481
14	96967770	97033448	10914
14	97263641	97398059	7443
14	97409916	97411731	145249
14	97925153	98047938	101929241
14	98098984	98152995	100129345
14	99177950	99184098	283598
14	99635624	99737861	64919
14	99864083	99947216	84193
14	99947506	99977603	8812
14	99977603	100001381	8812,317762
14	100001381	100070363	317762
14	100111447	100146906	84439
14	100150641	100193638	10858
14	100204030	100408397	2009
14	100437786	100575756	51466
14	100575756	100575851	100616247,51466
14	100575851	100575992	100616247
14	100575992	100576090	100616247,442909
14	100576090	100610573	442909
14	100612756	100626500	123099
14	100704635	100749129	7528
14	100757448	100772884	123096
14	100774196	100774293	442910
14	100789674	100796715	283600
14	100800125	100842755	7453
14	100842755	100843142	79446,7453
14	100843142	100996640	79446
14	101003486	101053750	57596
14	101123587	101142406	283601
14	101192042	101201539	8788
14	101245747	101280828	55384
14	101280828	101280911	100616495,55384
14	101280911	101318727	100616495
14	101318727	101318824	100616495,768222
14	101318824	101327368	768222
14	101335397	101335485	574450
14	101340830	101340922	442905
14	101341370	101341441	100126315
14	101346992	101347344	388015
14	101347344	101347457	388015,574038
14	101347457	101348220	574038
14	101348220	101348343	574038,574034
14	101348343	101349316	574034
14	101349316	101349412	574034,406914
14	101349412	101350820	406914
14	101350820	101350913	406914,574451
14	101350913	101351034	574451
14	101351034	101351125	406927,574451
14	101351125	101351184	406927
14	101361107	101377476	692215,79104
14	101377476	101377550	442915,692215,79104
14	101377550	101391161	442915
14	101391161	101391229	442915,767561
14	101391229	101393679	767561
14	101393679	101393750	767561,767562
14	101393750	101396256	767562
14	101396256	101396328	767562,767563
14	101396328	101402336	767563
14	101402828	101402902	767564
14	101403738	101404524	100507242
14	101404524	101404601	100507242,767565
14	101404601	101405893	767565
14	101405893	101405968	767565,767566
14	101405968	101407463	767566
14	101407463	101407539	767566,767567
14	101407539	101409788	767567
14	101409788	101409861	767568,767567
14	101409861	101411986	767568
14	101411986	101412057	767568,767569
14	101412057	101416170	767569
14	101416170	101416241	767569,767577
14	101416241	101418193	767577
14	101418193	101418270	767578,767577
14	101418270	101419686	767578
14	101419686	101419760	767578,767579
14	101419760	101420711	767579
14	101420711	101420785	767579,767580
14	101420785	101421707	767580
14	101421707	101421776	767581,767580
14	101421776	101423503	767581
14	101423503	101423574	767581,767582
14	101423574	101426536	767582
14	101429391	101429467	767583
14	101432366	101432437	767585
14	101433389	101433460	767588
14	101433989	101434448	101929369
14	101434448	101434522	101929369,767589
14	101434522	101435285	767589
14	101435285	101435359	767590,767589
14	101435359	101436216	767590
14	101436216	101436289	767590,767591
14	101436289	101438440	767591
14	101438440	101438514	767592,767591
14	101438514	101439007	767592
14	101439007	101439078	767592,767593
14	101439078	101439932	767593
14	101439932	101440001	767593,767594
14	101440001	101441143	767594
14	101441143	101441217	767594,767595
14	101441217	101442162	767595
14	101442162	101442233	767596,767595
14	101442233	101442814	767596
14	101442814	101442888	767596,767597
14	101442888	101447341	767597
14	101447341	101447412	767597,767598
14	101447412	101448312	767598
14	101448312	101448383	767599,767598
14	101448383	101449263	767599
14	101449263	101449334	767600,767599
14	101449334	101450213	767600
14	101450213	101450284	767600,767603
14	101450284	101451114	767603
14	101451114	101451185	767604,767603
14	101451185	101452394	767604
14	101452394	101452465	767605,767604
14	101452465	101452987	767605
14	101453383	101453454	767606
14	101454498	101454567	767608
14	101455467	101455538	767609
14	101456428	101456497	767610
14	101458256	101458327	767611
14	101459573	101459647	767612
14	101488366	101488491	494328
14	101489662	101489757	693121
14	101490114	101490215	407023
14	101491331	101491441	494329
14	101491901	101491988	100302250
14	101492069	101492154	442897
14	101492357	101492444	768212
14	101493122	101493201	574408
14	101493437	101493520	574409
14	101495971	101496051	574452
14	101496389	101496466	100422837
14	101498324	101498401	100126335
14	101500092	101500173	574453
14	101506017	101506102	442913
14	101506556	101506636	724024
14	101507104	101507206	664615,494325
14	101507700	101507782	100126297
14	101509314	101509399	100302157
14	101510535	101510620	100302209
14	101511494	101512257	378881
14	101512257	101512331	494330,378881
14	101512331	101512792	494330
14	101512792	101512875	494330,664616
14	101512875	101513658	664616
14	101513658	101513735	664616,664612
14	101513735	101514238	664612
14	101514238	101514316	664612,100126345
14	101514316	101514995	100126345
14	101514995	101515085	664613,100126345
14	101515085	101515887	664613
14	101515887	101515983	724025,664613
14	101515983	101518132	724025
14	101518783	101518862	619555
14	101520638	101520723	494331
14	101521008	101521110	406924
14	101521738	101521848	574436
14	101522556	101522637	574410
14	101526092	101526175	406946
14	101526910	101527011	574454
14	101528343	101528476	494326
14	101530832	101530915	100126308
14	101531637	101531715	574413
14	101531784	101531874	574433
14	101531918	101532024	442914
14	101532249	101532328	574434
14	101533061	101533138	724026
14	101536248	101539274	100507257
14	101587193	101589879	101929422
14	101798853	101800668	101929443
14	101908413	101910652	100507277
14	102018558	102026768	100302145
14	102027688	102029789	1735
14	102228135	102394326	5527
14	102430865	102517129	1778
14	102547075	102605840	3320
14	102605840	102606036	91833,3320
14	102606036	102690837	91833
14	102690837	102691184	5891,91833
14	102691184	102771537	5891
14	102783714	102808956	55778
14	102808956	102809044	51550,55778
14	102809044	102829253	51550
14	102829300	102968818	9895
14	102973179	102976136	122416
14	103005981	103006063	100422954
14	103058998	103196913	23186
14	103243813	103377837	7187
14	103388993	103398716	81693
14	103398716	103399933	9578,81693
14	103399933	103523799	9578
14	103566481	103576896	91828
14	103589779	103603776	7127
14	103653558	103655365	100131366
14	103799881	103804186	1983
14	103804186	103804311	1983,677811
14	103804311	103811362	677811
14	103851729	103970168	4140
14	103985996	103989448	1152
14	103995521	104003410	115708
14	104022881	104028233	9529
14	104028233	104029168	3831,9529
14	104029168	104029299	3831
14	104029299	104073860	3831,84334
14	104073860	104152261	3831,84334
14	104152261	104163946	3831,84334
14	104163946	104167888	3831,7517,84334
14	104167888	104181841	7517
14	104182067	104200005	79038
14	104200089	104313927	23368
14	104314058	104324386	145216
14	104378625	104394606	9556
14	104394799	104406763	122402
14	104406763	104408645	647286,122402
14	104408645	104519004	647286
14	104552016	104579098	374569
14	104583742	104583851	100616173,406986
14	104605060	104647231	26153
14	104941015	105046021	388021
14	105046021	105056852	388021,400258
14	105056852	105071984	400258
14	105127457	105131895	101929634
14	105144031	105144086	100616300
14	105147483	105151269	101929949,101930394
14	105155943	105185942	64423
14	105190523	105213662	122622
14	105219437	105234831	10572
14	105235686	105262088	207
14	105266933	105271049	100128927
14	105287538	105290055	196872
14	105331617	105363107	283638
14	105391153	105399574	122618
14	105403581	105444694	113146
14	105452112	105475910	122616
14	105475910	105476819	55038,122616
14	105476819	105487485	55038
14	105515728	105531782	29933
14	105607318	105635161	3714
14	105639275	105647660	256281
14	105675623	105714827	2972
14	105714827	105717430	2972,90135
14	105717430	105766900	90135
14	105766900	105781926	23241,90135,101929695
14	105781926	105864484	23241,101929695
14	105864916	105883221	647310
14	105883221	105886076	100507437,647310
14	105886076	105886159	100507437
14	105886159	105916443	100507437,9112
14	105916443	105937066	9112
14	105939299	105946499	1397
14	105952654	105953536	1396
14	105953536	105955284	1396,1396
14	105955284	105956192	1396
14	105956192	105958604	1396,283643
14	105958604	105965912	283643
14	105992940	105996539	80757
14	106202680	106209408	102465871,102466889,101930374
14	106383838	106391825	9834,101926972
14	106435819	106438358	8755
14	106573233	106573800	100293211
14	106586137	106586667	101930405
14	106744269	106744975	338004
14	106780513	106781017	642131
14	106938445	106977000	338005
