16	61553	64043	100287029
16	64043	64093	102465909,101930154,102466751,100287029,100287171
16	64093	69452	102465909,101930154,102466751,100287171
16	96407	103010	51728
16	103010	103628	51728,79622
16	103628	107669	79622
16	108058	126354	64285
16	127006	134273	4350
16	134273	135852	4350,8131
16	135852	188859	8131
16	202686	203891	3050
16	203891	204502	3050,3042
16	204502	216767	3042
16	222846	223709	3039,3040
16	226679	227521	3039,3040
16	230452	231180	3049
16	238968	279462	55692
16	284545	318300	83986
16	318300	318726	83986,8786
16	318726	319942	398,83986,8786
16	319942	325980	398,8786
16	325980	333003	398
16	333152	337215	64714
16	337440	402673	8312
16	417384	420527	10573
16	420773	432097	58986
16	432097	437113	100134368,58986
16	437113	442960	100134368
16	446725	451826	4833
16	451826	460367	4833,26063
16	460367	462487	26063
16	475619	573011	9727
16	577717	585316	6650
16	585316	585368	100847028,6650
16	585368	593277	100847028
16	593277	593366	100847028,100423037
16	593366	604636	100423037
16	610422	615528	146325
16	616995	616996	9091
16	616996	619495	283948,9091
16	619495	634136	283948
16	639357	679239	57799
16	679239	679272	117166,57799
16	679272	684116	117166
16	684429	686358	84326
16	691039	691688	100130285
16	691813	698473	84331
16	698473	698474	84331,101929365
16	698474	699200	101929365
16	699311	717833	197335
16	718086	724174	89941
16	725666	728268	9028
16	730224	731671	10273
16	731671	732870	10273,339123
16	732870	734529	339123
16	734622	740444	84219
16	742500	755829	146330
16	765115	769655	79006
16	770581	772582	65990
16	772582	772601	65990,124093
16	772601	776936	124093
16	776936	776954	124093,84264
16	776954	779753	84264
16	779753	785525	64428,84264
16	785525	791329	64428
16	810762	818865	10232
16	820183	820277	724032
16	834974	838046	113000
16	838046	838397	113000,63922
16	838397	848041	63922
16	848041	850733	63922,51764
16	850733	850737	51764
16	855443	863861	388199
16	903634	950520	64788
16	950520	955224	64788,101929409
16	955224	971033	101929409
16	971033	984495	101929409,101929387
16	984495	1025761	101929387
16	1025761	1031318	64788,101929387
16	1031318	1031596	64788
16	1031808	1036979	30812
16	1114093	1122756	146336
16	1122756	1128707	6755,146336
16	1128707	1131454	6755
16	1140005	1146244	390664
16	1203241	1271651	8912
16	1271651	1271771	25823,8912
16	1271771	1275257	25823
16	1277272	1280214	64499
16	1290697	1292555	7177
16	1306060	1308532	23430
16	1355548	1377019	7329
16	1383602	1399241	8938
16	1399241	1399439	115939,8938
16	1399439	1401912	115939
16	1401924	1413206	84572
16	1413206	1413352	84572,64718
16	1413352	1458835	64718
16	1458835	1462249	64718,101929440
16	1462249	1464752	101929440
16	1469745	1479345	283951
16	1484384	1494557	645811
16	1494935	1525581	1186
16	1535887	1538982	390667
16	1543345	1560428	9894
16	1560428	1560458	9894,9742
16	1560458	1578689	9742
16	1578689	1605581	9742,79652
16	1605581	1630528	79652
16	1630528	1660329	79652,101929458
16	1660329	1662111	101929458
16	1662326	1727909	57585
16	1728257	1752281	90861
16	1756184	1763528	23162
16	1763528	1764209	101929480,23162
16	1764209	1784986	101929480
16	1784986	1785067	101929480,100423012
16	1785067	1820287	100423012
16	1820287	1820318	4832,100423012
16	1820318	1821731	4832
16	1821891	1823156	65993
16	1823208	1826713	197342
16	1826713	1831709	197342,90864
16	1831709	1832902	90864
16	1832902	1839192	10101,90864
16	1839192	1840414	10101
16	1840414	1843701	3483,10101
16	1843701	1844972	3483
16	1845621	1876968	3029
16	1876968	1877195	3029,81889
16	1877195	1883984	81889
16	1883984	1890208	254528,81889,64735
16	1890208	1934295	254528,64735
16	1939115	1940435	101929501
16	1961464	1968441	64711
16	1988211	1993327	51734
16	1993975	2007607	6123
16	2009509	2011976	4716
16	2012053	2012335	6187,26784
16	2012335	2012467	6187,26784,574042
16	2012467	2012974	574042
16	2012974	2013107	574042,26784
16	2013107	2014861	26784
16	2014960	2015510	677844
16	2016824	2018976	146310
16	2022038	2028918	10607
16	2028918	2032934	124056,10607
16	2032934	2034193	124056
16	2034208	2037750	2671
16	2039661	2044276	9143
16	2047655	2059824	90850
16	2059927	2070756	283869
16	2075357	2089027	9351
16	2089816	2097466	4913
16	2097466	2097867	4913,7249
16	2097867	2138711	7249
16	2138711	2138716	5310,7249,101930075
16	2138716	2140196	5310,101930075
16	2140196	2140285	101930075,100188847,5310
16	2140285	2183120	100188847
16	2183120	2183205	101927469,100188847,100616258
16	2183205	2185899	101927469,100616258
16	2185978	2186130	100500916
16	2190804	2204166	25837
16	2204798	2205024	100507303
16	2205024	2205106	26788,100507303
16	2205106	2205359	26788
16	2205699	2227184	84231
16	2227184	2228130	57524,84231
16	2228130	2246526	57524
16	2254249	2259254	64223
16	2259254	2259417	283870,64223
16	2259417	2261951	283870
16	2261998	2264808	283871
16	2273567	2285743	1877
16	2285817	2288712	1775
16	2289396	2302301	1632
16	2303117	2318156	10921
16	2318156	2318413	100126328,10921
16	2318413	2320714	100126328
16	2320714	2320773	100126328,100500812
16	2320773	2323419	100500812
16	2324621	2324692	100616241
16	2325882	2389151	21
16	2389151	2390747	650655,21
16	2390747	2476700	650655
16	2479395	2508855	899
16	2510081	2514951	80178
16	2514951	2514964	80178,729652
16	2514964	2518214	729652
16	2521500	2524146	4917
16	2525147	2555735	57465
16	2563871	2570219	527
16	2570358	2577081	752014,51005
16	2577081	2581420	752014,51005,752014
16	2581420	2581423	752014
16	2581923	2582006	100422974
16	2587965	2604061	101060747,5170
16	2604061	2606061	5170,101060747,645644
16	2606061	2653189	645644
16	2653351	2680495	652276
16	2710350	2723445	100507321
16	2732476	2759031	54442
16	2762419	2770552	83886
16	2787077	2802330	100128788
16	2802330	2802601	23524,100128788
16	2802601	2821415	23524
16	2821415	2822539	23524,6923
16	2822539	2827298	6923
16	2833954	2837949	260429
16	2867164	2876305	10942
16	2880170	2888967	124220
16	2889569	2892745	124221
16	2902728	2908171	64063
16	2916349	2917619	101929566
16	2933187	2949383	114984
16	2961938	3001209	84256
16	3013945	3018025	79412
16	3018025	3018384	9088,79412
16	3018384	3019246	9088
16	3019246	3023490	9088,124222
16	3023490	3030540	124222
16	3038962	3044510	283875
16	3062457	3064506	9080
16	3064713	3068446	9074
16	3068446	3070072	9074,51330
16	3070072	3072384	51330
16	3072621	3074028	54985
16	3074028	3074287	54985,79228
16	3074287	3077683	79228
16	3077683	3077756	79228,146439
16	3077756	3082482	146439
16	3082482	3086927	146439,100128770
16	3086927	3089134	100128770
16	3096682	3110727	64386
16	3115298	3131908	9235
16	3138891	3149318	84891
16	3160461	3162561	81854
16	3162561	3165599	81854,7755
16	3165599	3166043	7755
16	3166043	3170518	100507458,7755
16	3170518	3179778	100507458
16	3179778	3184883	100507458,7760
16	3184883	3192806	7760
16	3194220	3199964	197350
16	3254247	3255188	4992
16	3265562	3266546	26184
16	3272325	3286221	7752
16	3292028	3306627	4210
16	3313743	3348832	10127,283876
16	3348832	3351401	283876,10127,91151
16	3351401	3355406	91151
16	3355406	3355729	7627,91151
16	3355729	3368852	7627
16	3405889	3406924	4993
16	3415099	3421053	79903
16	3421053	3422283	100463285,79903
16	3422283	3432085	100463285
16	3432085	3451065	100463285,54925
16	3451065	3451235	54925
16	3451235	3459370	54925,7727
16	3459370	3486104	7727
16	3486104	3493542	146434,7727
16	3493542	3493611	146434
16	3493611	3536960	146434,79903
16	3536960	3536963	79903
16	3543484	3545480	646174
16	3550924	3589033	23059
16	3589033	3589048	197358,23059
16	3589048	3627401	197358
16	3631182	3661599	84464
16	3661729	3701640	1773
16	3701640	3725411	1773,10131
16	3725411	3727060	1773,101929751,10131
16	3727060	3730144	101929751
16	3730144	3767598	10131
16	3775055	3930727	1387
16	4003388	4166186	115
16	4239375	4292081	6345
16	4295826	4303790	100507501
16	4307187	4323076	7023
16	4364762	4374668	84662
16	4374668	4378341	101926896,84662
16	4378341	4381550	101926896
16	4381550	4389598	101926896,51025
16	4389598	4390252	51025
16	4390252	4404543	51025,100529144
16	4404543	4405608	79585,51025,100529144
16	4405608	4421849	79585,100529144
16	4421849	4433529	79585,100529144,114990
16	4433529	4470495	79585,114990,114990
16	4470495	4475706	114990
16	4475806	4506776	9093
16	4511681	4524691	57407
16	4524691	4545764	3163,57407
16	4545764	4560348	3163
16	4560676	4588829	29965
16	4606491	4650715	342346
16	4658884	4665028	124402
16	4666494	4740975	23295
16	4743695	4745860	84309
16	4746513	4784273	124401
16	4784273	4784379	146562,124401
16	4784379	4798240	146562
16	4798240	4799397	146562,26048
16	4799397	4817625	26048
16	4827670	4838398	124404
16	4838398	4838522	124404,440335
16	4838522	4846492	440335
16	4846969	4852951	79641
16	4853204	4896666	84656
16	4896666	4897343	29855,84656
16	4897343	4932361	29855
16	4932508	5008318	5493
16	5008318	5010742	5493,9717
16	5010742	5069159	9717
16	5074845	5083703	51172
16	5083703	5084142	100507589,51172,56052
16	5084142	5094123	56052,100507589
16	5094123	5116111	100507589,146556,56052
16	5116111	5134305	146556,56052
16	5134305	5137380	196483,653333,146556,100287013,56052
16	5137380	5147809	196483,653333,100287013
16	5651170	5666197	101926950
16	6069095	7763340	54715
16	8619502	8622304	283953
16	8715540	8740081	79091
16	8768422	8874241	18
16	8874241	8878432	18,25880
16	8878432	8882680	25880
16	8882680	8891505	25880,5373
16	8891505	8943188	5373
16	8946799	8962866	23589
16	8985951	9058371	7874
16	9185505	9215497	29035
16	9449445	9501950	101927009
16	9852376	10276611	2903
16	10420291	10577495	80063
16	10622279	10674555	2013
16	10721358	10788802	146279
16	10837643	10854776	4682
16	10854776	10863208	780776,4682
16	10863208	10912651	780776
16	10971055	11022748	4261
16	11022748	11026079	28955,4261
16	11026079	11034576	28955
16	11034576	11036317	28955,100505564
16	11036317	11036878	100505564
16	11038345	11276046	23274
16	11343476	11348262	116028
16	11348262	11350036	8651,116028
16	11350036	11361605	8651
16	11361605	11363390	8651,7142
16	11363390	11367144	7142
16	11367144	11367452	7142,58531
16	11367452	11369496	58531
16	11369496	11370337	58531,5620
16	11370337	11374693	5620
16	11374693	11375207	5619,5620
16	11375207	11400297	5619
16	11400297	11400384	5619,100313773
16	11400384	11442000	100313773
16	11442000	11443178	101927071,100313773
16	11443178	11445619	101927071
16	11453702	11559116	400499,101929274,388210
16	11559116	11567030	400499,101929274,388210,101927131
16	11567030	11617444	101929274,101927131,388210
16	11641853	11730237	9516
16	11762270	11772936	8303
16	11772936	11773015	8303,51061
16	11773015	11836734	51061
16	11844442	11891123	29066
16	11913686	11922702	400500
16	11929056	11945442	26156
16	11961985	12009939	2935
16	12058964	12061925	608
16	12070594	12460839	92017,101929304
16	12460839	12466439	101929304,92017,101927227
16	12466439	12668146	101927227
16	12756919	12814178	55313
16	12814178	12814228	100616195,55313
16	12814228	12897874	100616195
16	12995477	13334272	729993
16	13340173	13656775	101927287
16	14014014	14046202	2072
16	14103137	14109873	101927311
16	14112737	14114934	101927348
16	14165178	14360630	57496
16	14396145	14397824	100129781
16	14397824	14397906	574455,100129781
16	14397906	14403142	574455
16	14403142	14403228	574455,100126355
16	14403228	14420210	100126355
16	14529558	14726585	5073
16	14726672	14763093	51283
16	14766405	14788526	8399,100652777
16	14802801	14820195	642778,100288332,642799
16	14841923	14859270	100288332,642799
16	14914649	14918563	730013,101927428
16	14927538	14990017	101930025,23420
16	14995356	14996031	100422960,100422886,100423006
16	15001574	15001638	100846994,100500910
16	15003744	15005077	100422870,100422956,100422836
16	15005077	15005170	100422870,100422836,100422956,100422836
16	15005170	15005202	100422870,100422836,100422836
16	15005408	15016659	101060429
16	15016659	15029565	101060429,101059953,642778,642799,9284,101059938
16	15029565	15045915	101059953,642799,642778,9284,101059938
16	15068448	15104178	23042
16	15104178	15104254	100422922,100302243,23042
16	15104254	15131710	100302243
16	15131710	15149921	100302243,123803
16	15149921	15153879	123803
16	15153879	15188174	54700,123803
16	15188174	15219099	54700
16	15219099	15233196	54700,339044
16	15233196	15248421	339044
16	15248707	15248859	100500852
16	15457516	15474904	101059953,642799,642778,9284,100288332,101930008,101059938
16	15489611	15507125	255027
16	15528152	15688243	89927
16	15688243	15718885	9665,89927
16	15718885	15737023	9665
16	15737124	15737151	54820
16	15737151	15737229	619553,54820
16	15737229	15797029	619553
16	15797029	15820210	619553,4629
16	15820210	15950890	4629
16	15959577	15982482	123811
16	16043434	16236931	4363
16	16242785	16317379	101930322,368
16	16326352	16388668	408050,101930025
16	16394007	16394683	100422960,100422886,100423006
16	16400227	16400291	100846994,100500910
16	16402399	16403732	100422870,100422956,100422836
16	16403732	16403825	100422870,100422836,100422956,100422836
16	16403825	16403857	100422870,100422836,100422836
16	16411301	16444447	101059953,339044,642778,101930008,100288332,642799,101060412,101059938,9284
16	16450081	16471364	399491
16	16472912	16487811	101059953,101060412,101059938
16	17195626	17564738	64131
16	18411799	18441131	101059953,101930075,101060412,101059938
16	18451943	18473188	101059953,642778,101930008,100288332,642799,101060412,101059938,9284
16	18496003	18496035	100422956,100422836,100422870
16	18496035	18496128	100422836,100422956,100422870
16	18496128	18497461	100422836,100422870
16	18499555	18499619	100500910,100846994
16	18505751	18505834	100422960,100422886,100423006
16	18511182	18573533	283820,101930025
16	18582484	18609650	653190
16	18792617	18801705	6210
16	18802991	18813000	23204
16	18816175	18937776	101060386,101060589,552900,23049
16	18995256	19075264	79905
16	19078921	19091417	10229
16	19125254	19132946	162073
16	19179293	19279652	51760
16	19421818	19510435	79838
16	19513015	19533467	51573
16	19535133	19564730	9738
16	19566562	19714902	57020
16	19714902	19718115	57020,400506
16	19718115	19727778	400506
16	19727778	19729557	124152,400506
16	19729557	19868616	124152
16	19868616	19868907	51704,124152
16	19868907	19897489	51704
16	20042807	20085239	124274
16	20320894	20339130	2813
16	20344374	20367623	7369
16	20370492	20416059	204474
16	20420856	20452658	54988
16	20462783	20498991	123876
16	20547548	20587749	348158
16	20621565	20634559	6296
16	20634559	20710212	116285,6296
16	20710212	20744986	116285
16	20744986	20753406	116285,55623
16	20753406	20791515	55623
16	20791515	20808903	112479,55623
16	20808903	20817751	112479
16	20817751	20860987	81691,112479
16	20860987	20866247	81691
16	20866247	20911190	81691,123879
16	20911190	20911671	57149,123879
16	20911671	20911706	57149,123879
16	20911706	20936328	57149
16	20944433	21169698	55567
16	21169698	21170762	57146,55567
16	21170762	21191937	57146
16	21208773	21225831	7783
16	21244986	21250195	257629
16	21250195	21263750	1428,257629
16	21263750	21312170	1428
16	21312170	21314404	400508,1428
16	21314404	21329912	400508
16	21413558	21458004	100288332
16	21458004	21459888	100271836,100288332,81893,101060604
16	21459888	21517370	101060604,100271836,81893
16	21517370	21517456	100500917,81893,100271836,101060604,100847041
16	21517456	21531765	100500917,81893,101060604,100847041
16	21608539	21652609	51108
16	21652609	21663981	51108,10261
16	21663981	21668794	10261
16	21689835	21772050	146183
16	21845890	21892148	23117,100288332,101929910
16	21963981	21994981	7385
16	21995186	22012433	255762
16	22018959	22098855	146177,101930115,730094
16	22103859	22168287	146177
16	22217603	22298554	29904,101930123
16	22308730	22346424	55718,101060521
16	22357257	22430090	101060399,1039
16	22430090	22448329	101060399,100131998,1039,101060405
16	22448329	22448486	101060399,100131998,1039,641298,101060405
16	22448486	22449036	101060405,100131998,641298
16	22449036	22490442	641298
16	22490442	22503541	101929906,100288332,641298,613037,440345,100132247
16	22503541	22547842	101929906,100288332,613037,440345,100132247
16	22557019	22588186	653786
16	22825498	22927659	9956
16	23072727	23160591	57478
16	23194036	23228204	6340
16	23289552	23392620	6338
16	23399814	23464501	91949
16	23474863	23533316	23062
16	23533335	23568392	124454
16	23568392	23569052	124454,56061
16	23569052	23585710	56061
16	23592323	23607677	4706
16	23614488	23652631	79728
16	23652713	23681195	84516
16	23688977	23701647	5347
16	23701647	23701688	5347,10595
16	23701688	23724821	10595
16	23765948	23770272	63928
16	23847322	24231932	5579
16	24266874	24374122	10368
16	24484119	24506498	101927875
16	24549014	24584184	5930
16	24672743	24682383	400511
16	24741016	24838953	27327
16	24857162	24922949	115584
16	24930706	25026987	55114
16	25078258	25080264	283887
16	25123050	25151898	51451
16	25151898	25160353	51451,100506655
16	25160353	25189552	100506655
16	25227052	25240261	343
16	25247322	25269252	342357
16	25703347	26036558	9951
16	26036558	26036631	9951,100422923
16	26036631	26149009	100422923
16	27214807	27233089	79831
16	27236312	27280115	197370
16	27324989	27376099	3566
16	27413483	27458990	50615
16	27458990	27462115	283888,50615
16	27462115	27464714	283888
16	27470876	27561234	2975
16	27561454	27690261	23247
16	27690261	27730104	100128079,23247
16	27730104	27791690	100128079
16	27798850	28074830	146395
16	28109300	28223241	23214
16	28303840	28335170	388228
16	28353876	28374829	728741
16	28390900	28415200	8663,728689
16	28467693	28477974	100507607
16	28477974	28477983	1201,100507607
16	28477983	28481868	1201,100507607
16	28481868	28503333	1201,1201
16	28503333	28505970	1201
16	28505970	28506896	1201,55911
16	28506896	28510291	55911
16	28510683	28523372	246778
16	28548606	28550495	26471
16	28565236	28603111	112869
16	28603264	28608430	6799
16	28616903	28634946	6817
16	28648975	28670003	100507607
16	28699879	28747051	8663
16	28763108	28784128	728734,100507607
16	28834356	28848558	11273
16	28853732	28855240	7284
16	28855240	28855328	7284,100616256
16	28855328	28857729	100616256
16	28857921	28885526	25970
16	28889726	28890278	487
16	28890278	28891241	100289092,487
16	28891241	28915742	100289092
16	28915742	28915830	79874,100289092
16	28915830	28943260	79874
16	28943260	28947847	79874,930
16	28947847	28950667	930
16	28962128	28969904	84901
16	28969904	28969982	84901,100616487
16	28969982	28978418	100616487
16	28985542	28995869	83985
16	28996147	29002104	27040
16	29065053	29119429	101928215
16	29228491	29231352	101928188
16	29262829	29392675	440352
16	29392675	29415350	728888,440352
16	29415350	29454551	728888
16	29454551	29464914	728888,552900
16	29464914	29465822	654483,552900,552900
16	29465822	29465972	654483,552900,548593,79008
16	29465972	29466285	654483,552900,548593,79008
16	29466285	29466412	552900,548593,79008
16	29466412	29467127	100526831,552900,548593,79008
16	29467127	29469540	100526831,6818,552900,101929857,79008,445329,548593
16	29469540	29476283	100526831,101929857,552900,445329,6818
16	29476283	29476300	6818,552900,101929857,445329
16	29476300	29519817	552900
16	29610500	29610586	100500917,100847041
16	29674300	29674600	6693,101929889
16	29674600	29682187	6693,101929889,101929880,23475
16	29682187	29710020	23475,101929880
16	29753784	29757327	283897,101929877
16	29789561	29793096	653808
16	29802040	29816706	3835
16	29817427	29819966	4150
16	29819966	29823177	100289283,4150
16	29823177	29823306	100289283,112476,4150
16	29823306	29823649	100289283,112476
16	29823649	29827201	112476
16	29827285	29827832	79447
16	29827832	29831438	79447,79447
16	29831438	29831715	79447
16	29831715	29841948	79447,9961
16	29841948	29859355	9961
16	29869678	29874914	10423
16	29874914	29875057	10423,440356
16	29875057	29879371	440356
16	29882480	29910868	26470
16	29911696	29916333	253982
16	29916333	29931185	253980,253982
16	29931185	29938356	253980
16	29952206	29984373	124446
16	29984962	30003582	9344
16	30003645	30006615	8479
16	30006615	30007757	8479,283899
16	30007757	30016830	283899
16	30016830	30017114	8448,283899
16	30017114	30034591	8448
16	30034655	30035748	146378
16	30035748	30039057	100996332,146378,83723
16	30039057	30064299	100996332,83723
16	30064411	30081778	226
16	30087299	30096698	5531
16	30097114	30103208	6911
16	30103635	30107751	83719
16	30107751	30108236	101928595,83719
16	30108236	30115437	101928595
16	30116131	30125177	79153
16	30125426	30134827	5595
16	30194148	30200397	11151
16	30204255	30205208	552900,654483
16	30205208	30205213	654483,552900,101929864,548593,79008
16	30205213	30205627	101929864,79008,548593,100526830
16	30205627	30205754	101929864,79008,548593,100526830
16	30205754	30208882	101929857,101929864,79008,548593,445329,100526830,6818
16	30208882	30215631	101929857,445329,100526830,6818
16	30215637	30220392	101929849
16	30225730	30226020	101929894,101928556,101928671
16	30234230	30234258	595101,101929906
16	30234258	30265831	595101,101929906,101929910
16	30265831	30346695	101929910
16	30362087	30366682	10421
16	30368423	30381585	26000
16	30382255	30389312	29895
16	30389427	30389454	197407
16	30389454	30407312	197407,1731
16	30407312	30411429	1731
16	30418618	30434940	51333
16	30434940	30440920	79077,51333
16	30440920	30441396	79077
16	30454952	30457502	22928
16	30483979	30515240	3683
16	30515240	30515322	3683,100616405
16	30515322	30534506	100616405
16	30535325	30537244	79724
16	30537244	30538142	79724,65988,65988
16	30538142	30546173	65988,65988
16	30546173	30546668	65988
16	30565085	30569819	92595
16	30580667	30584055	146542
16	30585061	30597092	146540
16	30613879	30635333	115509
16	30662038	30667761	78994
16	30669752	30682135	64319
16	30709530	30721858	10847
16	30721858	30721986	10847,677813
16	30721986	30755602	677813
16	30759591	30768744	5261
16	30768744	30772490	5261,90835
16	30772490	30773066	90835
16	30773066	30774031	9810,90835
16	30774031	30787628	9810
16	30789778	30798523	23361
16	30844947	30886543	9274
16	30886543	30886587	101928736,9274,100616231
16	30886587	30886644	9274,100616231,101928736
16	30886644	30905224	9274,100616231,100616231
16	30905224	30905306	100313837,9274,100616231,100616231
16	30905306	30906281	100313837,9274,100616231
16	30906281	30906541	100313837,100616231
16	30907928	30914881	1489
16	30930640	30934376	283932
16	30934376	30934590	283932,54620
16	30934590	30960104	54620
16	30960387	30967782	93129
16	30968615	30996437	9739
16	30996519	31000473	80270
16	31000577	31021949	112755
16	31044210	31054296	6810
16	31072164	31085641	79759
16	31085743	31094746	9726
16	31094746	31095517	9726,339105
16	31095517	31100949	339105
16	31102163	31107301	79001
16	31117428	31124110	10295
16	31127075	31142714	84148
16	31142756	31147083	5652
16	31150246	31161415	146547
16	31191431	31203127	2521
16	31212806	31214771	29108
16	31225342	31227283	493829
16	31227283	31228680	493829,260434
16	31228680	31236510	260434
16	31271311	31344213	3684
16	31366455	31394318	3687
16	31404633	31437826	3681
16	31439052	31439967	1339
16	31445569	31454346	283933
16	31469401	31478487	79798
16	31482906	31489281	7041
16	31494323	31500792	6524
16	31500792	31502181	6524,64755
16	31502181	31519792	64755
16	31519792	31520569	64755,101928829
16	31520569	31520630	101928829
16	31539185	31540124	51327
16	31579707	31580796	440359
16	31711911	31721097	100132341
16	31724550	31806190	101928852,124411
16	31885079	31928668	10308
16	32114566	32199434	100289574
16	32264040	32267240	729264,24150,729355,653550
16	32274148	32276835	100507221
16	32300868	32321876	390705
16	32684852	32688053	729264,24150,729355,653550
16	32888790	32896822	386757,653562
16	33204156	33261515	729264,24150,729355,653550
16	33261515	33264716	729264,24150,729355,653550
16	33264716	33264727	729264,24150,729355,653550
16	33961052	33962503	649159
16	34213115	34214215	100505948
16	34404063	34404612	606551
16	34597783	34624955	283914
16	34739464	34740833	100130700
16	34977639	34990886	400533
16	46503253	46603009	124149
16	46614466	46655538	79801
16	46690054	46723430	55737
16	46723555	46732306	23594
16	46740891	46824319	91807
16	46830519	46865323	388272
16	46918290	46965209	84706
16	46989299	47007699	10294
16	47111614	47177908	81831
16	47178234	47188298	101927102
16	47188298	47196658	81533,101927102
16	47196658	47495034	81533
16	47495034	47498060	81533,5257
16	47498060	47735434	5257
16	47758479	47883225	101927132
16	47883225	47921041	101927132,100507534
16	47921041	47942342	100507534
16	48116884	48189929	94160
16	48200821	48278207	85320
16	48278207	48281479	85320,100507577,83752
16	48281479	48390275	83752,100507577
16	48390275	48397033	6477,100507577,83752
16	48397033	48482313	6477
16	48572637	48654059	9683
16	49311828	49315742	869
16	49407734	49433342	123970
16	49500017	49503786	101927228
16	49521435	49891830	23090
16	50058321	50070999	255919
16	50099852	50134250	55027
16	50134250	50140298	55027,101927250
16	50140298	50155854	101927250
16	50186829	50269221	64282
16	50280048	50347398	113
16	50347398	50352046	113,29117
16	50352046	50402845	29117
16	50582241	50670647	85407
16	50700122	50700211	101927272
16	50700211	50705550	101927272,124460
16	50705550	50715264	124460
16	50727514	50766988	64127
16	50775961	50835846	1540
16	50890525	50913189	101927313
16	51051669	51069688	101927334
16	51169886	51185278	6299
16	51679667	51681043	664709,728643
16	51796430	51807084	101927364
16	52039399	52112386	388276
16	52116977	52119021	100505619
16	52119192	52132979	102467079
16	52292476	52314211	283854
16	52471917	52581714	27324
16	52586002	52686017	643714
16	53088945	53363062	80205
16	53467889	53524952	5934
16	53524952	53525561	5934,64400
16	53525561	53538323	64400
16	53631595	53737850	23322
16	53737875	54073305	79068
16	54073305	54074638	100505692,79068
16	54074638	54155853	100505692
16	54317216	54320675	79191
16	54399919	54404611	100996345
16	54881159	54882145	101927480
16	54952775	54963101	643911
16	54964774	54968397	10265
16	55357672	55364672	79190
16	55423612	55540603	4313
16	55542910	55600584	54947
16	55600584	55601599	54947,84290
16	55601599	55620582	84290
16	55689516	55740104	6530
16	55794460	55828070	51716
16	55836763	55867249	100653057,1066
16	55880066	55989943	221223
16	56126899	56217638	283856
16	56217638	56220218	283856,101927508
16	56220218	56225006	101927508
16	56225302	56226526	2775
16	56226526	56228430	26077,2775
16	56228430	56279432	26077
16	56279432	56279535	26077,100500891
16	56279535	56391356	100500891
16	56395364	56459450	267
16	56463045	56485402	11051
16	56485402	56486111	11051,55239
16	56486111	56500748	55239
16	56500748	56513012	55239,583
16	56513012	56554195	583
16	56598961	56602869	84560
16	56622986	56625000	4504
16	56642111	56643409	4502
16	56651388	56652730	4500
16	56659387	56661024	4493
16	56666145	56667898	4499
16	56669651	56670998	4498
16	56672578	56673999	4489
16	56685811	56687116	4490
16	56691606	56694610	4494
16	56700643	56701977	4495
16	56703726	56705041	4496
16	56716336	56718108	4501
16	56764017	56878797	9688
16	56892430	56892513	406930
16	56899119	56949762	6559
16	56965960	56977798	9709
16	56995762	57017757	1071
16	57023397	57117443	84166
16	57126449	57181878	221184
16	57186378	57220028	80011
16	57220049	57274387	89970
16	57279010	57287516	23568
16	57290004	57318599	51090
16	57392684	57400102	6367
16	57406370	57418960	6376
16	57438679	57449974	6361
16	57462081	57481337	57019
16	57481337	57481440	57019,57017
16	57481440	57495187	57017
16	57496299	57505863	5432
16	57505863	57505922	5432,55715
16	57505922	57521239	55715
16	57546090	57570511	92922
16	57576333	57625593	221188
16	57644564	57698944	9289
16	57702099	57723975	222487
16	57728705	57765717	84229
16	57769642	57791162	10300
16	57792129	57832098	3801
16	57832098	57850850	388282,3801
16	57850850	57896957	388282
16	57917503	58005020	1258
16	58010339	58022020	374739
16	58028572	58033450	57567
16	58033450	58034357	79650,57567
16	58034357	58055522	79650
16	58059470	58080805	4324
16	58147496	58163354	29105
16	58191811	58231824	1459
16	58265061	58313901	29070
16	58313901	58317740	221191,29070
16	58317740	58328951	221191
16	58328984	58440048	64785
16	58496750	58547532	65009
16	58549383	58553855	79918
16	58553855	58554431	79918,23019
16	58554431	58582403	23019
16	58582403	58582537	23019,677827
16	58582537	58593700	677827
16	58593700	58593835	677830,677827
16	58593835	58663790	677830
16	58699013	58719008	55238
16	58741035	58768261	2806
16	59788365	59788930	644649
16	59889257	60087875	101927580
16	61681146	62070939	1006
16	62221444	62221550	100302738
16	64977656	65160015	1009
16	65318402	65610203	283867
16	66400533	66438686	1003
16	66442427	66446038	100505865
16	66461200	66503699	146227
16	66503699	66515133	101927726,146227
16	66515133	66527432	101927726
16	66541906	66586447	7084
16	66586466	66586490	51192
16	66586490	66600154	51192,100529251
16	66600154	66600294	100529251
16	66600294	66613038	100529251,113540
16	66613038	66613040	113540
16	66613351	66622178	146225
16	66637777	66647795	123920
16	66648653	66730610	146223
16	66754796	66785655	1783
16	66785655	66785701	101927792,1783
16	66785701	66788643	101927792
16	66788879	66835523	283847
16	66836778	66878282	8883
16	66878282	66888056	766,8883
16	66888056	66907159	766
16	66912492	66929657	57546
16	66942025	66952887	1014
16	66955582	66959547	6236
16	66965959	66968326	51647
16	66968347	66978999	8824
16	66995140	67009051	23491
16	67022492	67043661	283848
16	67063019	67134961	865
16	67143861	67182008	80262
16	67182008	67182442	84752,80262
16	67182442	67185117	84752
16	67188083	67193834	8717
16	67193834	67194201	55336,8717
16	67194201	67197288	55336
16	67197288	67198473	3299,55336
16	67198473	67203848	3299
16	67204057	67209505	8996
16	67209505	67209643	653319,8996
16	67209643	67217943	653319
16	67218269	67224107	283849
16	67226072	67232821	1874
16	67233014	67236224	79767
16	67236224	67236298	442901,79767
16	67236298	67237932	442901
16	67241042	67260951	26231
16	67261006	67263181	29100
16	67263290	67271586	29109
16	67271586	67281561	6553,29109
16	67281561	67306093	6553
16	67311413	67323331	25894
16	67323331	67323402	146212,25894
16	67323402	67360666	146212
16	67360701	67419106	55282
16	67423712	67427438	51673
16	67428322	67450736	29800
16	67464555	67471456	3291
16	67471917	67515140	9114
16	67516474	67517716	181
16	67552321	67580691	79567
16	67596310	67673086	10664
16	67678822	67691415	146206
16	67691415	67691472	65057,146206
16	67691472	67694713	65057
16	67694849	67696681	50855
16	67696848	67700719	84080
16	67700719	67701168	388284,84080
16	67701168	67702661	388284
16	67708434	67753324	81577
16	67757005	67840555	57610
16	67840668	67862060	55815
16	67862060	67866051	80152,55815
16	67866051	67876213	80152
16	67876213	67878097	80152,57215
16	67878097	67880635	57215
16	67880635	67881714	128322,57215,10204
16	67881714	67906470	128322,10204
16	67906926	67918406	23644
16	67918708	67922758	123904
16	67927175	67961543	5681
16	67961543	67963581	5681,1506
16	67963581	67966317	1506
16	67968405	67970990	5699
16	67973653	67977377	3931
16	67977377	67978034	3931,6560
16	67978034	68003504	6560
16	68009566	68014732	64180
16	68021297	68021649	64174
16	68021649	68034489	64174,54920
16	68034489	68055179	54920
16	68055179	68057770	55794,54920
16	68057770	68113223	55794
16	68118654	68263014	4775
16	68263014	68263162	4775,102466194,80004
16	68263162	68272005	102466194,80004
16	68279207	68294961	23659
16	68298433	68318406	9057
16	68318406	68335722	84138,9057
16	68335722	68344849	84138
16	68344877	68392231	54496
16	68392231	68392466	54496,55512
16	68392466	68482591	55512
16	68563993	68609975	146198
16	68670092	68756519	1001
16	68771128	68869451	999
16	68877507	69119083	79613
16	69139467	69151913	3038
16	69151913	69152622	3038,54921
16	69152622	69165194	54921
16	69165194	69166487	84916,54921
16	69166487	69221032	84916
16	69221032	69265033	6645,84916
16	69265033	69342955	6645
16	69345259	69354043	27183
16	69354043	69358949	84342,27183
16	69358949	69362524	84342
16	69362524	69364498	84342,64146
16	69364498	69373333	64146
16	69373333	69373570	51388,64146
16	69373570	69377014	51388
16	69377151	69385712	146456
16	69389464	69442474	7014
16	69458428	69500169	80777
16	69598997	69599711	10725
16	69599711	69599771	10725,100302119
16	69599771	69738569	100302119
16	69740899	69760854	1728
16	69775770	69788843	28987
16	69796209	69966984	11060
16	69966984	69967083	406932,11060
16	69967083	69975644	406932
16	69984810	69998141	283971,348174
16	70010200	70064249	283970
16	70064249	70064325	283970,100422922,100302243
16	70064325	70099851	100302243
16	70147529	70195203	55066
16	70207225	70221264	283971,497190
16	70253477	70279519	100506060
16	70284134	70285833	118460
16	70286198	70323446	16
16	70323566	70349543	11269
16	70349543	70369186	100506083,11269
16	70369186	70380650	100506083
16	70380732	70407286	55308
16	70413338	70473140	6483
16	70479196	70479302	100873755
16	70488324	70514177	197258
16	70514471	70557468	25839
16	70557691	70563412	23450
16	70563412	70563491	23450,100113402
16	70563491	70571908	100113402
16	70571908	70572001	692214,100113402
16	70572001	70608820	692214
16	70613798	70694585	146433
16	70695107	70719969	92154
16	70721342	70789001	55697
16	70789001	70807154	100130894,55697
16	70807154	70835064	100130894
16	70841281	71264625	101930373,100288805,54768
16	71315292	71323618	55783
16	71392616	71424341	794
16	71481500	71481503	7571
16	71481503	71496998	7571,7571
16	71496998	71498453	7571
16	71498453	71523214	7567,7571
16	71523214	71559136	7567
16	71559136	71572649	7567,10164
16	71572649	71598992	10164
16	71599563	71599692	6898
16	71599692	71611033	100132529,6898
16	71611033	71612090	100132529
16	71660064	71671738	91862
16	71671738	71676017	23035,91862
16	71676017	71732470	23035
16	71732470	71732604	23035,100379141
16	71732604	71758604	100379141
16	71762913	71792305	164
16	71792305	71792390	692111,164
16	71792390	71843104	692111
16	71879894	71879899	342371
16	71879899	71893583	9798,342371
16	71893583	71919171	342371,55565,9798
16	71919171	71929239	9798,55565
16	71929239	71962913	9798
16	72042487	72058954	1723
16	72078188	72088491	54957
16	72088491	72088522	3240,54957
16	72088522	72094954	54957,3240,3250
16	72094954	72111145	3240,3250
16	72111145	72127461	3240
16	72127461	72128330	3240,9785
16	72128330	72146056	9785
16	72146056	72146811	83449,9785
16	72146811	72210777	83449
16	72816784	73093597	463
16	73126248	73127673	283902
16	73160536	73178346	388289
16	73420704	73455292	100506172
16	74088050	74330660	101928035
16	74330673	74340186	5713
16	74401360	74403724	440386
16	74411776	74425978	440348
16	74442529	74455368	497190
16	74481325	74483790	2734
16	74485856	74641012	2734
16	74655292	74700779	55159
16	74705753	74734858	197259
16	74746853	74808729	79152
16	74907468	75032928	79726
16	75032928	75034071	79726,84937
16	75034071	75144892	84937
16	75145758	75150669	197257
16	75182390	75206134	162239
16	75237994	75241083	440387
16	75252898	75258822	1504
16	75259972	75262093	100506281
16	75262928	75301951	9564
16	75327596	75467383	10428
16	75476952	75499395	124491
16	75510949	75529282	4166
16	75562433	75569145	23563
16	75572015	75590184	79583
16	75600249	75611779	11345
16	75630879	75657198	23536
16	75661622	75681684	3735
16	75681684	75682541	54386,3735
16	75682541	75795770	54386
16	76311176	76593135	85445
16	76668895	76692375	101928203
16	76902833	76902916	100616172
16	77224732	77233294	22879
16	77233294	77236302	100130958,22879
16	77236302	77247112	100130958
16	77281710	77469011	170692
16	77756411	77776157	283927
16	77822427	78014004	57687
16	78056412	78100658	10143
16	78133310	79246564	51741
16	79619740	79634611	4094
16	79710005	79750622	101928248
16	79750622	79804460	102467146,101928248
16	79804460	79841819	102467146
16	80574631	80584657	83657
16	80600691	80606705	101928276
16	80631803	80838226	124359
16	80862632	80926492	100996425
16	81009698	81040103	56942
16	81040103	81053875	56942,55839
16	81053875	81066719	55839
16	81069452	81080963	23300
16	81087102	81110872	123775
16	81115566	81130008	101060817,2653
16	81134480	81253975	114780
16	81272053	81324747	53630
16	81348557	81418623	8139
16	81418623	81418698	100616150,8139
16	81418698	81424489	100616150
16	81478775	81745367	80790
16	81771853	81772702	101928342
16	81772702	81801311	101928342,5336
16	81801311	81991899	5336
16	82031221	82045093	93517
16	82068609	82132139	3294
16	82181403	82203831	10200
16	82660408	82806924	1012
16	82806924	82863243	101928446,1012
16	82863243	82986835	101928446
16	82986835	83023903	101928446,101928417
16	83023903	83541951	101928417
16	83541951	83542013	100422853,101928417
16	83542013	83830204	100422853
16	83841448	83853342	3281
16	83932731	83949787	23417
16	83981887	83999937	29948
16	84002237	84036381	54550
16	84043272	84076241	146167
16	84087368	84150511	8720
16	84150656	84151176	729887
16	84155886	84178797	83693
16	84178865	84211458	123872
16	84211458	84212373	123872,9013
16	84212373	84220669	9013
16	84224744	84230774	161931
16	84255823	84273356	93107
16	84328252	84363450	58189
16	84402133	84497793	9914
16	84511681	84587639	57707
16	84599200	84651683	23406
16	84682131	84701292	79786
16	84733584	84813528	9100
16	84853590	84954374	83716
16	85007787	85045141	55625
16	85061375	85127836	9764
16	85131965	85146114	339145
16	85316564	85319569	197196
16	85339832	85339931	100847022
16	85645015	85709804	23199
16	85709804	85709810	51659,23199
16	85709810	85723679	51659
16	85723690	85775227	404550
16	85775227	85775306	404550,100302261
16	85775306	85784735	100302261
16	85805364	85826021	10328
16	85826021	85826539	10328,101928557
16	85826539	85832239	101928557
16	85832239	85833214	1327,101928557
16	85833214	85840650	1327
16	85932409	85956215	3394
16	86229787	86233326	100506542
16	86259186	86309351	101154687
16	86320033	86326995	146513
16	86365450	86383289	732275
16	86508135	86542705	400550
16	86544133	86548076	2294
16	86563782	86588841	64779
16	86600857	86602539	2303
16	86609974	86615303	2300
16	86754294	86755560	101928614
16	87091390	87097597	440390
16	87117168	87245728	100506581
16	87245728	87260036	101928708,100506581
16	87260036	87296365	101928708
16	87296365	87326044	101928708,101928682
16	87326044	87351022	101928682
16	87351115	87351643	101928659
16	87360593	87417601	79791
16	87417601	87425748	79791,81631
16	87425748	87438385	81631
16	87439852	87525651	23174
16	87526161	87549241	101928737
16	87635441	87730091	57338
16	87730091	87731762	54758,57338
16	87731762	87799598	54758
16	87863629	87903094	8140
16	87921625	87970135	763
16	87982850	88110924	54971
16	88121647	88134591	400553
16	88227920	88228823	101928880
16	88493879	88507165	84627
16	88519725	88535326	161882
16	88535326	88535439	100847057,161882
16	88535439	88603424	100847057
16	88636789	88698374	124245
16	88704999	88706881	27189
16	88709691	88717560	1535
16	88718343	88729569	4597
16	88729706	88744090	197187
16	88744090	88752901	333929,197187
16	88752901	88753594	333929
16	88762903	88772829	115992
16	88772871	88781751	348180
16	88781751	88781794	348180,9780
16	88781794	88782686	9780
16	88782686	88782745	9780,100616167
16	88782745	88797588	100616167
16	88797588	88807826	100616167,100289580
16	88807826	88809175	100289580
16	88809175	88812156	339059,100289580
16	88812156	88851619	339059
16	88869621	88875666	81620
16	88875747	88878352	353
16	88880142	88922628	2588
16	88922628	88923378	2588,51693
16	88923378	88928034	51693
16	88928034	88929094	390748,51693
16	88929094	88933068	390748
16	88941266	89043612	863
16	89154783	89222254	197322
16	89225554	89230653	283860
16	89232791	89235555	400558
16	89238175	89261900	1013
16	89262406	89268072	146429
16	89284118	89295363	197320
16	89334038	89556969	29123
16	89557325	89558425	101930112,6687
16	89558425	89570868	6687,101930112,101927863
16	89570868	89624176	101927863
16	89627065	89630950	6137,606500
16	89642176	89663654	27132
16	89679716	89704839	1800
16	89710839	89724210	5119
16	89724210	89724253	124045,5119
16	89724253	89737680	124045
16	89747145	89762751	8558
16	89762751	89762772	8558,124044
16	89762772	89768113	124044
16	89773542	89778264	9605
16	89778264	89784573	100128881,9605
16	89784573	89786808	100128881
16	89786808	89787394	100128881,92822
16	89787394	89803957	92822
16	89803957	89807311	2175,92822
16	89807311	89883065	2175
16	89884587	89937727	84501
16	89940000	89977792	22980
16	89978527	89985573	4157
16	89985573	89987385	10381,4157
16	89987385	89987800	10381
16	89987800	90002500	10381,10381
16	90002500	90005169	10381
16	90014333	90034468	54849
16	90036206	90038942	92806
16	90038994	90068569	172
16	90071273	90086037	79007
16	90086037	90086536	79007,2622
16	90086536	90095316	2622
16	90095316	90096309	750,2622
16	90096309	90106169	750
16	90106169	90111383	100130015,750
16	90111383	90114181	100130015
16	90122974	90158480	11105
16	90168679	90244752	101930567,101929038,101929824,101929008,101930130,101930567
16	90168679	90244752	101930567,101929038,101929824,101929008,101930130,101930567
