18	109065	122219	727758
18	158383	214520	9097
18	214520	214629	9984,9097
18	214629	268050	9984
18	319361	500722	81035
18	580367	581524	1068
18	596988	641320	27098
18	641320	650334	494514,27098
18	650334	657604	494514
18	657604	658340	494514,7298
18	658340	670324	7298
18	670324	673578	7298,55556
18	673578	712676	55556
18	721588	812547	7525
18	904944	912173	116
18	926084	927994	388456
18	2537524	2571508	64863
18	2571510	2616634	10403
18	2652169	2655394	645158
18	2655737	2805015	23347
18	2847028	2915991	84034
18	2916992	3013313	9663
18	3066805	3190395	8736
18	3190395	3220106	8736,101927044
18	3220106	3247275	101927044
18	3247479	3256234	10627
18	3261907	3278282	103910
18	3411606	3458409	7050
18	3466248	3478976	100505592
18	3496030	3593730	9229
18	3593730	3598350	9229,649446
18	3598350	3878180	649446
18	3878180	3897069	649446,201477
18	3897069	3962353	201477
18	3962353	4013943	101410534,201477
18	4013943	4264602	101410534
18	4264602	4295405	101410534,284215
18	4295405	4455335	284215
18	5145284	5197502	642597
18	5232875	5236723	339290
18	5236723	5238597	339290,147525
18	5238597	5246507	147525
18	5289018	5297052	7541
18	5392383	5630699	23136
18	5748818	5840694	645355
18	5840694	5840832	645355,100616244
18	5840832	5876327	100616244
18	5882071	5895954	645369
18	5954705	6256746	91133
18	6256746	6260933	101927150,91133
18	6260933	6415236	101927150
18	6511415	6590652	100130480
18	6728820	6729717	101927168
18	6729717	6729861	101927168,79822
18	6729861	6915715	79822
18	6919495	6929965	400643
18	6941743	6954676	284217
18	6954676	6957418	101927188,284217
18	6957418	7117813	101927188
18	7231123	7232045	339291
18	7566780	8360818	5797
18	8360818	8367032	100192426,5797
18	8367032	8406859	100192426
18	8609443	8635177	201475
18	8635177	8636345	201475,101927231
18	8636345	8639379	101927231
18	8695854	8705659	100287082
18	8705659	8707619	23255,100287082
18	8707619	8832776	23255
18	9102628	9121263	4729
18	9121263	9134343	4729,101927275
18	9134343	9136226	101927275
18	9136226	9136643	23253,101927275
18	9136643	9285983	23253
18	9334765	9402418	57045
18	9475007	9538114	10928
18	9546789	9615238	9989
18	9615262	9619361	101927323
18	9708162	9862548	11031
18	9885763	9889272	84203
18	9913999	9960018	9218
18	10405130	10414512	101927350
18	10454625	10489945	147495
18	10525902	10552758	8774
18	10661930	10666480	101927410
18	10666480	10666884	63895,101927410
18	10666884	11148587	63895
18	11488569	11506982	101927433
18	11688955	11851395	2774
18	11851395	11854448	57132,2774
18	11854448	11882621	57132
18	11882621	11885684	57132,65258
18	11885684	11909222	65258
18	11981024	12030876	3613
18	12093852	12129748	342850
18	12201981	12223538	497259
18	12254318	12277594	1149
18	12307668	12328943	84617
18	12328943	12344319	84617,10939
18	12344319	12377313	10939
18	12407895	12432237	10650
18	12446511	12658133	56907
18	12658737	12661832	56984
18	12661832	12702776	56984,79959
18	12702776	12725739	79959
18	12739489	12749420	100996324
18	12785477	12929642	5771
18	12947132	12987535	81929
18	12991361	13125051	55125
18	13203773	13216366	101927582
18	13217497	13419420	753
18	13419420	13427479	100288122,753
18	13427479	13459946	100288122
18	13459946	13460025	100288122,100847080
18	13460025	13611113	100847080
18	13611113	13611199	100616130,100847080
18	13611199	13652754	100616130
18	13663346	13726659	125228
18	13726659	13726662	125228,8731
18	13726662	13764557	8731
18	13824154	13826861	4161
18	13882043	13915706	4158
18	14057456	14132489	162655
18	14337422	14342524	284233
18	14477954	14499277	101927005,101926958,440224
18	14507338	14543584	388468
18	14728271	14830165	374860
18	14830165	14830241	100422907,374860
18	14830241	14852737	100422907
18	14946266	14969000	400644
18	14969000	14970467	101927642,400644
18	14970467	14973769	101927642
18	15307662	15330281	644669
18	18526867	18691812	6093
18	18822203	19105378	80000
18	19109242	19180845	114799
18	19192228	19210417	6632
18	19230858	19263471	171586
18	19263471	19263558	100302135,171586
18	19263558	19284766	100302135
18	19284918	19405448	57534
18	19405448	19411371	406905,406922,57534
18	19411371	19450918	406905
18	19746859	19748929	100128893
18	19749404	19782491	2627
18	19993564	19997878	64693
18	20303454	20378224	101927571
18	20378224	20487684	5932,101927571
18	20487684	20513312	5932
18	20513312	20513401	5932,100616139
18	20513401	20606451	100616139
18	20714528	20777108	91768
18	20777108	20840431	91768,85019
18	20840431	21017925	85019
18	21032787	21066567	8780
18	21083473	21086148	29919
18	21086148	21111746	4864,29919
18	21111746	21166862	4864
18	21178890	21242849	147463
18	21269407	21535030	3909
18	21572737	21715574	125488
18	21718942	21741567	26256
18	21742008	21901650	114876
18	21901650	21901699	100302195,114876
18	21901699	21977844	100302195
18	22006580	22033499	55364
18	22040593	22059921	59340
18	22208146	22242162	729950
18	22641890	22932154	25925
18	23596578	23671181	6760
18	23713816	23773319	143471
18	23805900	23971649	6875
18	24034874	24235706	284252
18	24235706	24237365	147429,284252
18	24237365	24267585	147429
18	24267585	24283602	147429,728606
18	24283602	24432002	728606
18	24432002	24445782	361,728606
18	24445782	24495595	361
18	24495595	24765281	361,83539
18	24765281	24770662	83539
18	25530930	25757410	1000
18	28569974	28622781	1825
18	28645940	28681551	1824
18	28681551	28682378	101927698,1824
18	28682378	28709199	101927698
18	28709199	28742752	101927698,1823
18	28742752	28742819	1823
18	28898052	28923331	1828
18	28923331	28936992	1828,101927718
18	28936992	28956740	101927718
18	28956740	28994875	147409,101927718
18	28994875	29006951	147409
18	29027758	29058665	1830
18	29078006	29128971	1829
18	29171689	29178974	7276
18	29202210	29265799	9331
18	29339525	29340843	147407
18	29409136	29533099	22878
18	29598335	29653176	54941
18	29671818	29704840	51444
18	29704840	29711524	64762,51444
18	29711524	29765032	64762
18	29765032	29800367	64762,4225
18	29800367	30050447	4225
18	30091626	30094597	441818
18	30252634	30353025	57565
18	30517366	31021065	374864
18	31158579	31331156	80816
18	31431064	31804916	8715
18	32073254	32471808	1837
18	32556892	32723434	10982
18	32820994	32831032	84307
18	32831032	32847097	84307,100101467
18	32847097	32870196	100101467
18	32870246	32890730	10778
18	32912176	32925446	7572
18	32946661	32957301	252884
18	33032194	33077955	125476
18	33161081	33291798	2589
18	33484781	33484889	406963
18	33514051	33514105	100500864
18	33552046	33559241	83608
18	33564350	33647539	55197
18	33688495	33709348	25800
18	33709407	33757909	55250
18	33759959	33767411	101927809
18	33767482	33852120	55034
18	33877677	34359987	80206
18	34359987	34360018	25941,80206
18	34360018	34409069	25941
18	34409069	34409158	25941,57536
18	34409158	34812135	57536
18	34823010	35146000	56853
18	35237098	35237178	100422857
18	36786888	37256685	647946
18	37256685	37256743	100847025,647946,100846997
18	37256743	37380282	100846997
18	37646250	37679197	101927900
18	39047395	39212149	641516
18	39535171	39667794	5289
18	39739247	40271387	284260
18	40323192	40695657	6014
18	40847843	40857615	6860
18	41903401	42111662	101927921
18	42256892	42259682	101927943
18	42260138	42550047	26040
18	42550047	42550131	100422829,26040
18	42550131	42648475	100422829
18	42792960	43263072	101930602,101930184,8170
18	43304092	43332485	6563
18	43405477	43424045	284266
18	43427574	43547240	57724
18	43563502	43652238	9050
18	43664110	43684298	498
18	43684298	43684300	498,115106
18	43684300	43708299	115106
18	43753519	43846949	147339
18	43906772	44043103	494470
18	44056935	44236996	125336
18	44259081	44339220	29906
18	44388353	44497455	9063
18	44497455	44500123	83473,9063
18	44500123	44542731	83473
18	44542731	44544607	83473,100506888
18	44544607	44548658	100506888
18	44548658	44550534	728929,100506888
18	44550534	44554573	728929
18	44554573	44556449	101060464,101930171,162699,728929,101060457,101929858,101930165
18	44556449	44558943	101060464,101930171,162699,101060457,101929858,101930165
18	44558943	44561988	101060464,101930171,162699,101060457,51224,101929858,101930165
18	44561988	44627658	51224
18	44633774	44661027	84064
18	44661027	44676891	51124,84064
18	44676891	44681413	51124
18	44681413	44702652	51124,51124
18	44702652	44702745	51124
18	44746293	44775554	652991
18	44906867	44906936	100616264
18	45357922	45457515	4087
18	45553044	45937123	201501
18	46065417	46196971	9811
18	46196971	46197039	100616366,9811
18	46197039	46389588	100616366
18	46446223	46477081	4092
18	46570039	46576057	54808
18	46576057	46576138	100616420,54808
18	46576138	46987717	100616420
18	47008028	47008051	497661
18	47008051	47013622	100526842,497661,6139
18	47013622	47013709	100526842,6139
18	47013709	47014851	100526842,6139,100302257
18	47014851	47017653	26790,100526842,100124516,100302257,6139,26791
18	47017653	47017717	26790,100526842,100124516,100302257,6139,26791
18	47017717	47017956	26791
18	47017956	47018034	26790,100124516,100302257,6139,26791
18	47018034	47018099	26790,100124516,100302257,6139,26791
18	47018099	47018248	26790,100124516,6139,26791
18	47018248	47018906	26790,100124516,6139,26791
18	47025760	47028230	101928144
18	47087069	47119272	9388
18	47309869	47340330	10449
18	47340503	47340646	677769
18	47349183	47721463	4645
18	47753563	47792892	220136
18	47793252	47808144	4152
18	47808713	47814674	30827
18	47901365	47920543	220134
18	48086448	48258194	5596
18	48324574	48351772	83876
18	48405419	48474691	4200
18	48494361	48494410	55520
18	48494410	48514491	4089,55520
18	48514491	48611415	4089
18	48700920	48744674	51320
18	48872619	49088939	100287225
18	49866542	51057784	1630
18	51105993	51107429	101928167
18	51679079	51748654	8932
18	51748654	51748782	8932,677819
18	51748782	51751158	677819
18	51795774	51847636	11201
18	51850728	51884287	147323
18	51884287	51884334	162681,147323
18	51884334	51911588	162681
18	52254988	52266724	284254
18	52385091	52562747	5874
18	52568740	52626739	80323
18	52773135	52791537	101927229
18	52889562	53146452	6925
18	53146452	53146529	100616290,6925
18	53146529	53332018	100616290
18	53548919	53587430	101927273
18	53670844	53750587	642484
18	53750587	53804767	100505474,642484
18	53804767	53858493	100505474
18	54264439	54318574	9352
18	54318574	54318831	23335,9352
18	54318831	54698828	23335
18	54721813	54739350	100885779
18	54814293	54817531	284257
18	55018044	55038962	51046
18	55102917	55158529	9480
18	55215515	55254004	2235
18	55267888	55289445	4677
18	55313658	55470333	5205
18	55711599	56068772	23327
18	56118306	56118390	406906,100616357
18	56148479	56296189	115701
18	56338618	56417371	10892
18	56529832	56653712	55205
18	56663966	56736570	390858
18	56806709	56826068	90701
18	56887400	56898006	2922
18	56934267	56941318	30062
18	56942388	56985881	339302
18	56995055	57027194	3998
18	57098172	57364612	147372
18	57567180	57571538	5366
18	58038564	58040001	4160
18	59000815	59223006	28316
18	59252979	59274149	100130938
18	59415409	59421928	100996669
18	59475296	59561480	220441
18	59710800	59854351	23556
18	59854491	59974355	57614
18	59992520	60058516	8792
18	60190240	60254942	54877
18	60382672	60647666	23239
18	60790579	60987361	596
18	60994959	61034743	2531
18	61056423	61089716	9525
18	61143994	61172318	5268
18	61223393	61234244	89777
18	61254223	61271873	5275
18	61304493	61311532	6318
18	61314813	61322431	89778
18	61322431	61329197	6317,89778
18	61329197	61391127	6317
18	61420169	61472604	8710
18	61538926	61564408	5055
18	61564408	61571124	5273,5055
18	61571124	61603345	5273
18	61616535	61637159	284293
18	61637159	61649008	284293,5271
18	61649008	61672278	5271
18	61747243	61771325	221241
18	61771325	61816264	284294,221241
18	61816264	61880317	284294
18	61880317	61927290	400654,284294
18	61927290	62090836	400654
18	63417488	63548638	1005
18	64168320	64271375	28513
18	64748821	64748923	100847002
18	65173819	65183783	92126
18	65183783	65184217	643542,92126
18	65184217	65475742	643542
18	65475742	65482059	643542,101927430
18	65482059	65566856	101927430
18	66340925	66382446	54495
18	66382446	66382535	79839,54495
18	66382535	66526171	79839
18	66526171	66526277	100873758,79839
18	66526277	66567018	100873758
18	66567018	66569492	101927453,100873758
18	66569492	66722426	101927453
18	67068291	67498394	220164
18	67498394	67516323	220164,10666
18	67516323	67629039	10666
18	67671029	67873181	25914
18	67956137	67997436	9306
18	68047376	68051827	101060542
18	68297755	68317980	220158
18	69187198	69246192	100505776
18	69504275	69538024	101927537
18	70203915	70305756	147381
18	70409549	70520556	81832
18	70520556	70520617	100847083,81832
18	70520617	70535381	100847083
18	70535623	70548634	100505797
18	70818476	70931715	400655
18	70992176	71017113	100505817
18	71740588	71815100	201456
18	71815746	71826197	29090
18	71920530	71959251	1528
18	71983048	72026422	644041
18	72076650	72080444	101927606
18	72102963	72125179	125704
18	72163051	72188366	55748
18	72201675	72254448	84735
18	72259010	72265106	400657
18	72265106	72265744	400657,55628
18	72265744	72777627	55628
18	72907063	72921303	284273
18	72922710	73001905	10194
18	73121431	73139658	284274
18	73408034	73424340	100505853
18	73834953	73857210	339298
18	74069644	74207146	9658
18	74207477	74210045	400658
18	74534563	74682683	7776
18	74690783	74845639	4155
18	74962505	74980858	2587
18	75683250	75705678	101927715
18	76740275	76762677	27164
18	76829285	77138283	374868
18	77155856	77289325	4772
18	77336460	77349010	284240
18	77398928	77439745	284241
18	77439801	77514510	9150
18	77623668	77660184	26251
18	77662420	77711664	80148
18	77724561	77730822	440498
18	77732867	77793949	10907
18	77794358	77806397	79863
18	77806900	77853362	100506070
18	77866915	77905406	22850
18	77915115	78005429	84552
