19	60105	71161	375690
19	71161	71626	100422919,100422831,375690,100422834,100302278
19	71626	72719	100422919,100422831,100422834,100302278
19	76220	77690	645520,641702,654835
19	107471	111696	81099
19	197075	199431	729737,101930174,101930218,100133182,399844
19	281040	291393	8612
19	305575	344798	54531
19	361750	376013	51298
19	405438	409139	126567
19	416583	460996	25759
19	463346	474983	284451
19	489176	505347	8174
19	507299	519654	91978
19	531714	542097	997
19	544034	549919	3004
19	571297	583493	682
19	589893	617159	610
19	617223	633597	5442
19	639879	643703	27006
19	647526	663277	55658
19	676392	683385	10272
19	685521	695460	400668
19	708953	748329	5064
19	751126	764319	126353
19	797075	804940	100616459,5725
19	804940	805001	100616459,5725
19	805001	812327	100616459
19	812518	813584	79948
19	813584	813653	100422854,79948
19	813653	821967	100422854
19	825097	832017	566
19	840963	848175	5657
19	851014	856242	1991
19	859453	863453	1675
19	867962	893218	10025
19	893484	893590	26827,26826,101954271
19	896503	913240	91300
19	917287	921015	84634
19	925781	975939	1820
19	983174	994569	57418
19	1000418	1009647	116444
19	1009647	1009731	91304,116444
19	1009731	1021117	91304
19	1021521	1021627	26827,26826,101954271
19	1026298	1039068	1265
19	1040102	1065571	10347
19	1065922	1086594	23526
19	1086594	1086627	5434,23526
19	1086627	1095598	5434
19	1103936	1106787	2879
19	1107636	1174282	22904
19	1189406	1228286	6794
19	1228286	1228428	6794,255057
19	1228428	1238026	255057
19	1241749	1244824	513
19	1248552	1259142	90007
19	1259384	1268165	1153
19	1268165	1270240	148046,1153
19	1270240	1274879	148046
19	1275026	1279248	55009
19	1285890	1286153	84939
19	1286153	1301430	1943,84939
19	1301430	1378430	1943
19	1383526	1395583	374291
19	1397091	1401569	2593
19	1407568	1435719	26528
19	1438358	1440583	6209
19	1446300	1461142	10297
19	1461142	1473243	148223,10297
19	1473243	1479555	148223
19	1481427	1490751	54760
19	1491165	1497926	92840
19	1505017	1513603	339366
19	1524073	1535455	126520
19	1554668	1568057	399664
19	1576639	1578338	53615
19	1578338	1592882	10975,53615
19	1592882	1597171	10975
19	1597171	1605444	10975,10975
19	1605444	1605480	10975
19	1609291	1652604	6929
19	1748055	1748744	101928518
19	1752372	1780987	390874
19	1782074	1812275	148229
19	1815248	1816158	100302210,57455
19	1816158	1816237	100302210,57455
19	1816237	1822088	100302210
19	1822088	1824544	100288123,100302210
19	1824544	1848452	100288123
19	1852399	1863567	83855
19	1876809	1885546	81926
19	1905213	1905377	113178
19	1905377	1913444	113178,113179
19	1913444	1926016	113179
19	1941188	1952530	1455
19	1952530	1954585	1455,255193
19	1954585	1981337	255193
19	1985447	2034880	55643
19	2037470	2051243	2872
19	2071037	2096380	126308
19	2096380	2096672	113177,126308
19	2096672	2099592	113177
19	2100988	2164148	8943
19	2164148	2164464	8943,84444
19	2164464	2230002	84444
19	2230002	2232577	102466736,55111,84444
19	2232577	2234061	102466736,55111
19	2234061	2234148	102466736,55111,100302283
19	2234148	2236520	100302283
19	2236520	2237703	100302283,8175
19	2237703	2248678	8175
19	2249308	2250638	268,100423031
19	2250638	2250717	268,100423031
19	2250717	2252072	100423031
19	2252251	2269485	126306
19	2269485	2269758	126306,4946
19	2269758	2273487	4946
19	2274631	2282181	374872
19	2289774	2308156	645191
19	2321516	2328619	51690
19	2389769	2425622	360200
19	2425622	2426237	26517,360200
19	2426237	2427636	26517
19	2427636	2427892	26517,84823
19	2427892	2456994	84823
19	2458933	2462183	101928602
19	2476120	2478257	4616
19	2511217	2702707	2788
19	2714565	2721416	148252
19	2732202	2740150	29985
19	2754712	2783369	6449
19	2785458	2813599	7064
19	2819872	2835771	115196
19	2841433	2860482	148254
19	2867333	2878515	80032
19	2900896	2918474	126295
19	2933216	2944969	58492
19	2977444	2995177	79816
19	2997636	3047633	7089
19	3052908	3063105	166
19	3094408	3124002	2767
19	3136191	3141574	2769
19	3141574	3155173	2769,100996351
19	3155173	3163767	100996351
19	3172344	3180329	8698
19	3185561	3209573	56926
19	3224701	3297074	60680
19	3359561	3469215	4782,101928686
19	3474405	3480540	284422
19	3490819	3500938	83475
19	3506271	3538259	51343
19	3538259	3538328	126321,51343
19	3538328	3539152	126321
19	3539152	3544028	126321,100128569
19	3544028	3572775	100128569
19	3572775	3574288	10362,100128569
19	3574288	3579086	10362
19	3585551	3593539	126326
19	3594504	3606838	6915
19	3607245	3610639	404665
19	3610639	3613928	58509,404665
19	3613928	3626813	58509
19	3630181	3700477	23396
19	3708107	3750811	27134
19	3750817	3761697	9546
19	3762662	3768573	116541
19	3769087	3772233	84839
19	3777971	3802127	4145
19	3804022	3869030	23217
19	3879862	3928077	85300
19	3933101	3942414	27231
19	3958451	3961412	693222,1613
19	3961412	3961510	693222,1613,693222
19	3961510	3971121	693222
19	3976054	3982505	1938
19	3982505	3982570	26812,1938
19	3982570	3985467	26812
19	4007644	4039384	51588
19	4044362	4066943	51341
19	4090319	4124126	5605
19	4153598	4173051	84699
19	4174106	4182601	51548
19	4183351	4224811	170961
19	4229495	4237528	10148
19	4247076	4269087	55702
19	4278598	4290721	56961
19	4292229	4302428	126259
19	4304597	4323840	79187
19	4324040	4342783	55620
19	4343524	4360083	84954
19	4360367	4400544	6455
19	4402659	4444996	10036
19	4444996	4445015	100616371,80700,10036
19	4445015	4445975	80700,100616371
19	4445975	4446045	100616371,80700
19	4446045	4457819	100616371,80700,100616371
19	4472284	4502204	84717
19	4502204	4502223	84717,729359
19	4502223	4517716	729359
19	4522543	4535236	440503
19	4536421	4540486	116844
19	4542600	4559820	10501
19	4639530	4641386	126282
19	4641386	4655580	126282,56005
19	4655580	4670382	56005
19	4675236	4724685	91039
19	4769117	4770682	284424
19	4770682	4770791	407045,284424
19	4770791	4772545	407045
19	4791728	4795571	55527
19	4815944	4831716	148022
19	4838353	4867780	10226
19	4890449	4902879	645432
19	4932699	4932752	100616337
19	4969125	5153606	23030
19	5158506	5340814	5802
19	5455426	5456867	148066
19	5558178	5568045	257000
19	5587010	5623046	9667
19	5623046	5624057	6294,9667
19	5624057	5668489	6294
19	5674958	5678432	25873
19	5678432	5680615	125988,25873
19	5680615	5680907	125988,25873,374875
19	5680907	5688533	125988,374875
19	5688533	5691845	125988
19	5691845	5691887	125988,9361
19	5691887	5720583	9361
19	5720688	5778745	257062
19	5782971	5784776	163154
19	5784843	5791249	56931
19	5823813	5828335	4902
19	5830621	5839742	2528
19	5842899	5847478	2525
19	5847478	5851485	2525,101928844
19	5851485	5858250	101928844
19	5865837	5891287	2527
19	5891287	5903798	2527,126328
19	5903798	5904017	126328
19	5904869	5910864	400673
19	5911718	5915888	828
19	5916150	5978153	8498
19	5978414	5993175	100128568
19	5993175	6020374	101928900,100128568,5990
19	6020374	6067964	5990,101928900
19	6067964	6077130	101928900,101928872,5990
19	6077130	6135258	101928872,5990
19	6135258	6193112	101928872,81616,5990
19	6193112	6199583	101928872,81616,5990
19	6212966	6279959	4298
19	6306153	6333640	125981
19	6361463	6368919	8192
19	6372444	6375042	84266
19	6375159	6379069	5623
19	6379580	6393992	2962
19	6413359	6416421	8570
19	6416421	6416522	8570,100500888
19	6416522	6424805	100500888
19	6426048	6433790	284427
19	6436090	6463788	79085
19	6463788	6465214	92359,79085
19	6465214	6467218	92359
19	6467218	6467232	79958,92359
19	6467232	6482568	79958
19	6494330	6502859	10382
19	6531010	6535931	8744
19	6583194	6604114	970
19	6663148	6670599	8740
19	6677715	6729925	718
19	6729925	6730573	718,102465474,56927
19	6730573	6737614	56927,102465474
19	6737936	6751537	9322
19	6752171	6767599	10045
19	6772725	6857377	7409
19	6887577	6940470	2015
19	6952511	6990857	326342
19	7005023	7006085	497049
19	7030589	7033022	284428
19	7037759	7040190	653656
19	7049332	7051746	729458,125997
19	7056220	7058651	653657
19	7069455	7087979	79230
19	7112266	7294045	3643
19	7445850	7459999	23370
19	7459999	7535131	23370,23370
19	7535131	7537363	23370
19	7541761	7557862	92960
19	7557862	7562335	92960,374877
19	7562335	7573336	374877
19	7580178	7585912	140467
19	7587512	7598890	57192
19	7598890	7598895	10908,57192
19	7598895	7626650	10908
19	7660788	7683190	57662
19	7684411	7694451	56949
19	7694623	7696497	100131801
19	7696497	7696842	100131801,126006
19	7696842	7698634	126006
19	7701767	7712759	6813
19	7733930	7735334	56729
19	7741514	7744712	199675
19	7745729	7747744	126003
19	7753644	7767032	2208
19	7793843	7798792	339390
19	7804879	7812464	30835
19	7828035	7834491	10332
19	7895119	7929862	115704
19	7933605	7939326	80164
19	7944330	7945005	388499
19	7953390	7966901	80131
19	7968728	7979363	5609
19	7981030	7983982	100507588
19	7985201	7988135	6618
19	7989372	7991051	404217
19	7991603	8008805	10469
19	8023463	8070543	1994
19	8117651	8127534	6370
19	8130286	8214730	84467
19	8271620	8327305	79603
19	8367011	8373167	51293
19	8373167	8373240	4701,51293
19	8373240	8373490	4701
19	8373490	8386042	4701,4701
19	8386042	8386263	6234,4701,4701
19	8386263	8386280	6234,4701
19	8386280	8387468	6234
19	8387468	8388224	6234,256949
19	8388224	8408146	256949
19	8428173	8439257	51129
19	8439257	8454174	100507567
19	8454174	8454264	100507567,100847049
19	8454264	8454865	100847049
19	8454865	8455569	100847049,9230
19	8455569	8469318	9230
19	8478154	8503901	51257
19	8509651	8553998	4670
19	8554940	8567996	84106
19	8575462	8579048	84330
19	8585674	8642461	4542
19	8645126	8675620	81794
19	8807751	8809172	284382
19	8841316	8842371	284383
19	8920380	8943004	148156
19	8943074	8954016	85509
19	8959520	9092018	94025
19	9203855	9204889	125963
19	9212945	9213982	390882
19	9225274	9226439	125962
19	9236688	9237626	390883
19	9251056	9274100	57693
19	9296279	9299493	162998
19	9324526	9325542	125958
19	9361606	9362820	26648
19	9404951	9420514	374879
19	9434448	9434850	84527
19	9434850	9435021	7730,84527,100529215
19	9435021	9461838	7730,84527,100529215,100529215
19	9461838	9493293	7730,100529215,100529215
19	9523272	9546254	10781
19	9577183	9609283	147741
19	9638667	9649303	79088
19	9671029	9695209	7675
19	9715356	9731967	93134,54811
19	9731967	9732075	93134,284385,54811
19	9732075	9756572	284385
19	9759330	9785776	54811
19	9800600	9811452	729648
19	9862669	9903856	162993,100505555
19	9920943	9938492	54850
19	9938568	9940791	59286
19	9944755	9945689	100996288
19	9945933	9960358	5300
19	9964394	10047228	93145
19	10070237	10121147	50509
19	10123925	10132955	50700
19	10148479	10149030	388503
19	10149030	10149089	388503,100847093
19	10149089	10184811	100847093
19	10196798	10203014	55337
19	10203014	10203928	83854,55337
19	10203928	10213472	83854
19	10216899	10216965	692312
19	10216965	10218327	56342,692312,692312
19	10218327	10218411	56342,692229,692312,692312
19	10218411	10220433	56342,692229,692312
19	10220433	10220511	56342,692229,692312,100113382
19	10220511	10222214	100113382,56342,692312
19	10222214	10225414	56342,5032,692312,100113382
19	10225414	10225456	56342,5032
19	10225456	10225693	56342
19	10225693	10226048	8666,5032
19	10226048	10230596	8666
19	10244021	10334520	1786
19	10334520	10341089	9294,1786
19	10341089	10341161	9294,1786,100422925
19	10341161	10341948	100422925
19	10341948	10341962	9294
19	10362577	10370721	51073
19	10381511	10397291	3383
19	10397643	10399198	3386
19	10400657	10407454	7087
19	10415479	10416103	100125288
19	10416103	10420556	100125288,112812
19	10420556	10426691	112812
19	10426888	10444316	125950
19	10444452	10450499	3385
19	10461209	10491352	7297
19	10501810	10514134	11140
19	10514134	10514214	100302213,11140
19	10514214	10527449	100302213
19	10527449	10530797	5141,100302213
19	10530797	10580305	5141
19	10596796	10614417	9817
19	10623623	10628607	53637
19	10654571	10662798	84971
19	10662798	10662880	100302226,84971
19	10662880	10663761	100302226
19	10663761	10664094	100302226,65095
19	10664094	10676713	65095
19	10677138	10679735	1032
19	10683347	10697991	10053
19	10713133	10755235	57153
19	10762538	10764520	147727
19	10764937	10803093	3609
19	10812106	10824113	81890
19	10828755	10829080	1785
19	10829080	10829179	693223,1785
19	10829179	10890930	693223
19	10890930	10891011	693223,100616425
19	10891011	10928102	100616425
19	10928102	10928172	406976,100616425
19	10928172	10943114	406976
19	10943114	10944164	406976,11018
19	10944164	10946994	11018
19	10947251	10980466	255809
19	10982189	11033444	10498
19	11033444	11033453	78992,10498
19	11033453	11039357	78992
19	11039409	11044211	90580
19	11071598	11176071	6597
19	11200038	11242196	3949
19	11242196	11244492	147841,3949
19	11244492	11266484	147841
19	11274943	11308467	25959
19	11309971	11348178	57572
19	11348178	11352619	55908,57572
19	11352619	11373157	55908
19	11406824	11432722	26526
19	11432722	11437672	26526,9545
19	11437672	11453452	9545
19	11453452	11455360	9545,374882
19	11455360	11456946	126075,374882
19	11456946	11457194	126075,374882
19	11457194	11465620	126075
19	11466062	11476374	64748
19	11485361	11487627	126074
19	11488236	11495017	2057
19	11495017	11495018	2057,57139
19	11495018	11530018	57139
19	11531272	11546109	115948
19	11546109	11546603	5589,115948
19	11546603	11561783	5589
19	11562141	11591861	101928396,1995
19	11594242	11616731	115950
19	11616731	11616738	51295,115950
19	11616738	11639989	51295
19	11649532	11661138	1264
19	11661962	11670051	84337
19	11670189	11685475	199692,101928434
19	11685475	11689823	101928434,199692,54
19	11689823	11729950	54
19	11750591	11797382	401898
19	11832080	11849824	55552
19	11877815	11894893	126068
19	11908482	11920437	126069
19	11925099	11946016	126070
19	11959541	11994565	90594
19	11998599	12025144	7620
19	12035883	12035890	90592
19	12035890	12061588	284390,90592,284390
19	12061588	12090105	284390,284390
19	12090105	12091196	284390
19	12098432	12125547	101928464
19	12125547	12146556	163059,101928464
19	12146556	12154620	163059
19	12154620	12157090	163059,729747
19	12157090	12167127	729747
19	12175514	12192380	284391
19	12203658	12251032	7568
19	12251032	12251222	7568,90589
19	12251222	12267546	90589
19	12273879	12300064	7695
19	12305830	12335501	100289333
19	12335501	12348582	51710,101060181,100289333
19	12348582	12405702	51710,101060181
19	12428291	12444534	147837
19	12460185	12476719	79973
19	12490003	12500830	101928664
19	12500830	12512085	101928664,90576
19	12512085	12512088	90576
19	12540521	12551926	10224
19	12571998	12572373	163051
19	12572373	12624668	163051,163051
19	12624668	12636184	163051
19	12636184	12636534	163051,163050
19	12636534	12662288	163050,163050
19	12662288	12662356	163050,163050
19	12662356	12688775	163050
19	12688775	12691789	163050,57474
19	12691789	12721732	57474
19	12721732	12742735	57474,163049
19	12742735	12750912	163049
19	12757325	12777556	4125
19	12777614	12778885	84292
19	12778885	12782170	84292,51398
19	12782170	12786531	51398
19	12786531	12786646	1725,51398
19	12786646	12792716	1725
19	12798867	12807457	84261
19	12810008	12817263	30000
19	12817263	12817332	30000,26810
19	12817332	12834825	26810
19	12841454	12845589	79002
19	12847953	12859137	439
19	12862516	12869272	54831
19	12873817	12897942	29911
19	12897942	12898006	29911,100847071
19	12898006	12902310	100847071
19	12902310	12904124	100847071,3726
19	12904124	12907634	3726
19	12907634	12912694	7001,3726
19	12912694	12917394	7001
19	12917394	12924452	7001,10535
19	12924452	12936292	10535
19	12936292	12944765	10535,83546
19	12944765	12946242	83546,22983
19	12946242	12983554	83546,22983
19	12983554	12985765	22983
19	12986025	12992282	1777
19	12995237	12997995	10661
19	13001840	13009600	2639
19	13009600	13025021	256126,2639
19	13025021	13030090	256126
19	13031134	13031218	100847016
19	13033293	13044851	2193
19	13049392	13055303	811
19	13056669	13064456	5886
19	13064972	13068050	90480
19	13075973	13085567	199699
19	13106422	13209610	4784
19	13209847	13213975	4066
19	13215716	13228381	55621
19	13228917	13251955	112939
19	13254872	13261197	8677
19	13261229	13265722	9592
19	13317256	13734804	100507353,773
19	13842574	13874110	81576
19	13875346	13884982	84245
19	13884982	13885096	28974,84245
19	13885096	13889276	28974
19	13906274	13943044	65249
19	13945330	13947173	407013,284454
19	13947254	13947331	407018
19	13947401	13947473	407010
19	13972877	13985513	342977
19	13985513	13985622	406957,342977
19	13985622	13985689	406957
19	13985689	13985825	406957,574457
19	13985825	13991571	574457
19	13993161	14017014	79173
19	14017014	14017265	79173,54862
19	14017265	14041692	54862
19	14042000	14063304	79883,101928772
19	14063304	14064204	79883,90379,101928772
19	14064204	14072254	90379
19	14072350	14117851	5989
19	14138960	14141854	117579
19	14142560	14163743	9466
19	14164177	14169971	342979
19	14183348	14185874	102466515
19	14192431	14196687	646457
19	14202500	14228896	5566
19	14230321	14247768	55723
19	14247991	14260750	100507373
19	14260750	14282079	100507373,22859
19	14282079	14316999	22859
19	14444555	14454725	101928845
19	14491313	14519537	976
19	14519631	14530192	10212
19	14543865	14582679	5585
19	14583278	14586174	5731
19	14588572	14606944	10755
19	14625582	14627897	3337
19	14627897	14640355	3337,9524
19	14640355	14640452	3337,9524,693224
19	14640452	14640582	693224
19	14640582	14676792	9524
19	14676890	14682874	4713
19	14693896	14721969	388512
19	14729929	14800613	84658
19	14800613	14800839	84449,84658
19	14800839	14843205	84449
19	14843205	14844558	30817,84449
19	14844558	14889353	30817
19	14903302	14909958	26659
19	14909958	14911023	26664,26659
19	14911023	14946188	26664
19	14951760	14952689	390892
19	14991138	14992264	26333
19	15052301	15053260	26658
19	15060846	15121556	6511
19	15121556	15133802	6511,126402
19	15133802	15134081	126402
19	15160195	15169104	23581
19	15197791	15199032	126370
19	15218214	15225795	85360
19	15225795	15225799	10994,85360
19	15225799	15236596	10994
19	15270444	15311792	4854
19	15337730	15344246	79852
19	15347647	15443356	23476
19	15464196	15490609	10270
19	15490859	15529952	26993
19	15532319	15560359	58525
19	15560359	15560419	58525,100302127
19	15560419	15560762	100302127
19	15562435	15575382	64926
19	15579456	15609767	114770
19	15619304	15663128	126410
19	15751707	15773635	4051
19	15783567	15807984	66002
19	15838834	15839862	26538
19	15852203	15853153	26532
19	15904761	15905892	284433
19	15917817	15918936	26539
19	15939771	15947130	652995
19	15988833	16008930	8529
19	16023177	16045677	57834
19	16059818	16060768	126541
19	16126097	16138272	126536
19	16142117	16152926	148231
19	16177831	16213813	7171
19	16222439	16244838	4218
19	16244838	16245044	4218,84941
19	16245044	16269386	84941
19	16272179	16284336	117286
19	16296191	16302857	26017
19	16308389	16346160	8907
19	16435628	16438685	10365
19	16466050	16582896	58513
19	16589868	16607003	125972
19	16607122	16628700	84167
19	16628700	16632163	84167,10523
19	16632163	16653341	10523
19	16660642	16683193	79939
19	16685718	16739873	9441
19	16741562	16771253	79086
19	16771938	16800840	79041
19	16830787	16928774	284434
19	16940211	16991164	23309
19	16999671	17003417	9002
19	17003758	17137625	27151
19	17160539	17186435	93323
19	17186591	17325346	4650
19	17326155	17330638	55850
19	17337013	17340028	79629
19	17342692	17356749	2063
19	17359985	17378159	83878
19	17378159	17392058	29086,83878
19	17392058	17392454	29086
19	17392454	17393595	126549,29086
19	17393595	17398455	126549
19	17402940	17403418	79575
19	17403418	17417652	79575,64981
19	17417652	17420327	64981
19	17420327	17421045	64981,79016
19	17421045	17434032	79016
19	17434032	17434110	57719,79016
19	17434110	17445638	57719
19	17445729	17453544	84705
19	17462257	17488159	83483
19	17513748	17516457	684
19	17516531	17544533	93343
19	17546318	17559376	100130519
19	17566234	17571763	115861
19	17579578	17616977	376497
19	17622438	17632097	25796
19	17634110	17664648	199786
19	17666403	17693971	79709
19	17712137	17799401	23025
19	17830051	17845325	55201
19	17858527	17899377	23149
19	17905637	17923891	10331
19	17927321	17932383	3640
19	17935589	17958880	3718
19	17970685	17973397	6142,26780
19	17973397	17973529	6142,26780,26780
19	17973529	17974962	26780
19	17982782	18005983	6528
19	18043825	18054800	115098
19	18062102	18110889	3780
19	18111941	18124911	27106
19	18169805	18208603	3594
19	18208603	18209754	3594,23031
19	18209754	18262502	23031
19	18263928	18263968	5296
19	18263968	18281350	5296,5296
19	18281350	18283972	5296
19	18283972	18288927	10437,5296
19	18303992	18307594	84769
19	18307594	18307758	5864,84769
19	18307758	18314884	5864
19	18318771	18366229	729966,5143
19	18367908	18385319	80726
19	18390563	18392432	3727
19	18392887	18392971	100422833
19	18417040	18434084	25804
19	18451397	18480760	54858
19	18485541	18497372	9518
19	18497372	18497444	9518,100422943
19	18497444	18499986	100422943
19	18501954	18508427	126364
19	18529674	18545198	170463
19	18545198	18545372	51477,170463
19	18545372	18549111	51477
19	18553473	18632937	8178
19	18642561	18654887	23770
19	18668572	18680197	79036
19	18682540	18683030	7311
19	18683030	18688360	7311,9244
19	18688360	18699495	9244
19	18699495	18703146	9244,55049
19	18703146	18718240	55049
19	18718240	18718551	25789,55049
19	18718551	18731849	25789
19	18747775	18781309	55295
19	18794487	18893004	23373
19	18893583	18902123	1311
19	18942747	18979045	5976
19	18979361	19006905	2657,10715,2657
19	19006905	19007536	2657,10715
19	19010323	19030206	11316
19	19030484	19039436	54555
19	19040010	19052070	9454
19	19101697	19144384	10147
19	19144384	19144832	93436,10147
19	19144832	19170563	93436
19	19174808	19223697	284439
19	19229978	19249322	54929
19	19256376	19256377	729991,4207
19	19256377	19287712	100271849,729991,4207,4207
19	19287712	19302967	100271849,729991,4207
19	19302967	19303008	100271849,729991,4207
19	19303008	19303400	100271849,8625,4207,729991
19	19303400	19312225	8625
19	19312225	19312678	8625,126382
19	19312678	19314233	126382
19	19322782	19363042	1463
19	19366450	19373605	404037
19	19375173	19384200	53345
19	19386827	19431490	57794
19	19431490	19431653	57794,23383
19	19431653	19469563	23383
19	19496635	19545872	54815
19	19545872	19545967	54815,693225
19	19545967	19619740	693225
19	19623227	19626545	83983
19	19626545	19626838	83983,51079
19	19626838	19627036	51079
19	19627036	19644285	51079,374887
19	19644285	19648390	374887
19	19649057	19657468	148113
19	19672522	19729725	80714
19	19734477	19739739	9170
19	19740285	19754476	51291
19	19756007	19774502	57130
19	19779605	19794318	94039
19	19821280	19843906	7561
19	19868175	19887232	284440
19	19896648	19932560	440515
19	19976695	20005483	56242
19	20011722	20046384	81931
19	20107867	20150315	91120
19	20188803	20237885	7643
19	20278037	20311299	90649
19	20451078	20510081	101929933,664701
19	20510081	20510163	101929933,664701,100302179,100423024
19	20510163	20579240	100302179,100423024
19	20579240	20579322	100302179,100423024,100423024
19	20579322	20607775	100302179,100423024
19	20718631	20748615	100129842
19	20802867	20844402	199777
19	21106028	21133503	7639
19	21203426	21242856	80264
19	21264965	21308073	148206
19	21324827	21373034	170959
19	21473962	21512227	7562
19	21579921	21610375	284443
19	21627043	21646710	101928983
19	21666176	21679484	400680
19	21679484	21686040	400680,353088
19	21686040	21739072	353088
19	21770234	21777430	101929007
19	21905568	21933549	163227
19	21933549	21936240	163227,641367
19	21936240	21950430	641367
19	21987752	22034927	7594
19	22115760	22193751	7757
19	22235254	22274282	113835
19	22361893	22379753	163223
19	22469210	22499978	100287226
19	22573821	22703797	148198
19	22703797	22710751	101929124,148198
19	22710751	22715287	101929124
19	22715428	22716296	100128139
19	22779059	22786352	440518
19	22798359	22806773	374890
19	22817126	22850472	57615
19	22939007	22966909	7652
19	23158270	23185978	388523
19	23197877	23206499	101929164
19	23229760	23244554	101929144
19	23258012	23330021	100129543
19	23437855	23440741	100132815
19	23487793	23578362	7644
19	23708433	23870022	171392
19	23921997	23941693	148213
19	24097678	24101883	730087
19	24101883	24127961	100505851,730087
19	24127961	24140732	100505851
19	24216276	24312654	9534
19	24345172	24346227	100101266
19	28175488	28284848	148189
19	28982771	29123635	101927210
19	29456038	29461781	148145
19	29493462	29504862	100505835
19	29698173	29704448	7386
19	29777918	30016659	284395
19	30017406	30055386	342865
19	30094924	30108144	10775
19	30155963	30166364	79156
19	30191721	30206364	83636
19	30302805	30315215	898
19	30414551	30506611	8725
19	30719197	31204445	9745
19	31765851	31840453	57616
19	32078946	32086626	101927277
19	32516768	32547771	100996665
19	32592994	32596822	101927411
19	32836500	32878573	22847
19	32880956	32896449	400684
19	32896449	32896466	400684,147991
19	32896466	32976801	147991
19	33071974	33078358	9141
19	33087913	33166313	84079
19	33166313	33167503	84079,388531
19	33167503	33169206	388531
19	33182867	33204702	390916
19	33210659	33320483	91646
19	33321415	33360672	11136
19	33369902	33462897	84902
19	33463115	33469128	91442
19	33469499	33555794	85415
19	33571786	33621448	55094
19	33622996	33666701	126248
19	33668509	33698694	4037
19	33699570	33716756	56301
19	33790840	33793470	1050
19	33793763	33795960	80054
19	33864236	33873592	1054
19	33877856	34012700	5184
19	34046474	34048376	100996681
19	34112861	34264414	64377
19	34286838	34306668	79047
19	34663409	34720420	26065
19	34745442	34846491	9710
19	34850385	34893061	2821
19	34895289	34917073	84306
19	34919257	34960853	10054
19	34971874	34997258	126374
19	35033367	35036300	100129800
19	35067638	35068606	643719
19	35084234	35136567	284402
19	35136567	35136975	100130342,284402
19	35136975	35166604	100130342
19	35168544	35177302	55900
19	35225060	35233777	339318
19	35248981	35264134	148103
19	35279486	35323773	400685
19	35382933	35389847	100652909
19	35396219	35399092	100652911
19	35417807	35436074	90075
19	35447258	35454953	126375
19	35485688	35517375	57655
19	35521588	35531352	6324
19	35531410	35549963	3249
19	35549963	35557475	100128675,3249
19	35557475	35597208	100128675
19	35606732	35615228	5349
19	35615417	35629712	163175
19	35629712	35633355	163175,5348
19	35633355	35634013	5348
19	35634154	35645204	53822
19	35645633	35660786	53827
19	35715703	35719632	148109
19	35739233	35758867	51599
19	35759881	35770724	7392
19	35771619	35776046	57817
19	35783028	35804707	4099
19	35810164	35836416	933
19	35836416	35836530	100847070,933
19	35836530	35838258	100847070
19	35842445	35843367	2864
19	35849362	35851387	2865
19	35890413	35910287	100128682
19	35934809	35942669	2867
19	35978226	35986460	388533
19	35988122	36004560	93099
19	36014269	36019253	374897
19	36024314	36031640	26330
19	36031640	36036218	26330,100506469
19	36036218	36036497	100506469
19	36036497	36036931	100506469,10430
19	36036931	36038428	10430
19	36040945	36054560	495
19	36103646	36116251	23354
19	36119932	36128588	79171
19	36132647	36135773	2116
19	36139125	36149763	1340
19	36157715	36158850	11045
19	36158850	36164193	11045,100862728
19	36164193	36169367	100862728
19	36195429	36207940	27033
19	36208921	36229779	9757
19	36230058	36233354	79713
19	36233365	36236015	199746
19	36236015	36236346	55851,199746
19	36236346	36237911	55851
19	36239262	36245420	55957
19	36245469	36248980	126393
19	36249044	36261930	148137
19	36265434	36279724	115703
19	36279778	36288787	644050
19	36290890	36304201	58510
19	36316866	36346763	4868
19	36346763	36358011	4868,84063
19	36358011	36358801	84063
19	36358801	36360189	333,84063
19	36360189	36370693	333
19	36378555	36393205	84807
19	36393382	36395279	10870
19	36395303	36399197	7305
19	36426260	36436669	79414
19	36486090	36487220	644096
19	36494209	36499695	163183
19	36500022	36505141	84964
19	36505410	36505562	101927572
19	36505562	36524245	25999,101927572
19	36524245	36525887	25999
19	36525887	36536874	199745,25999
19	36536874	36545664	199745
19	36545783	36596008	284403
19	36602104	36604612	728361
19	36604612	36604613	728361,5438
19	36604613	36605191	5438
19	36605191	36606248	5438,1155
19	36606248	36616849	1155
19	36630477	36641255	826
19	36641824	36643771	1346
19	36673188	36705504	147929
19	36705504	36729676	7705,147929
19	36729676	36737159	7705
19	36803969	36822620	100506930
19	36827162	36870101	57677
19	36874022	36909558	284406
19	36912438	36913436	644189
19	36936021	36980551	84924
19	36980551	36980804	84924,728752
19	36980804	36981942	728752
19	37001597	37019562	339324
19	37025676	37063972	57711
19	37063972	37085610	101927599,57711
19	37085610	37095719	101927599
19	37095719	37096178	101927599,84911
19	37096178	37119499	84911
19	37128094	37157755	92283
19	37176342	37178351	101927621
19	37178514	37205285	163081
19	37205285	37218603	342892,163081
19	37218603	37263727	342892
19	37288420	37308330	284408
19	37308330	37319017	284408,388536
19	37319017	37341263	388536
19	37341263	37341689	388536,25850
19	37341689	37379026	25850
19	37379026	37403931	374899,25850
19	37403931	37407193	374899
19	37407231	37489602	374900
19	37498759	37597636	147923
19	37597636	37621216	147923,199704
19	37621216	37663643	199704
19	37672481	37708828	92285
19	37708828	37709055	92285,163087
19	37709055	37734828	163087
19	37756841	37762420	100134317
19	37803739	37860267	100507342,284459
19	37861963	37883968	84503
19	37902057	37958487	148266
19	37958487	37960177	148268,148266
19	37960177	37976260	148268
19	37988063	37997841	101927720
19	37997841	37997948	390927,101927720
19	37997948	38039664	390927
19	38039816	38042308	100507433
19	38042308	38045684	163255,100507433
19	38045684	38078249	163255,51276,100507433
19	38078249	38085673	163255,51276
19	38085673	38104650	163255
19	38104650	38104998	163255,22835
19	38104998	38158652	22835
19	38158652	38183223	163115,22835
19	38183223	38183238	163115
19	38187264	38210691	101927758,84775
19	38226734	38307940	126231
19	38307999	38314362	644554
19	38314362	38317278	100631378,644554
19	38317278	38345855	100631378
19	38375463	38397317	83889
19	38397868	38699012	23094
19	38701646	38720354	8193
19	38734675	38741877	10653
19	38741877	38747231	94274,10653
19	38747231	38783254	94274
19	38794801	38795649	64073
19	38795753	38807913	90522
19	38810484	38819660	9424
19	38826415	38861589	57828
19	38865176	38874464	5714
19	38874905	38878722	199720
19	38879061	38886881	399473
19	38888821	38890521	399473
19	38893775	38899695	147965
19	38899695	38899728	147965,115727
19	38899728	38916945	115727
19	38924339	39078204	6261
19	39078281	39109522	11184
19	39109735	39127595	27335
19	39138289	39220827	81
19	39220827	39222223	81,147968
19	39222223	39260544	147968
19	39261611	39264132	653499,3963
19	39279851	39282389	653499,3963
19	39292311	39304004	3960
19	39306062	39322645	1891
19	39327028	39342987	3191
19	39358470	39368919	126432
19	39369197	39390340	22933
19	39390340	39390502	22933,4793
19	39390502	39399533	4793
19	39399620	39402798	643669
19	39405906	39421188	54938
19	39421188	39423802	6183,54938
19	39423802	39432044	6183
19	39432044	39440495	6183,115290
19	39440495	39466550	115290
19	39481354	39523425	126433
19	39574553	39602133	390928
19	39616410	39673456	10298
19	39687601	39692524	342897
19	39693471	39694906	342898
19	39734246	39735646	282617
19	39737773	39739219	101180976
19	39759154	39760732	282616
19	39786965	39789313	282618
19	39797208	39805976	57622
19	39818993	39833012	9535
19	39833036	39876350	55095
19	39876492	39881835	54623
19	39881943	39891277	55588
19	39897453	39900052	7538
19	39900263	39900318	100616163
19	39903225	39919054	64857
19	39923847	39926588	6217
19	39926796	39967310	6829
19	39971052	39984422	92609
19	39989535	39999121	10683
19	40005753	40011326	348303
19	40021630	40023494	126272
19	40028890	40030870	163126
19	40093164	40098116	29124
19	40129325	40133041	100129935
19	40146534	40151287	148003
19	40170014	40177013	400696
19	40194946	40200084	56891
19	40221890	40228668	1178
19	40267235	40276775	342900
19	40315990	40324841	9149
19	40325098	40337054	2091
19	40353963	40440533	8857
19	40476912	40487348	5704
19	40490041	40523514	339327
19	40534167	40562116	163131
19	40575059	40596845	284323,101929205
19	40697651	40721482	4294
19	40721965	40724306	148014
19	40728115	40732597	79935
19	40736224	40788450	208
19	40788450	40788548	208,693226
19	40788548	40791443	693226
19	40825443	40854363	126526
19	40854363	40854434	23646,126526
19	40854434	40885178	23646
19	40885178	40886346	23646,147746
19	40886346	40896094	147746
19	40899675	40919273	57716
19	40927499	40931932	29950
19	40946751	40950612	29946
19	40953696	40971747	645
19	40972148	41082370	57731
19	41082757	41097305	92799
19	41098789	41135725	8425
19	41172596	41196877	9253
19	41197434	41223008	79934
19	41223008	41224112	80271,79934
19	41224112	41246761	80271
19	41246761	41246765	80271,284325
19	41246765	41256542	284325
19	41256542	41257458	284325,6626
19	41257458	41271294	6626
19	41277553	41283395	8190
19	41284121	41284147	53916
19	41284147	41302847	53916,53916
19	41302847	41304901	53916
19	41304901	41314103	53916,112398
19	41314103	41314338	112398
19	41349443	41356352	1548
19	41381344	41388657	1549,1548
19	41396731	41406413	22952
19	41430124	41456565	1556
19	41497204	41524303	1555
19	41594377	41602100	1553
19	41620337	41634271	1572
19	41698954	41713444	29785
19	41725108	41767671	558
19	41768401	41807492	11100
19	41807492	41813503	7040,11100
19	41813503	41816094	7040
19	41816094	41830788	7040,90324
19	41830788	41856816	90324
19	41856816	41859816	641649,90324
19	41859816	41860326	641649
19	41860326	41870078	80776,641649
19	41870078	41884215	80776
19	41884215	41889988	80776,593
19	41889988	41892279	593
19	41892279	41903384	56915,593
19	41903384	41930910	56915
19	41931264	41934635	374907
19	41937223	41946622	55101
19	41949063	41950670	100170765
19	41960074	42006559	100505495
19	42055886	42093197	90273
19	42125344	42133442	1089
19	42177235	42210895	1087
19	42212504	42233718	1048
19	42254885	42276113	4680
19	42300369	42315591	1084
19	42341148	42348760	147719
19	42348806	42356401	63946
19	42363988	42376994	6223
19	42381190	42385439	973
19	42387228	42434302	9138,100505585
19	42460833	42463542	10567
19	42470734	42501649	478,101927137
19	42502473	42572629	2901
19	42572629	42573650	2901,64763
19	42573650	42585701	64763
19	42590263	42636707	5452
19	42636707	42637597	100505622,5452
19	42637597	42637665	100505622,5452,100422980
19	42637665	42641251	100422980
19	42641251	42656721	100505622
19	42656721	42661675	100505622,100505639
19	42661675	42700737	100505639
19	42702750	42724292	162989
19	42724423	42732353	116115
19	42734338	42746777	2931
19	42751724	42759309	2077
19	42772689	42799949	23152
19	42801185	42806250	5050
19	42806250	42807698	5050,284338
19	42807698	42814973	284338
19	42817477	42829214	284339
19	42829761	42882921	1954
19	42891171	42894439	84518
19	42901280	42905659	101928003,100996307
19	42905659	42931578	100996307,101928003,3991
19	42931578	42932440	3991
19	42932440	42947200	3991,284340
19	42947200	43011456	284340
19	43011456	43065386	284340,634
19	43065386	43084393	634
19	43084393	43099207	1088,634
19	43099207	43156507	1088
19	43225790	43244721	5680,5671
19	43256838	43326015	440533
19	43326015	43331030	100289650,440533
19	43331030	43343520	100289650
19	43343520	43359843	653492,100289650
19	43359843	43359870	653492
19	43370616	43383974	5669
19	43406231	43423715	5675
19	43428286	43441330	5676
19	43511808	43530664	5680
19	43568363	43587197	5670
19	43670408	43690688	5673
19	43696854	43711451	5672
19	43715943	43752798	284344,5678
19	43752798	43773682	5678
19	43857811	43867480	57126
19	43905648	43922763	83639
19	43964939	43969812	27076
19	43979106	44009087	653583
19	44010871	44029649	23474
19	44029649	44031396	23474,284346
19	44031396	44040282	284346
19	44047192	44080952	7515
19	44080952	44084625	390940,7515
19	44084625	44088116	390940
19	44088521	44100287	126298
19	44100544	44100769	79177
19	44100769	44105309	79177,100170229
19	44105309	44111371	100170229
19	44111371	44118649	126299,100170229
19	44118649	44124026	126299
19	44126520	44143991	199731
19	44150247	44174699	5329
19	44220162	44224173	56269
19	44235301	44259142	56006
19	44270685	44285409	3783
19	44300081	44331358	284348
19	44331444	44353307	284349
19	44376515	44395956	342908
19	44395956	44405537	100505715,342908
19	44405537	44405957	100505715
19	44416781	44439430	7596
19	44455375	44471861	7638
19	44472014	44501048	7711
19	44501048	44502477	7711,101928063
19	44502477	44506988	101928063
19	44507100	44518078	7773
19	44529494	44529506	7673
19	44529506	44537265	7673,7766
19	44537265	44555520	7766
19	44555520	44572144	7766,7766
19	44572144	44576297	7766
19	44576297	44591471	342909,7766
19	44591471	44593766	342909
19	44598492	44609616	7767
19	44609616	44612479	100379224,7767
19	44612479	44616334	100379224
19	44616334	44617298	100379224,7768
19	44617298	44637027	7768
19	44645710	44663156	10780
19	44669226	44682534	7769
19	44711700	44732882	7770
19	44732882	44741421	7770,9310
19	44741421	44754318	9310
19	44754318	44779470	353355,9310
19	44779470	44809199	353355
19	44830708	44871377	7771
19	44886459	44905774	26974,646915
19	44921685	44952766	7772
19	44979854	45004576	7733
19	45041045	45116940	388550
19	45116940	45124119	388550,147710
19	45124119	45140081	147710
19	45147098	45165545	5817
19	45165545	45166850	56971,5817
19	45166850	45187631	56971
19	45202421	45213986	388551
19	45250962	45263301	602,102465879
19	45281126	45303891	23624
19	45312328	45324673	4059
19	45349432	45392485	5819
19	45393826	45406946	10452
19	45409011	45412650	348
19	45417504	45422606	341
19	45430061	45434643	342
19	45445495	45449243	344,346,346
19	45449243	45452820	344,346,346
19	45452820	45452822	344,346
19	45457842	45496599	1209
19	45504688	45541452	5971
19	45542298	45574214	11129
19	45574758	45579846	162979
19	45582453	45582546	79760
19	45582546	45594654	57787,79760
19	45594654	45594782	57787,284352,79760
19	45594782	45651335	284352,57787
19	45651335	45653008	57787
19	45653008	45663408	57787,284353
19	45663408	45666186	284353
19	45666186	45681495	79090,284353
19	45681495	45682003	79090
19	45682003	45685059	79090,388552
19	45685059	45715879	388552
19	45715879	45737469	90332,388552
19	45737469	45808541	90332
19	45809672	45826235	1158
19	45836692	45853095	147700
19	45853095	45854778	2068,147700
19	45854778	45874176	2068
19	45882892	45909467	10848
19	45909467	45909607	10848,10849
19	45909607	45910591	10849
19	45910591	45914024	10849,2067
19	45914024	45971253	2067
19	45971253	45978437	2067,2354
19	45978437	45982086	2354
19	45988547	45992035	6253
19	45992035	46000319	147699,6253
19	46000319	46005768	147699
19	46009837	46030241	7408
19	46030685	46093022	80207
19	46093022	46105466	2828,80207
19	46105466	46105470	2828
19	46110252	46142252	24139
19	46142252	46142345	24139,442902
19	46142345	46144752	442902
19	46144752	46146098	442902,100287177
19	46146098	46148887	100287177
19	46171502	46178186	2696
19	46178186	46178282	100500845,693227,2696
19	46178282	46186982	100500845
19	46190712	46195741	6633
19	46195741	46195827	54814,6633
19	46195827	46207247	54814
19	46213887	46234162	23403
19	46268043	46272484	147912
19	46272975	46285810	1760
19	46286205	46296060	1762
19	46298968	46318577	81492
19	46318668	46366548	8189
19	46367247	46377055	3171
19	46386866	46389376	26145
19	46393278	46405862	339344
19	46416475	46418036	339345
19	46436992	46476804	4858
19	46498339	46522190	729440
19	46522190	46522307	768217,729440
19	46522307	46522411	768217
19	46522411	46524576	8993,768217
19	46524576	46526323	8993
19	46543006	46580376	444882
19	46623328	46627931	388555
19	46646363	46664556	147920
19	46692423	46706340	645553
19	46706683	46718094	93429
19	46733009	46734500	374918
19	46800303	46846690	64344
19	46850251	46896238	5536
19	46913629	46916841	83987
19	46969748	46974820	55228
19	46984053	46990163	100506012
19	46990163	46999755	57469,100506012
19	46999755	47104331	57469
19	47104331	47104457	805,57469,808,801
19	47104457	47114050	808,805,801
19	47123725	47128375	5739
19	47137333	47137942	94235
19	47150869	47163621	147906
19	47163621	47164395	100506068,147906
19	47164395	47177532	100506068
19	47177532	47180704	100506068,25865
19	47180704	47212550	25865
19	47212550	47212602	100422913,25865
19	47212602	47220384	100422913
19	47222764	47249303	29888
19	47249303	47250251	79147,29888
19	47250251	47278140	79147
19	47278140	47280245	79147,6510
19	47280245	47291851	6510
19	47341393	47354249	1175
19	47421933	47508334	2909
19	47523077	47549033	4861
19	47549165	47551888	54958
19	47567444	47616531	23211
19	47616531	47617009	10055,23211
19	47617009	47713886	10055
19	47724081	47730199	27113,100422899,100422832
19	47730199	47730278	27113,100422899,100422832,100422899
19	47730278	47736023	100422899,100422832
19	47759237	47775210	26093
19	47778142	47778979	255783
19	47793280	47825323	728
19	47835404	47846606	27202
19	47852538	47885961	9704
19	47906381	47922780	56917
19	47931274	47975425	6543
19	47978401	47987525	11133
19	47987539	47990894	100505681
19	47990894	48004854	8775,100505681
19	48004854	48018497	8775
19	48023942	48059113	84215
19	48111453	48206533	29998
19	48216600	48246391	30846
19	48248779	48259110	692091,29997
19	48259110	48259219	692091,29997
19	48259219	48260315	692091
19	48281829	48287943	6415
19	48304500	48322308	284355
19	48322703	48346587	1406
19	48373723	48389654	6822
19	48471303	48495427	100131137
19	48497908	48528410	64100
19	48533210	48547310	56344
19	48551100	48614074	8605
19	48618702	48673860	3978
19	48673949	48675575	374920
19	48675575	48684027	163071,374920
19	48684027	48700877	163071,374920,22900
19	48700877	48758932	163071,22900
19	48758932	48759203	163071,22900,100505812
19	48759203	48761456	22900,100505812,100505812
19	48761456	48790865	22900,100505812
19	48799714	48824766	93233
19	48824766	48825151	93233,2014
19	48825151	48833810	2014
19	48835613	48867494	55260
19	48867652	48879633	23546
19	48885827	48894810	10945
19	48898132	48948188	2906
19	48949030	48958766	83743
19	48958766	48960279	83743,3770
19	48960279	48969367	3770
19	48972289	48985571	9266
19	48988528	49016446	114783
19	49055332	49102682	6820
19	49104067	49110000	54854
19	49110000	49110970	54854,171169
19	49110970	49118111	171169
19	49118585	49122548	6141
19	49122548	49122793	6141,56848
19	49122793	49133287	56848
19	49133287	49133974	56848,1628
19	49133974	49140695	1628
19	49141199	49141328	770
19	49141328	49149569	653677,770
19	49149569	49164664	653677
19	49164664	49176338	653677,126147
19	49176338	49184461	126147
19	49199228	49209207	2524
19	49215999	49222978	284358
19	49223844	49243978	54922
19	49244109	49250166	284359
19	49251268	49258647	2523
19	49258816	49261587	26291
19	49298319	49314286	587
19	49316274	49339935	51171
19	49340354	49371889	57664
19	49375649	49379314	23645
19	49384222	49401990	7288
19	49403307	49426629	4924
19	49436939	49448226	27294
19	49458072	49465055	581
19	49468558	49470135	2512
19	49471382	49496567	2997
19	49496705	49519237	10856
19	49519237	49519252	10856,3972
19	49519252	49520338	3972
19	49521504	49522741	101059948
19	49526126	49527590	1082,93659,114335,94115
19	49535169	49536495	114335,114336
19	49538831	49547141	114335
19	49547141	49548568	93659,94115,114335,1082
19	49548568	49550895	1082
19	49550895	49552006	93659,94115,114335,1082
19	49552006	49552400	1082,93659,114335,94115
19	49557531	49559050	94027
19	49559050	49562117	4909,94027
19	49562117	49568333	94027,4909
19	49570675	49576198	3743
19	49588676	49611862	6625
19	49617581	49621655	64130
19	49621655	49621717	64130,55150
19	49621717	49622397	55150
19	49622646	49654283	8541
19	49654455	49658681	3270
19	49660998	49715093	54795
19	49792895	49812054	28968
19	49812054	49812125	28968,100422979
19	49812125	49828482	100422979
19	49838428	49843852	951
19	49843852	49846592	951,8463
19	49846592	49865040	8463
19	49865040	49865714	27120,8463
19	49865714	49871962	27120
19	49871962	49878373	27120,101928295
19	49878373	49891338	101928295
19	49891475	49921251	147872
19	49925671	49926698	113091
19	49927006	49932075	100507003
19	49932658	49945617	57030
19	49949555	49956426	55011
19	49956426	49956754	126133,55011
19	49956754	49974305	126133
19	49977464	49989488	2323
19	49990811	49993222	26819,26816,26818,23521,26817
19	49993222	49993305	26819,26816,26818,23521,26817
19	49993305	49993872	26819,26816,23521
19	49993872	49993956	26818,26819,26816,23521
19	49993956	49994161	26818,26819,26816,23521
19	49994161	49994231	26819,26816,26818,23521,26817
19	49994231	49994432	26819,26816,23521,26817
19	49994432	49994517	26819,26816,23521,26817
19	49994517	49995565	23521,26819,26816
19	49999622	50002946	6205,84546
19	50004042	50004125	406942
19	50010073	50029590	2217
19	50030875	50050219	57333
19	50058968	50083903	51070
19	50083903	50093519	5639,51070
19	50093519	50094272	5639
19	50094900	50129696	57479
19	50138549	50143458	6237
19	50145382	50161899	58506
19	50162826	50168823	3661
19	50168823	50169132	3661,83596
19	50169132	50177173	83596
19	50179043	50191921	3276
19	50191921	50192286	199800,3276
19	50192286	50193832	199800
19	50194155	50216988	126129
19	50243010	50266587	60385
19	50270225	50310126	160
19	50310126	50310370	80199,160
19	50310370	50320633	80199
19	50321539	50341896	102465480,81857
19	50341896	50342073	102465480,81857,100506033
19	50342073	50353992	100506033
19	50353992	50354933	53635,100506033
19	50354933	50357848	53635
19	50357848	50357908	53635,100616313
19	50357908	50364001	100616313
19	50364461	50371166	11284
19	50372295	50380682	84335
19	50380682	50381716	84335,79735
19	50381716	50391432	79735
19	50391432	50391487	79735,100616314
19	50391487	50392005	100616314
19	50392911	50410082	259307
19	50410082	50431959	259307,23636
19	50431959	50432796	259307,22809,23636
19	50432796	50433020	22809,23636
19	50433020	50436321	22809
19	50436321	50436394	22809,100616483
19	50436394	50437192	100616483
19	50452242	50464429	114132
19	50479724	50528971	51231
19	50528971	50529203	51231,25888
19	50529203	50553846	25888
19	50553846	50556671	25888,400710
19	50556671	50570050	400710
19	50578380	50579159	101928432
19	50655805	50666452	126123
19	50691443	50813802	79784
19	50815194	50832910	3748
19	50832910	50836772	3748,7376
19	50836772	50837053	7376
19	50837053	50848024	7376,256236
19	50848024	50861734	256236
19	50861734	50869087	9476,256236
19	50869087	50886239	9476
19	50887461	50921273	5424
19	50922195	50934570	6689
19	50936160	50969578	4606
19	50970042	50979657	112703
19	50979657	50980010	284361,112703
19	50980010	50986608	284361
19	50990067	50990895	100506114
19	51009255	51014610	126119
19	51014857	51017947	554235
19	51020149	51071302	94030
19	51124564	51152702	84258
19	51152702	51162567	342918,84258
19	51162567	51165084	342918
19	51165084	51171651	342918,50944
19	51171651	51222707	50944
19	51226586	51228974	6320
19	51273721	51274989	2854
19	51293672	51298481	93650
19	51300961	51302289	84798,692204
19	51302289	51302379	84798,692204,692203
19	51302379	51302699	692203
19	51302699	51302789	692203,692202
19	51302789	51308186	692202
19	51320937	51322134	284365
19	51322404	51327043	3816
19	51328545	51340469	55554
19	51358171	51364020	354
19	51364824	51383823	3817
19	51385352	51399654	606293
19	51409608	51413994	9622
19	51446559	51456349	25818
19	51461887	51472929	5653
19	51479729	51487355	5650
19	51499263	51499274	11202
19	51499274	51503806	11202,284366
19	51503806	51505967	11202,284366,284366
19	51505967	51512837	284366,284366
19	51512837	51512890	284366
19	51515995	51523431	5655
19	51525472	51531295	11012
19	51532348	51538486	43849
19	51559463	51568371	26085
19	51580752	51587502	43847
19	51600863	51611627	90353
19	51628165	51639908	27180
19	51645556	51656180	27036
19	51656180	51656783	27036,101928517
19	51656783	51670585	101928517
19	51670585	51676780	101928517,284367
19	51676780	51685222	284367
19	51728320	51747115	945
19	51749603	51772584	284369
19	51815102	51833608	402665
19	51834790	51845378	147645
19	51848423	51869672	2109
19	51870352	51872257	125875
19	51874860	51875969	4818
19	51883163	51891214	3982
19	51891543	51893828	147646
19	51913275	51921057	89790
19	51954101	51961710	27181
19	51979838	51994206	729767
19	51994611	52005043	89858
19	52022779	52035110	946
19	52074551	52092991	7728
19	52114781	52115344	8778
19	52115344	52145806	8778,8778
19	52145806	52150054	8778,100049587
19	52150054	52150142	100049587
19	52150142	52150151	8778
19	52188616	52195865	406910,406887,102238594
19	52195865	52195934	406887,102238594,407056,406910
19	52195934	52196039	407056,406887,102238594
19	52196039	52196117	406887,102238594,407056
19	52196117	52196507	406887,102238594
19	52196507	52196592	406887,102238594,406910
19	52196592	52196593	406910,406887,102238594
19	52196593	52196709	406910,406887,147650,102238594
19	52196709	52215640	147650
19	52216365	52227247	3036
19	52248425	52255279	2357
19	52255279	52273779	2358,2357
19	52273779	52298416	2358
19	52298416	52307363	2359,2358
19	52307363	52329442	2359
19	52343177	52346577	101928542
19	52359055	52391278	84765
19	52391278	52392477	84765,101928571
19	52392477	52394203	84765,101928571,65251
19	52394203	52403716	65251,101928571
19	52403716	52408293	65251
19	52430400	52452012	79898
19	52452387	52467596	101669766
19	52467596	52484620	59348,101669766
19	52484620	52490109	59348
19	52494585	52511483	284370
19	52516018	52533493	80110
19	52534632	52567719	9668
19	52567719	52598991	9668,284371
19	52598991	52599018	284371
19	52616344	52643175	90317
19	52657117	52674896	162962
19	52693292	52730687	5518
19	52772824	52785050	90321
19	52785050	52785146	693228,90321
19	52785146	52795977	693228
19	52800430	52829175	147657
19	52839498	52871031	162963
19	52873170	52889048	400713
19	52901102	52921665	84436
19	52932440	52955568	147658
19	52956829	53015407	147660
19	53030905	53059075	388558
19	53059075	53067717	388558,55762
19	53067717	53090427	55762
19	53097313	53193749	55769
19	53206066	53238326	81856
19	53267448	53290044	162966
19	53300662	53341261	7576
19	53341261	53360853	7576,90333
19	53360853	53360902	90333
19	53367043	53400946	162967
19	53430388	53431728	125893,399669,100529240
19	53431728	53445854	125893,399669,100529240,100529240
19	53445854	53466076	125893,100529240,100529240
19	53466076	53466164	100529240,100529240
19	53471504	53517174	79986
19	53517174	53519375	79986,147664
19	53519375	53541151	147664
19	53547991	53554329	100271846
19	53569859	53606689	90338
19	53611132	53627325	55786
19	53627325	53636330	84671,55786
19	53636330	53662328	84671
19	53662466	53696639	79788
19	53700364	53714268	101930624,101930134
19	53716241	53716649	390963
19	53731577	53758151	342926
19	53761545	53765090	317701
19	53769929	53770972	317703
19	53784808	53788200	646508
19	53792856	53794875	112401
19	53837002	53858122	91664
19	53893046	53930574	91661
19	53935237	53947923	147804
19	53970989	54006950	126017
19	54024235	54083523	55422
19	54135310	54140263	503834
19	54169927	54170024	574459,574458
19	54172411	54172508	574459,574458
19	54175222	54175294	100302255
19	54177451	54177574	574460
19	54178965	54179051	574461
19	54182257	54182339	574462,574465
19	54183194	54183277	574463
19	54185413	54185499	574464
19	54188263	54188345	574462,574465
19	54189723	54189809	574466
19	54191735	54191821	100302265
19	54194135	54194219	574467
19	54197647	54197729	574468
19	54198467	54198547	574469
19	54200787	54200871	574470
19	54201639	54201725	574471
19	54203269	54203355	574472
19	54204481	54204541	574473
19	54205991	54206073	574474
19	54209506	54209590	574475
19	54210707	54210793	574476
19	54211989	54212089	574477
19	54214256	54214342	574478
19	54215522	54215608	574479
19	54216601	54216688	574480
19	54219848	54219934	574481
19	54223350	54223436	574482
19	54224330	54224396	574483
19	54225420	54225509	574484
19	54228696	54228780	574485
19	54230176	54230240	574486
19	54233092	54233179	574487
19	54234260	54234344	574488
19	54238131	54238217	574489
19	54240099	54240188	574490
19	54242587	54242673	574491
19	54244567	54244661	574492
19	54245766	54245853	574493
19	54251890	54251976	574494
19	54254465	54254551	574495
19	54255651	54255735	574496
19	54257272	54257356	574497
19	54259995	54260084	574498
19	54261486	54261572	100302205
19	54264387	54264476	574499
19	54265215	54267453	574500
19	54290851	54290929	442917,100616185,442916
19	54290929	54290995	442916,100616185,442917,442916
19	54290995	54291144	442916,100616185,442916
19	54291144	54291210	442916,100616185,442917,442916
19	54291210	54291423	442916,100616185,442917
19	54291959	54292027	442918
19	54296857	54327648	91662
19	54369477	54379691	91663
19	54382444	54410906	5582
19	54412589	54447195	59284
19	54466294	54485561	59283
19	54485561	54485651	59283,100126325
19	54485651	54493469	100126325
19	54495542	54515923	59285
19	54544079	54567207	284415
19	54573149	54584634	441864
19	54597933	54606000	126014
19	54606036	54610320	4696
19	54610320	54612564	29844,4696
19	54612564	54618837	29844
19	54618837	54619055	29844,26121
19	54619055	54622891	26121
19	54622891	54628722	101928780,26121
19	54628722	54635140	101928780
19	54641444	54658899	4849
19	54658899	54659419	79165,4849
19	54659419	54663620	79165
19	54663846	54676944	147798
19	54677107	54693733	79143
19	54693789	54697585	79042
19	54704610	54720147	6203
19	54720147	54746602	101929809,6203,11025
19	54746602	54752862	101929809
19	54754263	54761164	10990
19	54777675	54785039	10288
19	54785964	54786035	100616171
19	54799854	54809952	11026
19	54818353	54824409	353514
19	54844456	54850421	23547
19	54865362	54882165	3903
19	54926393	54948080	57348
19	54958008	54958225	101929807
19	54960065	54972981	114823
19	54972981	54973217	114823,94059
19	54973217	54974894	94059
19	54976210	54984411	148170
19	55009100	55021897	3904
19	55084387	55085346	11027
19	55085346	55099027	10859,11027
19	55099027	55105047	10859
19	55105047	55113555	10859,11024
19	55113555	55148979	11024
19	55155340	55181810	11006
19	55219700	55224955	79166
19	55235969	55235984	3812,3811
19	55235984	55236002	3812,3811,115653
19	55236002	55248003	115653,3805
19	55248003	55249980	115653,3805
19	55249980	55266475	115653,3805,3804,100653050
19	55266475	55278823	100653048,100653050,100653066,101929821,115653,3805,3804
19	55278823	55281263	100653048,115653,100653066,101929821
19	55281263	55295774	100653048,100653066,101929821,115653,3802
19	55295774	55295776	115653,3802
19	55295776	55325972	100653050,115653,3804
19	55325972	55344131	115653
19	55344131	55360024	115653,3809
19	55360024	55361898	3809
19	55361898	55378448	727787,3809,3812
19	55378448	55378662	727787,3812
19	55385704	55401838	2204
19	55417508	55427508	9437
19	55434877	55464498	199713
19	55464498	55477680	199713,55655
19	55477680	55512510	55655
19	55525073	55549632	51206
19	55550476	55582659	112724
19	55583388	55599291	54869
19	55602281	55628927	54776
19	55644162	55660722	7138
19	55663137	55669141	7137
19	55670031	55670307	352909
19	55670307	55678090	101930593,352909
19	55678090	55682567	101930593
19	55682567	55688908	101930593,6861
19	55688908	55691809	6861
19	55692616	55720874	5794
19	55738007	55741148	255043
19	55741148	55741647	255043,22870
19	55741647	55770363	22870
19	55773599	55791749	23640
19	55793440	55823901	84446
19	55824169	55845416	284417
19	55851221	55859488	84787
19	55860674	55866182	125965
19	55866276	55874628	284418
19	55875757	55881831	3589
19	55888204	55889612	147744
19	55890613	55895966	388564
19	55896713	55912652	6158,102465483
19	55912652	55914612	27338,6158,102465483
19	55914612	55919145	27338
19	55940107	55954230	729956,101928843
19	55964352	55973710	79763
19	55987699	55995854	89887
19	55996371	55998935	57106
19	55999771	56030465	284297
19	56041100	56048456	646643
19	56052023	56056909	100130827
19	56088899	56092211	163033
19	56102746	56111388	84922
19	56111388	56113336	147807,84922
19	56113336	56114504	147807
19	56116771	56128635	100507290
19	56132108	56135967	147808
19	56146382	56146825	51157
19	56146825	56152428	51157,51545
19	56152428	56154835	51157,51545,29903
19	56154835	56156988	51545,29903
19	56156988	56164527	29903
19	56165512	56186081	11338
19	56186592	56219798	29924
19	56219798	56221224	29924,338321
19	56221224	56249768	338321
19	56270380	56274541	342931
19	56280507	56284545	729974
19	56296770	56347944	204801
19	56347944	56348166	147945,204801
19	56348166	56393220	147945
19	56403065	56443702	126204
19	56459198	56499995	126205
19	56511092	56573179	126206
19	56578050	56590167	101928886
19	56598732	56632649	126208
19	56643968	56672262	55311
19	56687389	56697144	85569
19	56700939	56709289	342933
19	56732681	56751773	79149
19	56751773	56758863	646698,79149
19	56758863	56784138	646698
19	56784138	56821819	646698,100506374
19	56821819	56826072	100506374
19	56826072	56852656	101928968,100506374
19	56852656	56879468	101928968
19	56879468	56879752	101928968,147947
19	56879752	56887413	147947
19	56887413	56891197	147948,147947
19	56891197	56904914	147948
19	56905025	56909335	386758
19	56909335	56910541	386758,147949
19	56910541	56947404	147949
19	56950694	56988619	63934
19	56988619	56989434	63934,100128252
19	56989434	57012035	100128252
19	57019212	57041590	57573
19	57050317	57068169	140612
19	57078880	57100279	388566
19	57106632	57137849	58491
19	57154513	57167134	147670
19	57174020	57183151	90485
19	57202054	57285920	101929059
19	57285920	57311014	101929059,23619,5178
19	57311014	57321445	5178,23619
19	57321445	57352096	23619,5178
19	57352096	57352097	5178,5178
19	57352270	57359924	100073347
19	57630506	57643294	57663
19	57645464	57656570	114026
19	57665389	57678811	503835
19	57702868	57724724	9422
19	57742377	57746916	6795
19	57751973	57766503	390980
19	57791419	57804937	10794
19	57831877	57842144	125919
19	57862675	57871266	57343
19	57874845	57874879	284306
19	57874879	57876721	6399,284306
19	57876721	57890933	6399
19	57901218	57912786	147694
19	57922531	57933307	7565
19	57946697	57956853	388567
19	57966542	57967854	57191
19	57978031	57988938	400720
19	57999079	58006048	79744
19	58011283	58029772	374928
19	58038693	58046625	256051
19	58046625	58068910	256051,162972
19	58068910	58071231	162972
19	58082934	58089824	55659
19	58089824	58090295	284307,55659
19	58090295	58105145	284307
19	58111253	58124090	348327
19	58125601	58134724	7693
19	58141761	58154147	10520
19	58180303	58190520	201516
19	58193337	58208735	90233
19	58208735	58220579	90233,7710
19	58220579	58228669	7710
19	58231119	58238992	79891
19	58258164	58269527	284309
19	58281023	58315209	54807
19	58315209	58326281	54807,79818
19	58326281	58331099	79818
19	58331099	58331307	100293516,79818
19	58331307	58360099	100293516
19	58360099	58361225	100293516,730051
19	58361225	58370018	100293516,84914,730051
19	58370018	58376480	84914,730051
19	58376480	58400442	730051
19	58411664	58427978	147687
19	58433252	58446761	147686
19	58452201	58459043	10172
19	58469805	58485902	147685
19	58488421	58514717	80095
19	58545400	58565999	284312
19	58570607	58595205	7694
19	58595205	58597677	65982,7694
19	58597677	58629794	65982
19	58637619	58666477	79673
19	58694396	58724928	10782
19	58739960	58788815	27300
19	58790317	58790318	7554
19	58790318	58807254	7554,7554
19	58816715	58827023	7554
19	58838385	58853698	342945
19	58856544	58859117	1
19	58859117	58864865	1,503538
19	58864865	58865723	503538
19	58865723	58866549	503538,162968
19	58866549	58874214	162968
19	58878985	58892427	116412
19	58897767	58898137	6193
19	58898137	58898225	6193,100616168
19	58898225	58906173	100616168
19	58907457	58908407	646862
19	58912871	58915605	201514
19	58915605	58919851	201514,100506634
19	58919851	58929694	100506634
19	58944181	58951589	7691
19	58962971	58969200	388569
19	58978423	58984945	25799
19	58985384	58990879	55663
19	58990879	58992597	10998,55663
19	58992597	59023780	10998
19	59024897	59050278	84878
19	59055458	59062089	10155
19	59062933	59066491	27243
19	59067079	59070327	9040
19	59070496	59073298	100131691
19	59073298	59084870	7593,100131691
19	59084870	59084942	7593,100131691,65996
19	59084942	59086164	7593,65996,65996
19	59086164	59111168	65996,65996
19	59086164	59111168	65996,65996
