2	38814	46870	642273
2	197569	202605	101930516
2	217730	264140	26751
2	264140	266398	26751,52
2	266398	278283	52
2	279558	288851	285016
2	490944	492655	727944
2	545805	546667	101927362
2	667335	677439	129787
2	779837	864112	339822
2	895902	901137	101060385
2	946554	1371385	54221
2	1377995	1547483	7173
2	1624282	1629191	101927137
2	1635659	1748624	7837
2	1792885	2323004	23040
2	2323004	2330882	23040,730811
2	2330882	2335032	730811
2	2874330	2875003	101927534
2	2898820	3129798	101927554
2	3192696	3381653	7260
2	3383446	3488865	51112
2	3501132	3523507	55256
2	3579403	3584463	100506014
2	3592383	3606082	246243
2	3606082	3606206	100506054,246243
2	3606206	3609324	100506054
2	3622795	3628509	6201
2	3642426	3692048	78989
2	3705785	3750261	55821
2	3751453	3836122	728597
2	4005245	4021660	100505964
2	4675812	4703805	727982
2	5832799	5841516	6664
2	6072819	6141407	400940
2	6755722	6790667	102466235,100506216
2	6868309	6910442	400941
2	6980701	7005937	129607
2	7005937	7006766	91543,129607
2	7006766	7038370	91543
2	7052408	7057523	386597
2	7057523	7058840	386597,9781
2	7058840	7202858	9781
2	7202858	7208417	9781,101929452
2	7208417	7218011	101929452
2	7561392	7590385	100506274
2	7865932	7870836	101929531
2	8062556	8147901	339788
2	8147901	8418214	339788,339789
2	8418214	8523751	339789
2	8806766	8818975	100506299
2	8818975	8821993	100506299,3398
2	8821993	8824583	3398
2	8865408	8977760	57498
2	8992820	9143942	129642
2	9346894	9543604	8853
2	9543604	9545812	9270,8853
2	9545812	9563676	9270
2	9563697	9613230	51692
2	9613787	9628615	285148
2	9628615	9636672	6868,285148
2	9636672	9695921	6868
2	9724101	9771143	10971
2	9897625	9910470	100996549
2	9983483	10074545	9014
2	10085341	10142411	29841
2	10182976	10194963	8462
2	10196907	10221071	192668
2	10262455	10271545	6241
2	10281509	10332740	348738
2	10332740	10332797	100422929,348738
2	10332797	10351851	100422929
2	10443015	10567743	3241
2	10580094	10586840	4953
2	10586840	10586975	100302743,4953
2	10586975	10588630	100302743
2	10710892	10830101	79954
2	10861775	10923517	245973
2	10923517	10925236	10130,245973
2	10925236	10978103	10130
2	11018395	11025244	101929733
2	11052063	11054350	3754
2	11239977	11272947	285150
2	11273179	11286916	130813
2	11295324	11319000	130814
2	11319887	11488456	9475
2	11534107	11543203	100874055
2	11584501	11606297	1876
2	11674242	11680731	9687
2	11680731	11680803	9687,100616469
2	11680803	11782914	100616469
2	11798304	11810290	23620
2	11817721	11821586	23175
2	11821586	11823454	100506405,23175
2	11823454	11861745	100506405
2	11861745	11864348	100506405,101929752
2	11864348	11907570	101929752
2	11907570	11907651	100422862,101929752
2	11907651	11967535	100422862
2	11977059	11977112	100422996
2	11988748	12339256	100506457
2	12339256	12339327	100506457,100500884
2	12339327	12718474	100500884
2	12857015	12877493	28951
2	12877493	12877570	28951,100422986
2	12877570	12882860	100422986
2	13106910	13147138	100506474
2	13850656	14541087	100499171
2	14772810	14790933	151354
2	15307032	15701454	51594
2	15731302	15771235	1653
2	15830906	15884463	101926966
2	16061159	16080686	10408
2	16080686	16082371	4613,10408
2	16082371	16087129	4613
2	16730727	16847599	81553
2	17691851	17699706	729475
2	17720393	17838285	7447
2	17845079	17935125	79677
2	17935125	17966632	79677,348654
2	17966632	17981509	348654
2	17997763	17998368	343930
2	18059114	18542882	3790
2	18735989	18736811	57665
2	18736811	18737050	100526794,57665
2	18737050	18741946	93034,100526794,57665
2	18741946	18770830	93034,100526794
2	18770830	18770838	93034,100526794
2	19548190	19548266	100616307
2	19551246	19558414	130497
2	19657981	19668722	101928196
2	20068621	20084808	400946
2	20096404	20101747	130502
2	20110021	20189892	57539
2	20191872	20212455	4148
2	20232411	20251789	9741
2	20400558	20425194	6382
2	20448452	20551995	23369
2	20646835	20649200	388
2	20760208	20790535	64342
2	20790535	20792308	64342,100874343
2	20792308	20850849	100874343
2	20866424	20873418	151449
2	20883788	21022882	60526
2	21059531	21061421	101928271
2	21224301	21266945	338
2	21540532	21784185	100507562
2	21910306	21933495	645949
2	23608088	23931481	114818
2	23971534	24149984	54454
2	24150155	24227779	165324
2	24232951	24252210	388931
2	24252210	24272445	80304,388931
2	24272445	24272571	80304
2	24272571	24286191	80304,2281
2	24286191	24286551	2281
2	24290454	24299313	51639
2	24299396	24300303	375190
2	24300303	24308731	9540,375190
2	24308731	24338241	9540
2	24338241	24346347	9540,375189
2	24346347	24392509	375189
2	24397938	24423718	653140
2	24425733	24583583	50618
2	24714783	24993571	8648
2	25012603	25016005	391356
2	25016005	25016251	79172,391356
2	25016251	25042038	79172
2	25042038	25045245	79172,109
2	25045245	25142708	109
2	25166505	25194259	51277
2	25194259	25194963	51277,729723
2	25194963	25262563	729723
2	25264999	25378243	22979
2	25383722	25391772	5443
2	25455845	25551509	1788
2	25551509	25551590	100302246,1788
2	25551590	25565459	100302246
2	25600067	25896503	1838
2	25956622	26101385	55252
2	26149471	26205618	3797
2	26256976	26360323	10890
2	26395960	26412532	150946
2	26413504	26466038	3030
2	26466038	26467594	3030,3032
2	26467594	26513336	3032
2	26531041	26531415	165082
2	26531415	26569685	85465,165082
2	26569685	26618759	85465
2	26624784	26679579	92749
2	26680071	26781566	9381
2	26785450	26802400	339778
2	26804070	26864236	130106
2	26915619	26956288	3777
2	26987152	26987157	54978
2	26987157	27004099	54978,1058
2	27004099	27023935	1058
2	27070615	27173219	56896
2	27193480	27250064	22924
2	27255778	27264563	54867
2	27265232	27272551	60509
2	27272551	27273132	100874031,60509
2	27273132	27293340	100874031
2	27293340	27293490	100874031,100128731
2	27293490	27294641	100128731
2	27301435	27309271	11117
2	27309615	27321757	3795
2	27321757	27323640	3795,10669
2	27323640	27341995	10669
2	27346682	27353624	84696
2	27353624	27353680	10113,84696
2	27353680	27357543	10113
2	27359723	27362278	339779
2	27371872	27376378	150921
2	27422455	27434895	8884
2	27434895	27435826	8884,51374
2	27435826	27440046	51374
2	27440258	27466811	790
2	27476552	27498289	7781
2	27498289	27498685	285126,7781
2	27498685	27504367	285126
2	27505260	27530268	57159
2	27530268	27530307	57159,7349
2	27530307	27531313	7349
2	27532360	27548547	4358
2	27548716	27558402	2976
2	27558402	27565466	2976,100505624
2	27565466	27579868	100505624
2	27587219	27593353	8890
2	27593389	27599995	9784
2	27600098	27603657	130557
2	27604061	27632554	5496
2	27650657	27665126	29959
2	27665233	27667238	200634
2	27667238	27669348	26160,200634
2	27669348	27712656	26160
2	27714750	27718112	64838
2	27719709	27746554	2646
2	27799389	27805588	84226
2	27805897	27848506	84450
2	27848506	27851114	79635,84450
2	27851114	27851879	11321,84450,79635
2	27851879	27858041	11321,79635
2	27858041	27873679	11321
2	27873679	27874375	11321,9913
2	27874375	27886338	9913
2	27886338	27886676	22950,9913
2	27886676	27917840	22950
2	27994584	28004231	9553
2	28004231	28112808	64080,9553
2	28112808	28113965	9577,64080,9553
2	28113965	28210954	64080,9577
2	28210954	28219234	9577
2	28219234	28219316	9577,100422965
2	28219316	28530558	100422965
2	28530558	28533326	100422965,100505716
2	28533326	28561768	100505716
2	28607276	28615315	403150
2	28615315	28617539	2355,403150
2	28617539	28640179	2355
2	28680012	28866654	151056
2	28931819	28959071	100505774
2	28974506	29005383	5500
2	29005383	29025806	5500,245711
2	29025806	29072687	245711
2	29072687	29073477	245711,55006
2	29073477	29093167	55006
2	29117509	29136530	23160
2	29136530	29136614	23160,692209
2	29136614	29149933	692209
2	29149933	29150010	26796,692209
2	29150010	29171088	26796
2	29179477	29283842	165186
2	29283842	29284239	165186,388939
2	29284239	29297127	388939
2	29320571	29412509	79745
2	29415640	30144432	238
2	30273932	30366670	101930384,101929418
2	30369807	30383399	51646
2	30454397	30546596	81606
2	30670092	30867091	253558
2	30945637	31043408	92291
2	31133333	31378068	79623
2	31395924	31456724	440854
2	31456880	31492313	30845
2	31557187	31637581	7498
2	32090129	32092878	51072
2	32092878	32236299	84661,51072
2	32236299	32264881	84661
2	32288680	32382706	6683
2	32390933	32449448	55676
2	32449522	32490923	58484
2	32502979	32541663	84272
2	32582096	32757220	57448
2	32757220	32757313	693143,57448
2	32757313	32843966	693143
2	32853099	32860322	55622
2	32860322	32860398	100616219,55622
2	32860398	33046118	100616219
2	33050510	33151760	285045
2	33152194	33153472	100271832
2	33172039	33624576	4052
2	33661391	33789817	25780
2	33808725	33824449	25940
2	33947788	33953274	151325
2	35696471	35696552	100616475
2	36583069	36778278	101929500,51232
2	36778570	36873230	9637
2	36923833	37041935	5212
2	37070783	37193615	6801
2	37195526	37311485	54497
2	37311594	37326353	253635
2	37326353	37326387	5610,253635
2	37326387	37384208	5610
2	37394963	37423741	391365
2	37428755	37458774	10153
2	37458774	37458856	55471,10153
2	37458856	37477645	55471
2	37477645	37480546	23683,55471
2	37480546	37551951	23683
2	37552483	37553940	101929542
2	37571717	37600465	25797
2	37869032	37965611	10602
2	38053390	38103417	101929559
2	38150330	38177144	151393
2	38177144	38294116	101410544,151393
2	38294116	38294184	101410544,151393,1545
2	38294184	38294285	1545,101410544
2	38294285	38302791	1545
2	38302791	38337044	285154,1545
2	38337044	38408997	285154
2	38522022	38604427	64225
2	38658436	38660715	100996902
2	38789120	38830728	92906
2	38893052	38968379	130589
2	38970741	38978636	6432
2	38978676	39012142	79833
2	39024871	39103075	90957
2	39103103	39117021	729967
2	39117021	39156213	729967,100271715
2	39156213	39202590	100271715
2	39208537	39351486	6654
2	39402787	39456729	344387
2	39476407	39663778	8491
2	39663778	39664453	728730,8491
2	39664453	39892122	728730
2	39892122	39892483	728730,130733
2	39892483	39945103	130733
2	39963200	40006407	80745
2	40013593	40324410	100128590
2	40324410	40482349	100128590,6546
2	40482349	40838193	6546
2	42104214	42121179	388942
2	42162508	42181406	400950
2	42275160	42285668	91461
2	42396490	42559688	27436
2	42560686	42652228	9167
2	42669157	42721237	170850
2	42721709	42984087	57504
2	42989642	42991401	165140
2	42994229	43019733	23498
2	43324884	43329829	100506047
2	43393800	43449541	63892
2	43449541	43453748	678,63892
2	43453748	43823185	678
2	43864412	43995126	130271
2	44001178	44037149	51626
2	44039611	44066004	64240
2	44066103	44105605	64241
2	44113647	44223144	10128
2	44395108	44471523	5495
2	44502599	44543420	6519
2	44543420	44548633	6519,9581
2	44548633	44589001	9581
2	44589089	44999731	79823
2	45147332	45166338	100130502
2	45167293	45168902	100506108
2	45168902	45169012	6496,100506108
2	45169012	45173216	6496
2	45232300	45236569	10736
2	45392009	45550434	400952
2	45615819	45839304	55133
2	45878484	46415129	5581
2	46520806	46613836	2034
2	46656329	46711564	101805491,388946
2	46717889	46768945	90423
2	46768945	46769696	90423,23433
2	46769696	46795395	23433
2	46795395	46807377	23433,100506142
2	46807377	46808076	100506142
2	46808076	46810260	100506142,5281
2	46810260	46843555	5281
2	46843555	46844258	9419,5281
2	46844258	46852881	9419
2	46926091	46990268	9655
2	47043836	47086146	100134259
2	47129009	47143296	90411
2	47143296	47168994	90411,57217
2	47168994	47272677	57217
2	47272677	47303276	57217,285051
2	47303276	47382517	285051
2	47387221	47403740	808,805,801
2	47419544	47558199	101927043
2	47558199	47571656	101927043,618
2	47571656	47572213	618
2	47572297	47604814	4072
2	47604814	47604909	4072,693144
2	47604909	47614740	693144
2	47630108	47743720	4436
2	47743720	47789450	56660,4436
2	47789450	47798078	56660
2	47922669	48016455	2956
2	48016455	48037240	80204,2956
2	48037240	48132817	80204
2	48132817	48132932	80204,100506235
2	48132932	48134949	100506235
2	48541776	48606433	3344
2	48667737	48742525	129285
2	48756522	48757064	11037
2	48757064	48826025	11037,11036,286749
2	48826025	48844937	11036,286749
2	48844937	48859428	11036,286749
2	48859428	48960287	11036,3973,286749
2	48960287	48982880	11036,3973,286749
2	48982880	49003654	11036,286749
2	49189296	49381676	2492
2	50145643	51259674	9378
2	51259739	52635055	730100
2	52929660	52929753	100616431
2	53759810	53897430	51130,100302652
2	53897430	53994929	51130,100302652,100302652
2	53994929	54002333	494143,51130,100302652
2	54002333	54014181	494143
2	54014181	54045956	494143,27248
2	54045956	54076259	27248
2	54076259	54076342	27248,100500850
2	54076342	54080050	100500850
2	54080050	54087126	100500850,10936
2	54087126	54087170	10936
2	54087170	54087297	51130,100302652
2	54091204	54197975	23198
2	54197975	54197977	101927144,98,23198
2	54197977	54480315	98,101927144
2	54480315	54483409	101927144,98,388951
2	54483409	54532437	388951,98,388951
2	54557171	54610879	129852
2	54683422	54756480	6711
2	54756480	54756938	56969,6711
2	54756938	54896812	56969
2	54950636	55199157	400954
2	55199325	55339757	57142
2	55401927	55459039	130162
2	55459039	55459699	6233,130162
2	55459699	55462989	6233
2	55463731	55496483	4528
2	55509455	55511658	344405
2	55514978	55647057	55704
2	55746740	55773015	112942
2	55774428	55846015	57223
2	55861400	55921045	87178
2	56093102	56151274	2202
2	56210102	56210211	406999
2	56216085	56216194	406998
2	56227849	56227930	100126319
2	56304552	56317517	101927165
2	56400669	56411258	100129434
2	56411258	56412905	100129434,114800
2	56412905	56613308	114800
2	58134786	58386378	101927261,7444
2	58386378	58387055	55120,101927261,7444
2	58387055	58468507	55120
2	59444843	59506535	101927285
2	60614497	60614580	100616473
2	60678302	60780702	53335
2	60983365	61029220	64895
2	61052267	61108449	400957
2	61108656	61158745	5966
2	61167357	61244360	150962
2	61244360	61245394	5194,150962
2	61245394	61279125	5194
2	61293006	61368732	84542
2	61368732	61372104	339803,84542
2	61372104	61372243	339803
2	61372243	61391960	339803,339804
2	61391960	61391964	339804
2	61404553	61414598	130872
2	61414598	61418338	9736,130872
2	61418338	61644379	9736
2	61644379	61644513	9736,100124537
2	61644513	61697904	100124537
2	61704984	61765761	7514
2	62051989	62081278	84140
2	62095224	62115859	10575
2	62115859	62115939	150684,10575
2	62115939	62374382	150684
2	62423248	62432961	10678
2	62432961	62433052	10678,100847087
2	62433052	62451866	100847087
2	62727356	62739029	200728
2	62900986	63271057	23301
2	63271057	63273622	23301,100132215
2	63273622	63275775	100132215
2	63277192	63284971	5013
2	63344986	63346677	100169989
2	63348518	63815743	51057
2	63815743	63834331	4190,51057
2	63834331	64054977	4190
2	64068074	64118696	7360
2	64119280	64246206	51542
2	64319786	64371588	57162
2	64412212	64432619	150992
2	64567893	64567973	100616265,102465833
2	64681103	64688515	29094
2	64751465	64820139	54812
2	64834109	64843616	339807
2	64858755	64978139	9792
2	65073264	65090760	101927438
2	65128974	65132271	400958
2	65215611	65250999	6509
2	65283500	65297835	23177
2	65297835	65314138	23177,5861
2	65314138	65357240	5861
2	65454887	65498387	10097
2	65537985	65659771	200734
2	65663845	66311773	101927533
2	66585381	66585460	100616464
2	66653867	66660584	730198
2	66660584	66660602	4211,730198
2	66660602	66666220	4211
2	66666220	66667444	100873998,4211
2	66667444	66801001	100873998
2	66801162	66957289	100507073
2	67131568	67198594	101060019
2	67313578	67350489	101930566
2	67350489	67442451	644838,101930566
2	67442451	67523207	644838
2	67624451	67637677	54465
2	68268262	68338080	10438
2	68350068	68384692	116143
2	68384976	68403370	56902
2	68405989	68483369	5534
2	68511303	68547183	25927
2	68588346	68592305	101927723
2	68592305	68592716	101927723,5341
2	68592716	68624585	5341
2	68686551	68694390	554251
2	68694693	68858004	200558
2	68870721	68882708	10887
2	68906733	69053965	9938
2	69092613	69098649	27302
2	69172364	69180102	200504
2	69201705	69208106	56287
2	69240310	69330814	84168
2	69330814	69330887	84168,100423030
2	69330887	69476459	100423030
2	69546905	69614382	2673
2	69622882	69664760	27247
2	69688532	69747175	22848
2	69747175	69747306	100124535,22848
2	69747306	69871557	100124535
2	69871557	69901481	100124535,307
2	69901481	70053596	307
2	70056774	70108528	64395
2	70120692	70124820	11017
2	70124820	70132707	4084,11017
2	70132707	70170077	4084
2	70187226	70189395	151516
2	70189395	70189397	151516,400960
2	70189397	70314585	400960
2	70314585	70315978	400960,5093
2	70315978	70316332	5093
2	70351168	70352449	100133985
2	70377012	70436576	54980
2	70436576	70475747	54980,7072
2	70475747	70475792	7072
2	70480050	70480137	100302268
2	70484518	70508323	51449
2	70508494	70520903	6637
2	70523107	70529222	100287852,84908
2	70674412	70694517	7039
2	70694517	70695627	100874273,7039
2	70695627	70781325	100874273
2	70834750	70995357	119
2	71004442	71017775	344018
2	71035775	71047732	165530
2	71057347	71062952	50489
2	71127720	71160576	25806
2	71163012	71168947	525
2	71168947	71175740	101927750,525
2	71175740	71192536	101927750
2	71205510	71212626	79998
2	71213068	71222075	113419
2	71291474	71306935	55577
2	71336814	71357369	84693
2	71357444	71377231	10199
2	71409869	71454213	400961
2	71503691	71662199	27332,100507113
2	71680852	71913898	8291
2	72356367	72375167	56603
2	72403113	73053170	23233
2	73114489	73119287	6697
2	73143389	73162020	2016
2	73169165	73300510	94097
2	73300510	73302747	26056,94097
2	73302747	73383849	26056
2	73429386	73439641	344022
2	73441350	73454365	10322
2	73455134	73460366	84279
2	73460548	73480149	10574
2	73481810	73511559	101927826,150726
2	73518058	73520833	1961
2	73612886	73683891	7840
2	73683891	73686611	7840,100874291
2	73686611	73837920	100874291
2	73867959	73869520	9027,51471
2	73872046	73912703	200420
2	73956231	73964527	51002
2	73989311	74007284	8446
2	74011316	74044274	388960
2	74056086	74100786	10617
2	74119441	74146992	72
2	74153953	74174769	1716
2	74174769	74186088	100874048,1716
2	74186088	74208568	100874048
2	74229840	74335303	200424
2	74362525	74375121	388962
2	74375136	74377188	100507171
2	74379655	74406025	55233
2	74425689	74438731	10797
2	74438731	74443369	10797,57835
2	74443369	74444692	57835,10797,57835
2	74444692	74570541	57835,57835
2	74570541	74588281	57835
2	74588281	74590504	57835,1639
2	74590504	74612613	1639
2	74612613	74619214	100189589,1639
2	74619214	74621009	100189589
2	74641304	74648718	388963
2	74648805	74652882	84058
2	74652963	74669549	6242
2	74682150	74685456	83444
2	74685456	74688011	23559,83444
2	74688011	74688018	23559
2	74688184	74692537	7841
2	74699085	74699113	116540
2	74699113	74700449	84865,116540
2	74700449	74710200	84865
2	74710200	74710535	84865,64427
2	74710535	74722013	64427
2	74724644	74729722	85474
2	74729722	74730443	151534,85474
2	74730443	74731805	151534
2	74732170	74735707	84759
2	74740590	74744274	3196
2	74745258	74753463	165545
2	74753772	74756504	550
2	74756504	74757066	27429,550
2	74757066	74759541	27429
2	74759541	74760472	27429,84695
2	74760472	74776153	84695
2	74776153	74782817	84695,1796
2	74782817	74784681	1796
2	74785010	74875465	130951
2	74881355	74909186	10505
2	75061108	75120486	3099
2	75167385	75169797	101927861
2	75185619	75197255	56655
2	75273590	75317939	6869
2	75317939	75318041	6869,100846995
2	75318041	75426826	100846995
2	75696428	75796848	84141
2	75873909	75879126	9801
2	75879126	75917977	6936,9801
2	75917977	75938115	6936
2	76974845	77820445	80059
2	79252812	79255631	130120
2	79312156	79315145	5968
2	79347488	79350545	5967
2	79384132	79386879	5068
2	79412357	79876420	1496
2	79876420	79876485	100422888,1496
2	79876485	80515483	100422888
2	80515483	80531874	100422888,347730
2	80531874	80875905	347730
2	81689819	81694070	100507201
2	83083927	83084885	1720
2	83749938	83750626	101928031
2	84517806	84519326	388965
2	84650647	84687169	8802
2	84743579	85046713	1768
2	85048774	85132749	129293
2	85132749	85133795	129293,9168
2	85133795	85134132	9168
2	85198216	85286595	56888
2	85291231	85294470	100996478
2	85360533	85537511	83439
2	85545147	85555548	10618
2	85569211	85581517	54884
2	85581517	85581743	54884,84173
2	85581743	85618875	84173
2	85621871	85645555	822
2	85645844	85664152	101928082,284948
2	85766288	85771846	4144
2	85771846	85772403	2677,4144
2	85772403	85788670	2677
2	85788685	85809154	8673
2	85811531	85820535	10791
2	85822848	85824736	51255
2	85825671	85829979	129303
2	85829979	85830319	10713,129303
2	85830319	85833777	10713
2	85833777	85839189	10713,388969
2	85839189	85876403	388969
2	85884437	85895864	6439
2	85912298	85925977	10578
2	85978467	86015189	84913
2	86042253	86052514	284950
2	86066267	86116137	8869
2	86247339	86333278	25885
2	86333305	86362993	55037
2	86362993	86363129	692225,55037
2	86363129	86369280	692225
2	86371055	86420149	10989
2	86420149	86420231	10989,100616159
2	86420231	86422893	100616159
2	86426478	86440917	51318
2	86441116	86565206	65055
2	86667770	86719839	55818
2	86730554	86732791	51652,100526767
2	86732791	86789193	51652,100526767,7844,100526767
2	86789193	86830516	101928133,51652,7844,100526767
2	86830516	86845889	101928133,51652,100526767,7844
2	86845889	86850989	101928133,7844,7844
2	86850989	86947296	101928133,7844,7844
2	86947296	86948245	64795,101928133,7844,7844
2	86948245	87005164	64795
2	87011729	87035519	925
2	87042462	87089047	100996919,926
2	87135076	87229682	400966
2	87229682	87241104	5342,400966,5343
2	87241104	87248975	5343,5342
2	87257800	87303536	285074
2	87421909	87421982	100616370,100616165
2	87754887	87906324	541471,112597
2	87929274	87929353	100616499,100616341
2	88000503	88038766	101930107
2	88047606	88055474	5343,5342
2	88055474	88058312	729857,5342,5343,400966
2	88058312	88285309	729857,400966
2	88326724	88355248	51315
2	88367299	88382038	150572
2	88382038	88382118	150572,100616447
2	88382118	88412906	100616447
2	88422510	88427635	2168
2	88469835	88486146	55258
2	88824169	88829102	200523
2	88856259	88927057	9451
2	88927057	88927094	101928403,9451
2	88927094	88931339	101928403
2	88991162	89050452	22934
2	89065324	89106126	645784
2	89111884	89111968	100616399
2	91768393	91768920	101926969
2	91805186	91847998	654342,645166
2	92128694	92130496	440888
2	95476791	95523027	440482
2	95533231	95537178	101927527,101929518,442028,644316,101927088
2	95537178	95542574	101927527,101929518,442028,644316,101927088,150483
2	95542574	95613086	101927527,644316,101927088,150483
2	95691422	95719737	4118
2	95752952	95813075	64969
2	95813075	95815179	64969,84874
2	95815179	95831158	84874
2	95831177	95850065	7549
2	95940201	95957056	150696
2	95963052	96051825	30818
2	96068469	96082364	51011
2	96257766	96265526	653192,129868
2	96331832	96334463	101926959
2	96676299	96687694	729234
2	96687694	96689128	729234,150763
2	96689128	96705199	150763
2	96778707	96781984	151
2	96789589	96804175	431705
2	96808905	96811179	1844
2	96850597	96874154	56910
2	96874154	96874563	285033,56910
2	96874563	96908359	285033
2	96914254	96931732	55654
2	96931870	96939087	9391
2	96940074	96971297	23020,101929240
2	96991069	96994091	150771
2	97001525	97039583	23397
2	97163383	97173846	93082
2	97202480	97218375	10865
2	97258907	97308524	55683
2	97371666	97405801	81562
2	97426639	97464015	26504
2	97464015	97464090	26504,100422928
2	97464090	97477628	100422928
2	97477976	97479394	100506036
2	97481982	97490263	26505
2	97490263	97499648	26505,200539
2	97499648	97502348	200539
2	97502348	97523671	51239,200539
2	97523671	97523832	51239
2	97525453	97536494	54910
2	97541620	97684175	51252
2	97749320	97760619	151313
2	97779233	97930258	375248
2	98081083	98099107	100506123,100506076
2	98262503	98264846	1329
2	98272431	98280570	10120
2	98280680	98319527	728537
2	98330023	98356325	7535
2	98372799	98612388	23505
2	98703579	98929762	200403
2	98962618	99015064	1261
2	99061317	99210853	3631
2	99215773	99224978	493753
2	99225042	99234978	25972
2	99235569	99347589	11320
2	99410309	99552722	343990
2	99613724	99757948	80705
2	99757948	99767950	51263,101927110,150590,80705
2	99767950	99771418	101927110,51263,150590
2	99771418	99771427	51263,51601,101927110,150590
2	99771427	99777890	101927110,51601,51263
2	99777890	99779620	51601,101927110,129531,51263
2	99779620	99797521	101927110,129531,51263
2	99797521	99797542	101927110,51263
2	99797542	99814089	101927110,51263,51263
2	99814089	99858709	51263
2	99858709	99871745	51263,254773
2	99871745	99900701	254773
2	99900701	99921205	129530,254773
2	99921205	99935445	129530
2	99935445	99939204	10190,129530
2	99939204	99953816	10190
2	99953816	99957165	10190,9669
2	99957165	100016938	9669
2	100016938	100017789	9669,51455
2	100017789	100106497	51455
2	100162323	100759201	3899
2	100824716	100867946	150577
2	100889753	100939195	164832
2	101008327	101034118	9486
2	101086944	101099742	129521
2	101179152	101193197	79031
2	101436614	101589110	4862
2	101589110	101593623	101927142,4862
2	101593623	101613291	101927142
2	101618177	101624079	6160
2	101624079	101640494	6160,11138
2	101640494	101768122	11138
2	101768122	101771872	100506286,11138
2	101771872	101869264	100506286
2	101869264	101869328	55571,100506286
2	101869328	101886778	55571
2	101887681	101889398	284996
2	101889398	101889511	284996,692205
2	101889511	101925163	692205
2	101925912	101925996	100847007
2	101962013	102004057	200407
2	102013823	102091165	731220
2	102313312	102511149	9448
2	102608306	102645006	7850
2	102681004	102796334	3554
2	102803433	102856462	8808
2	102927962	102927989	9173
2	102927989	102968497	9173,8809
2	102968497	103015218	8809
2	103035149	103048749	8807
2	103048749	103048826	8807,100616157
2	103048826	103069025	100616157
2	103089762	103150431	389015
2	103236166	103327777	6549
2	103332299	103353347	84804
2	103353367	103460352	130827
2	105028685	105030466	101927331
2	105049725	105104916	150568
2	105104916	105126967	101927360,150568
2	105126967	105137290	101927360
2	105320216	105321967	101927383
2	105363096	105374177	284998
2	105424030	105469641	100506421
2	105471969	105476929	5455
2	105654441	105713510	64965
2	105713510	105716418	64965,101927492
2	105716418	105719402	101927492
2	105858200	105859924	11250
2	105880871	105946491	9392
2	105953816	105965668	79074
2	105974169	106054970	2274
2	106361354	106510730	8440
2	106679702	106694615	84417
2	106709759	106810795	80146
2	106998562	107010027	285189
2	107021446	107084832	653489
2	107103824	107123396	926
2	107418056	107503564	84620
2	108439519	108443347	729121
2	108443388	108507297	285190
2	108602979	108630450	60482
2	108863651	108881807	442038
2	108905095	108926371	6819
2	108938694	108970255	151234
2	108994367	109004513	27233
2	109065017	109125871	9648
2	109150857	109303702	3987,100288695
2	109335937	109402267	5903
2	109403213	109501933	165055
2	109510927	109605828	10913
2	109743783	109745386	100287216
2	109745804	109757946	344558
2	109757946	109758044	100422863,344558
2	109758044	109930027	100422863
2	109930027	109930081	100423027,100422863
2	109930081	110262207	100423027
2	110300559	110371783	151011
2	110371911	110376563	65124
2	110550335	110615272	84220,727851,729540,653489,285190
2	110656005	110677180	96626,100288695
2	110690738	110742667	440895
2	110744640	110753717	440894
2	110827538	110827619	100422994
2	110841447	110844010	7851
2	110844010	110844100	7851,100616123,100847033
2	110844100	110874143	100616123
2	110879888	110962643	4867
2	110969106	110988683	205251
2	110988683	111002997	205251,100507334
2	111002997	111042430	100507334
2	111042430	111042520	100507334,100616123,100847033
2	111042520	111043433	100616123,100847033
2	111160491	111192743	100288570
2	111222628	111230511	96626,100288695
2	111271389	111334762	84220,729540,653489
2	111395275	111435691	699
2	111490150	111855922	55289
2	111855922	111873165	400997,55289
2	111873165	111875799	400997
2	111876955	111926024	10018
2	111953927	112078589	112597,101929867,101930489
2	112078589	112078668	100616499,112597,101929867,100616341,101930489
2	112078668	112248850	101929867,100616341,101930489
2	112248850	112252677	101929867,100616341,101928173,101930489
2	112252677	112268567	101928173
2	112523848	112528638	64682,730268
2	112528638	112528711	64682,100616370,730268,100616165
2	112528711	112642267	100616370,100616165
2	112656056	112787138	10461
2	112812800	112876895	84910
2	112895962	112945791	129804
2	112969102	113012713	84524
2	113033171	113097640	376940
2	113127669	113192065	727851,84220,729540
2	113239731	113299316	150465
2	113299492	113334635	84172
2	113341817	113346852	84269
2	113399409	113403267	400999
2	113403434	113421404	6574
2	113479063	113493930	284958
2	113493930	113500456	150468,284958
2	113500456	113522254	150468
2	113531492	113542167	3552
2	113587328	113594480	3553
2	113670548	113676459	27178
2	113730780	113743242	56300
2	113763038	113765621	27179
2	113779668	113810444	27177
2	113816215	113822959	26525
2	113825547	113833427	84639
2	113864791	113891593	3557
2	113914902	113966973	23550
2	113969099	113973574	654433
2	113973574	114034158	7849,654433
2	114034158	114036527	7849
2	114195268	114253766	220869,55871,644019,150472,445571
2	114256661	114258728	200350
2	114270040	114273062	101927424
2	114285145	114300249	101929127,101929886
2	114334959	114336429	654412,677784
2	114340536	114340673	100302128
2	114341664	114356606	374666,375260,100288778
2	114356606	114356655	374666,84771,375260,100288778
2	114356655	114359144	84771
2	114368079	114384667	118433
2	114384806	114400973	11159
2	114462588	114478867	80255
2	114478867	114478945	100616208,80255
2	114478945	114514400	100616208
2	114588626	114600933	101060091
2	114647537	114720173	10096
2	114737146	114764879	440900
2	115199876	115586009	57628
2	115586009	115591125	57628,101927591
2	115591125	115888512	101927591
2	115888512	115918920	101927591,389023
2	115918920	116603328	389023
2	118572226	118589955	8886
2	118617003	118673054	101929908
2	118673054	118692518	54520,101929908
2	118692518	118771709	54520
2	118846028	118868573	51141
2	118889704	118943962	100506797
2	119599747	119605254	2019
2	119699742	119752236	8685
2	119913819	119916465	165257
2	119981384	120023228	55240
2	120059801	120124404	130355
2	120124497	120130126	1622
2	120187477	120196096	140738
2	120197419	120234024	6344
2	120234024	120244922	101927734,6344
2	120244922	120282070	101927734
2	120302008	120419827	200373
2	120436743	120444083	80775
2	120517207	120741394	5775
2	120770581	120936695	57669
2	120978854	120980984	79134
2	120997640	121052289	5899
2	121103719	121109384	3625
2	121493199	121750229	2736
2	121974163	122042783	29842
2	122095352	122288457	23332
2	122288457	122288583	100151683,23332
2	122288583	122407163	100151683
2	122407226	122484521	254128
2	122484521	122485784	84365,254128
2	122485784	122494499	84365
2	122494679	122525429	7247
2	122548020	122554278	101927801
2	124782864	125672864	129684
2	127413509	127454246	2995
2	127656472	127659673	101929926
2	127805603	127864931	274
2	127941696	127977654	339761
2	128014866	128051752	2071
2	128056306	128146041	10746
2	128176003	128181113	5624
2	128181113	128181194	100616187,5624
2	128181194	128186822	100616187
2	128193783	128284462	55677
2	128293378	128395304	4648
2	128395956	128403439	55679
2	128403439	128410213	55679,2840
2	128410213	128439360	2840
2	128458596	128458597	84826,55339
2	128458597	128461385	84826,55339,84826
2	128461385	128568761	84826
2	128603840	128615731	5433
2	128619204	128643496	83607
2	128698791	128785694	79595
2	128848774	128953251	56886
2	128994290	129076151	9394
2	129999746	130031421	151121
2	130680435	130691890	389033
2	130724165	130737235	100131320
2	130737235	130738039	84084,100131320,150786
2	130738039	130740311	84084,150786
2	130748029	130808704	440905
2	130831108	130886795	728378
2	130887194	130896860	285103
2	130896860	130896990	91409,285103,90557
2	130896990	130902707	91409,90557
2	130908981	130939310	55627
2	130939310	130940323	55627,653784,80097
2	130940323	130948302	653784,80097
2	130949318	130956034	112714
2	131095814	131099798	84317
2	131099798	131099922	92856,84317
2	131099922	131105383	92856
2	131113580	131132982	26469
2	131174328	131187400	100216479,100288897
2	131187400	131188936	100288897,100216479,646802
2	131188936	131199048	646802
2	131217028	131267239	653269
2	131278770	131285579	55997,653275
2	131350339	131357123	55997
2	131369054	131415664	653781,653269
2	131437623	131449264	100132708
2	131486643	131487909	344561
2	131513008	131525707	205147
2	131594489	131804836	50649,101930241
2	131805449	131851033	130074
2	131862420	131975882	55041
2	131975882	132022965	445582,55041
2	132022965	132046326	445582
2	132046326	132066641	445582,440910
2	132066641	132111282	440910
2	132200167	132202467	401010
2	132222473	132233666	653784,100616378,80097
2	132233666	132240507	7278,653784,113457,100616378,80097
2	132240507	132248733	653784,113457,100616378
2	132248733	132248809	653784,113457,100616378
2	132248809	132250316	100616378,653784,100616378
2	132250386	132279146	150776
2	132285248	132291239	90557
2	132349325	132384839	440915
2	132394598	132407188	101927994
2	132479948	132524973	29798
2	132552534	132559234	408029
2	132741510	132751734	101928067
2	132905164	133014539	100132004,100132154,554226
2	133014539	133014653	100132004,100313824,100132154,554226
2	133014653	133015542	100132004,100132154,100313824
2	133110240	133112412	339742,100132249
2	133174147	133402426	2863
2	133402426	133404132	2863,116372
2	133404132	133429152	116372
2	133429374	133673130	344148
2	133673130	133689067	101928185,344148
2	133689067	134022540	101928185
2	134022540	134042334	101928185,101928161
2	134042334	134326034	101928161
2	134877554	134884696	4249
2	134884696	134884763	4249,100500878
2	134884763	135212192	100500878
2	135213330	135476570	81615
2	135493034	135596117	100129961
2	135596117	135615390	100129961,130013
2	135615390	135615443	100129961,130013,100847069
2	135615443	135659604	100847069
2	135659604	135675805	130013
2	135675805	135676280	905,130013
2	135676280	135716912	905
2	135722061	135805038	80122
2	135809835	135894486	22930
2	135894486	135933964	84083,22930
2	135933964	136288806	84083
2	136289025	136422967	23518
2	136422967	136423048	23518,406915
2	136423048	136482840	406915
2	136499189	136542625	23190
2	136545410	136577761	3938
2	136577761	136580657	3938,100507600
2	136580657	136594750	100507600
2	136597196	136633996	4175
2	136664247	136742746	1615
2	136742746	136743670	1615,101928243
2	136743670	136779888	101928243
2	136871919	136875735	7852
2	137523115	138435287	80731
2	138636324	138683977	101928273
2	138721590	138773930	3176
2	139259371	139331117	339745
2	139428342	139537918	11249
2	140988992	142889270	53353
2	143635067	143799890	8942
2	143848931	144525921	55843,101928361
2	144695635	145090135	79712
2	145141648	145275664	9839
2	145275664	145279058	100303491,9839
2	145279058	145282147	100303491
2	145324002	145337001	101928455
2	145425534	145940216	401014
2	147345012	147346878	728773
2	148602086	148687968	92
2	148687968	148688393	5000,92
2	148688393	148778580	5000
2	148778580	148779147	5000,55777
2	148779147	149275805	55777
2	149402009	149545130	26122
2	149624039	149632819	101928553
2	149632819	149646351	3800,101928553
2	149646351	149883273	3800
2	149894621	150071776	130576
2	150186499	150330662	130574
2	150426148	150444330	27249
2	151324709	151395525	390
2	152104454	152118393	375287
2	152126979	152146571	9111
2	152214106	152224848	7130
2	152224848	152224925	7130,100616418,100616392
2	152224925	152236560	100616392
2	152266397	152341850	101929336,55183
2	152341850	152364527	101929336,55183,4703
2	152364527	152591001	4703
2	152645498	152685006	26225,101929356
2	152689290	152955593	785
2	152973315	153032506	10254
2	153191751	153506348	114793
2	153508107	153574407	55660
2	153574407	153574511	151188,55660
2	153574511	153617767	151188
2	154333852	154335322	56475
2	154728426	155310361	114805
2	155554811	155714863	3760
2	157180944	157198860	4929
2	157291802	157470247	2820
2	158114110	158170723	11227
2	158175137	158184225	57471
2	158271131	158345473	9595
2	158383279	158485517	130399
2	158592958	158732374	90
2	158733214	158992666	151531
2	159023162	159027593	554201
2	159027593	159092681	130940,554201
2	159092681	159313265	130940
2	159313476	159514849	8502
2	159514849	159539391	8502,100129029
2	159539391	159591514	100129029
2	159651829	159719293	92196
2	159825146	160089170	85461
2	160092304	160143310	151525
2	160175490	160471807	29994
2	160471807	160473203	643072,29994
2	160473203	160473593	643072
2	160569000	160625364	64844
2	160625364	160627538	64844,9936
2	160627538	160628362	9936
2	160628362	160654753	4065,9936,100526664,100526664
2	160654753	160761221	4065,9936,100526664,100526664
2	160761221	160761260	4065,9936,100526664
2	160788519	160919121	22925
2	160956177	161128399	3694,100505984
2	161128662	161264321	5937
2	161264321	161264393	5937,100616364
2	161264393	161350305	100616364
2	161993419	162092732	10010
2	162101250	162105561	100996579
2	162164549	162268228	10213
2	162272605	162280843	10716
2	162280843	162282381	10716,57282
2	162282381	162357396	57282
2	162357396	162364216	285116,57282
2	162364216	162841792	285116
2	162848751	162931052	1803
2	162999392	163008914	2641
2	163027194	163101661	2191
2	163123589	163175213	64135
2	163175350	163227917	25801
2	163227917	163228105	25801,90134
2	163228105	163695240	90134
2	164449906	164592522	55137
2	165349322	165478358	2888
2	165510134	165544153	22837
2	165544153	165544287	100337591,22837
2	165544287	165700189	100337591
2	165752696	165812035	151258
2	165944032	166060577	6328
2	166095912	166248818	6326
2	166326157	166545917	80034
2	166604101	166651192	2591
2	166713985	166790367	79809,100506124
2	166790367	166806401	100506124,79809,100506134
2	166806401	166810353	100506134
2	166845670	166984523	6323
2	167051695	167232503	6335
2	167260083	167350757	6332
2	167744997	167980414	129446
2	167980414	167997465	100874011,129446
2	167997465	168116263	100874011
2	168675182	168730551	8708
2	168810530	169104651	27347
2	169312372	169439453	253782
2	169439453	169439528	253782,100616356
2	169439528	169628463	100616356
2	169628463	169631644	100616356,100861402
2	169631644	169643049	100861402
2	169643049	169643471	115677,100861402
2	169643471	169690642	115677
2	169690642	169722024	115677,57405
2	169722024	169757750	57405
2	169757750	169766505	57405,57818
2	169766505	169769881	57818
2	169779448	169887832	8647
2	169921299	169952677	10170
2	169983619	170219195	4036
2	170335688	170366212	129880
2	170366212	170382432	10324,129880
2	170382432	170382772	10324
2	170386259	170430385	79675
2	170440850	170497916	9360
2	170501935	170550943	129881
2	170550975	170550998	493911
2	170550998	170558218	100526832,493911,151230
2	170558218	170633499	100526832,151230
2	170648443	170666591	6741
2	170666591	170668574	6741,29081
2	170668574	170681441	29081
2	170683968	170940641	130507
2	171034655	171475138	140469
2	171475138	171511681	100130256,140469
2	171511681	171551884	100130256
2	171571861	171574588	389058
2	171579719	171627276	101926913
2	171640296	171655481	285141
2	171669723	171717661	2571
2	171784974	171823639	26003
2	171847333	172087824	9874
2	172173919	172290727	79828
2	172290727	172291312	80067,79828
2	172291312	172341562	80067
2	172378757	172414643	79901
2	172543919	172604930	1781
2	172640880	172778958	8604
2	172778958	172848599	8520,8604
2	172848599	172864490	8520
2	172864490	172864766	8520,254042
2	172864766	172947158	254042
2	172949468	172954405	1745
2	172964167	172967628	1746
2	173292082	173345568	3655
2	173345568	173371181	101929947,3655
2	173371181	173420101	101929947
2	173420101	173421324	101929947,5163
2	173421324	173489823	5163
2	173541869	173600002	91149
2	173600002	173600934	11069,91149
2	173600934	173917621	11069
2	173940163	174031174	51776
2	174031174	174132738	339751,51776
2	174132738	174146764	339751
2	174219548	174233725	83879
2	174771187	174830430	6670
2	174937175	175113426	29789
2	175190755	175195371	285084
2	175199674	175203220	100131390
2	175212750	175260443	9541
2	175260458	175294303	79634
2	175296966	175351822	151556
2	175422694	175422800	26827,26826,101954271
2	175424300	175547644	7456
2	175584505	175585526	440926
2	175612320	175629200	1134
2	175664091	175870097	1123
2	175936978	176032361	1386
2	176032361	176032437	100126350,1386
2	176032437	176033110	100126350
2	176040986	176049335	518
2	176788620	176867567	80856
2	176942200	176948641	344191
2	176957619	176960666	3239
2	176964458	176966408	3238
2	176968944	176973518	3237
2	176973518	176974722	3237,3236
2	176974722	176984670	3236
2	176986339	176987088	100506783
2	176987088	176989853	100506783,3235
2	176989853	176994422	3235
2	176994422	176997423	3234,3235
2	176997423	177001340	3234
2	177001340	177001826	3232,401021,3234,3233
2	177001826	177015031	3232,401021,3233
2	177015031	177015140	3232,401021,406903,3233
2	177015140	177015950	3232,406903,3233
2	177015950	177017954	3232,3233,406903,3233
2	177017954	177037830	3232,3233,3233
2	177037923	177053307	401022
2	177053307	177053686	3231,401022
2	177053686	177055688	3231
2	177134123	177202753	10651
2	177494317	177502659	375295
2	177588996	177684038	101930299,101929963
2	178077291	178077454	220988
2	178077454	178077527	100616394,100846999,220988
2	178077527	178088686	100616394
2	178092323	178120673	4780
2	178120673	178120738	100422824,4780
2	178120738	178148236	100422824
2	178148236	178257372	100422824,100130691
2	178257372	178257419	100130691,8540,100130691
2	178257419	178257425	100130691,8540
2	178257425	178408564	8540
2	178413726	178417742	150737
2	178477720	178483694	92104
2	178487980	178973066	50940
2	178977151	179003738	129831
2	179059208	179264160	114880
2	179278666	179296141	101927027
2	179296141	179304970	8575,101927027
2	179304970	179316163	8575
2	179316163	179316239	8575,494513
2	179316239	179326117	494513
2	179328391	179343327	51661
2	179345195	179381189	65977
2	179385910	179390716	100506866
2	179390716	179639402	7273,100506866
2	179639402	179641653	7273
2	179641653	179644690	7273,101927055
2	179644690	179694484	101927055
2	179694484	179695529	101927055,285025
2	179695529	179914813	285025
2	179966419	180129517	91404
2	180306709	180725563	151126
2	180725563	180725635	100302172,151126
2	180725635	180726232	100302172
2	180809603	180871840	57703
2	181831975	181941312	10477
2	181966659	182170320	101927156
2	182170320	182170379	100616213,101927156
2	182170379	182264286	100616213
2	182321929	182400914	3676
2	182401403	182537815	375298
2	182537815	182545392	4760,375298
2	182545392	182545603	4760
2	182756560	182795465	6744
2	182818968	182996125	151242
2	183004763	183387919	5136
2	183580999	183659191	54431
2	183698002	183731890	2487
2	183773843	183903586	10787
2	183943287	183964733	142679
2	183982241	184026408	129401
2	184125370	184125774	79727
2	185243702	185243771	100616305
2	185463093	185804219	91752
2	186584601	186603355	101927196
2	186603355	186605206	401024,101927196
2	186605206	186698017	401024
2	186897618	186947960	101927217
2	187350883	187374090	55854
2	187454792	187545628	3685
2	187558698	187630685	165215
2	187692562	187713935	151112
2	188207856	188313187	10203
2	188328957	188430487	7035
2	189156396	189162219	51454
2	189162219	189162315	51454,693146
2	189162315	189460653	693146
2	189598882	189654831	116093
2	189839046	189842818	1281
2	189842818	189842887	100616324,100302219,1281
2	189842887	189877472	100302219
2	189896622	189997762	1290
2	189997762	189997837	1290,100422908
2	189997837	190044605	100422908
2	190306159	190340291	84128
2	190425305	190448484	30061
2	190526111	190535557	54529
2	190539016	190611386	150709
2	190611386	190625919	64172,150709
2	190625919	190627430	64172
2	190627430	190627953	64172,101409258
2	190627953	190630282	101409258
2	190635049	190649097	94101
2	190649107	190742355	5378
2	190744335	190920423	84281
2	190920423	190927455	84281,2660
2	190927455	191054461	2660
2	191054461	191068210	2660,26275
2	191068210	191208196	26275
2	191208196	191208919	26275,3628
2	191208919	191236391	3628
2	191273081	191369068	54842
2	191369068	191373931	54842,100131211
2	191373931	191399448	100131211
2	191511472	191557492	4664
2	191745553	191829084	2744
2	191829084	191830278	6772,2744
2	191830278	191885686	6772
2	191886252	191894302	101927336
2	191894302	191897040	6775,101927336
2	191897040	192016322	6775
2	192109911	192290115	4430
2	192542794	192561385	64859
2	192699028	192711981	8436
2	192813769	193060435	23671
2	193508828	193510113	100506993
2	193614571	193641625	64002
2	195208993	195284369	101927406
2	195595319	195626159	101927431
2	196440701	196602426	57181
2	196602427	196933536	56171
2	196998290	197041227	9262
2	197059094	197124748	57520
2	197124748	197128928	57520,101927482
2	197128928	197458416	101927482
2	197504278	197627756	284992
2	197627756	197628214	9330,284992
2	197628214	197664449	9330
2	197669726	197675000	401027
2	197697728	197792520	80055
2	197831741	198062715	91526
2	198062715	198063997	91526,101927596
2	198063997	198115582	101927596
2	198115582	198167243	101927596,101927547
2	198167243	198175897	101927547
2	198254508	198299815	23451
2	198318147	198340032	80219
2	198351305	198364718	3329
2	198364718	198365137	3336,3329
2	198365137	198368181	25843,100529241,3336,3329
2	198368181	198380295	25843,100529241,3336
2	198380295	198381461	25843,100529241,3336
2	198381461	198415450	25843,100529241,100529241
2	198415450	198418423	25843,100529241
2	198432948	198540769	130132
2	198570087	198573113	92935
2	198591603	198651486	66037
2	198669426	199437305	5334
2	200134223	200322423	23314
2	200322423	200335989	23314,150538
2	200335989	200341658	150538
2	200732119	200775882	101927687
2	200775979	200794698	205327
2	200794698	200820040	205327,129450
2	200820040	200820459	205327,129450,79568
2	200820459	200820658	79568,129450
2	200820658	200873263	79568
2	201170604	201346986	26010
2	201353675	201374731	130535
2	201374731	201384507	130535,151246
2	201384507	201448505	151246
2	201450591	201541787	316
2	201560640	201577028	344454
2	201577028	201599900	344454,100507140
2	201599900	201658962	100507140
2	201675317	201688569	9689
2	201694732	201694839	100873740
2	201717732	201729422	1195
2	201735630	201754026	53938
2	201754050	201768655	60491
2	201773696	201828403	4999
2	201838441	201936156	285172
2	201936156	201936394	4709,285172
2	201936394	201950473	4709
2	201980827	202005007	8837
2	202005007	202022546	65072,8837
2	202022546	202041410	65072
2	202047604	202094129	843
2	202098166	202152434	841
2	202152994	202222121	130540
2	202241930	202252581	66008
2	202252581	202316302	55437,66008
2	202316302	202345569	55437
2	202352148	202483901	151254
2	202484907	202508293	65062
2	202509593	202563417	58538
2	202565277	202645912	57679
2	202655184	202760273	65061
2	202899310	202903160	8324
2	202937978	202978349	100652824
2	202978349	202981781	729224,100652824
2	202981781	203062585	729224
2	203070903	203103331	7341
2	203130439	203141154	51602
2	203141154	203141241	692110,51602
2	203141241	203156055	692110
2	203156055	203156144	692110,100113392
2	203156144	203157772	100113392
2	203157772	203157859	692058,100113392
2	203157859	203168389	692058
2	203241659	203432474	659
2	203499901	203634480	150864
2	203640690	203736708	130026
2	203739505	203776937	55759
2	203776937	203851786	79800,55759
2	203851786	203879521	79800
2	203879602	204091101	65065
2	204103663	204163009	57404
2	204192942	204259068	10152
2	204259068	204312446	10152,65059
2	204312446	204400133	65059
2	204571198	204603635	940
2	204732509	204738683	1493
2	204801471	204826300	29851
2	205410516	206484886	117583
2	206546714	206662857	8828
2	206858445	206951027	54891
2	206979541	206980271	4719
2	206980271	206987047	4719,100329109
2	206987047	207024309	100329109
2	207024309	207024327	100329109,619569,1933
2	207024327	207026602	619569,1933
2	207026602	207026681	619569,26798,1933
2	207026681	207026952	26798
2	207026952	207027083	26798,619569
2	207027083	207027652	619569
2	207040040	207082771	2825
2	207139387	207179148	57683
2	207308263	207485851	8745
2	207516345	207583120	391475
2	207602487	207630081	130752
2	207630081	207630271	22868,130752
2	207630271	207647958	22868
2	207647958	207648032	22868,100422993,100423002
2	207648032	207657233	100422993,100423002
2	207804278	207834198	130749
2	207938861	207974711	8609
2	207974711	207974797	100423036,8609
2	207974797	208031991	100423036
2	208051441	208100790	101927865
2	208104588	208133999	101927887
2	208133999	208134148	101927887,100302130
2	208134148	208394461	100302130
2	208394461	208394519	100302130,1385
2	208394519	208445355	1385
2	208445355	208468155	1385,151194
2	208468155	208490652	151194
2	208576264	208619531	151195
2	208619531	208619605	151195,100616361
2	208619605	208626563	100616361
2	208627310	208634287	7855
2	208693027	208733306	389072
2	208733306	208734639	101927912,389072
2	208734639	208890284	101927912
2	208986331	208989225	1421
2	208992861	208994554	1420
2	209007297	209010892	1419
2	209025464	209028300	1418
2	209030067	209054797	389073
2	209100951	209119971	3417
2	209119971	209120905	3417,100507475
2	209120905	209130798	100507475
2	209130991	209223475	200576
2	209224438	209719227	5746
2	210288782	210598842	4133
2	210636717	210864024	285175
2	210867289	210886147	6120
2	210886147	210886300	6120,151050
2	210886300	210895457	151050
2	210895457	210929080	101928020,151050
2	210929080	211036107	101928020
2	211052663	211090215	33
2	211154874	211179914	4632
2	211295973	211342376	10314
2	211342406	211543831	1373
2	212240446	213290987	2066
2	213290987	213291084	100313771,2066
2	213291084	213403565	100313771
2	213790981	213791060	100616472,100616267
2	213864429	214017151	22807
2	214149113	214622791	79582
2	214622791	214622883	79582,100616375
2	214622883	215275225	100616375
2	215275789	215374920	402117
2	215374920	215401614	402117,100885780
2	215401614	215443683	100885780
2	215590370	215674428	580
2	215796266	216003151	26154
2	216176540	216214487	471
2	216225163	216300895	2335
2	216476286	216708445	646324
2	216809213	216861052	55686
2	216861052	216898819	55825,55686
2	216898819	216946589	55825
2	216946589	216947678	55825,92691
2	216947678	216967506	92691
2	216972187	217071026	7520
2	217081768	217084915	150967
2	217122588	217236750	57574
2	217277137	217347776	50485
2	217362912	217443903	6168
2	217455149	217471661	101928232
2	217497551	217529159	3485
2	217536828	217560248	3488
2	217724181	217724787	7141
2	217731055	217732536	101928305
2	218148742	218621316	729582
2	218664512	218867718	7145
2	218899683	218923878	285180
2	218923878	218930452	285180,3580
2	218930452	218955304	3580
2	218990012	219001976	3579
2	219027568	219031718	3577
2	219081817	219119079	10109
2	219124219	219128582	151306
2	219128850	219134980	14
2	219135115	219138915	25953
2	219138915	219157309	25953,102465256,64114
2	219157309	219211516	102465256
2	219221579	219231388	375307
2	219231388	219232558	375307,101928513
2	219232558	219232822	101928513
2	219246752	219261617	6556
2	219262979	219267369	58190
2	219267369	219267445	407017,58190
2	219267445	219270664	407017
2	219283815	219314974	7429
2	219314974	219318018	7429,57695
2	219318018	219433084	57695
2	219433303	219461803	9125
2	219472488	219501907	84812
2	219502639	219523487	7701
2	219523487	219524378	7701,617
2	219524378	219528166	617
2	219528587	219536749	64320
2	219536749	219537134	27148,64320
2	219537134	219567439	27148
2	219575568	219620139	9654
2	219646472	219680016	1593
2	219687106	219696809	53632
2	219724544	219738955	7475
2	219745085	219764303	80326
2	219824377	219826876	8941
2	219840321	219844382	151300
2	219845809	219850379	54738
2	219854911	219858143	1412
2	219866362	219866431	494324
2	219866937	219867568	100129175
2	219867568	219880443	100129175,255101
2	219880443	219906249	255101
2	219919142	219923410	3549
2	219923410	219923472	100422957,3549
2	219923472	219925189	100422957
2	219940039	219940051	79840
2	219940051	220025587	79840,151295
2	220025587	220035549	151295
2	220036619	220040947	27013
2	220040947	220042828	79137,27013
2	220042828	220050201	79137
2	220059959	220074373	130617
2	220074490	220074494	10058
2	220074494	220083712	10058,79065
2	220083712	220094439	79065
2	220094479	220101328	55139
2	220101328	220101391	55139,79411
2	220101391	220110177	79411
2	220110177	220110200	79411,8576
2	220110200	220114433	8576
2	220114433	220115059	7277,8576
2	220115059	220117965	7277
2	220117965	220136910	7277,80086
2	220136910	220142892	80086
2	220143989	220151622	3300
2	220154345	220158833	5798
2	220158833	220158922	406944,5798
2	220158922	220174370	406944
2	220192131	220197899	389075
2	220238268	220264744	23549
2	220283099	220291461	1674
2	220299568	220363009	100996693,10290
2	220363589	220371710	29926
2	220378892	220403494	55515
2	220403669	220408385	79586
2	220408385	220408509	130612,79586
2	220408509	220413795	130612
2	220413795	220413869	130612,100423039
2	220413869	220415317	100423039
2	220415451	220433884	23363
2	220433884	220436581	3623,23363
2	220436581	220440435	3623
2	220462582	220481173	114790
2	220492049	220506702	6508
2	220771223	220771286	100422959
2	222282747	222437226	2043
2	222437226	222438922	729770,2043
2	222438922	222439174	729770
2	223064607	223162866	5077
2	223162866	223163715	5077,151278
2	223163715	223169936	151278
2	223181961	223183372	440934
2	223289236	223425667	130367
2	223435255	223521056	10056
2	223536505	223574649	116255
2	223725652	223809357	2181
2	223916532	224063117	23704
2	224461658	224467221	7857
2	224616403	224702744	130340
2	224720433	224810104	57590
2	224822121	224832431	65080
2	224839829	224904036	5270
2	225243415	225266802	79843
2	225334867	225450110	8452
2	225629807	225875178	55619
2	225875178	225875257	100616207,55619
2	225875257	225907162	100616207
2	226265364	226518734	57624
2	227523426	227523509	100847053
2	227596033	227664475	3667
2	227700297	227863931	84236
2	227867427	228028829	1286
2	228029281	228179508	1285
2	228189867	228222550	56947
2	228226872	228246711	79853
2	228336848	228336868	100847081
2	228336868	228336903	100847081,3267
2	228336903	228425930	3267
2	228474806	228498036	56918
2	228549926	228582728	80704
2	228678558	228682272	6364
2	228735770	228789060	164781
2	228844666	229046361	80309
2	229715242	230136001	55022
2	230222345	230579274	92737
2	230628554	230787018	9320
2	230787018	230787955	130888,9320
2	230787955	230877825	130888
2	230899698	230933715	151473
2	231032009	231067826	3431
2	231067826	231090444	11262,3431,101928789
2	231090444	231191899	101928789,11262
2	231191899	231223762	11262,101928789,93349
2	231223762	231268447	93349
2	231280657	231408805	6672
2	231555636	231565244	151475
2	231577560	231685790	51719
2	231729354	231743963	81618
2	231751215	231761806	151484
2	231772033	231825781	9290
2	231849083	231860747	348761
2	231860836	231889770	130560
2	231902205	231914434	257407
2	231921578	231972944	5707
2	231972944	231989832	3357,5707
2	231989832	232037541	3357
2	232063260	232227419	80210
2	232227419	232227504	80210,100616317
2	232227504	232239548	100616317
2	232260254	232265875	93010
2	232318242	232320511	4691
2	232320511	232320647	4691,654321
2	232320647	232321155	654321
2	232321155	232321234	6082,654321
2	232321234	232325082	6082
2	232325082	232325151	6082,25826
2	232325151	232348352	25826
2	232373137	232379050	151477
2	232387871	232395206	10316
2	232457575	232458994	165100
2	232571605	232578251	100422885,728026,100422872,5757,100506248,100302285
2	232597135	232646381	5147
2	232646381	232650982	5147,64708
2	232650982	232673963	64708
2	232756952	232757008	100302126
2	232786530	232791113	4880
2	232825955	233037363	129563
2	233037363	233037457	693147,129563
2	233037457	233209060	693147
2	233243244	233247599	250
2	233250460	233252167	347694
2	233271553	233275424	251
2	233320833	233324742	248
2	233344537	233352538	9427
2	233385173	233390422	646960
2	233390703	233401377	1144
2	233404437	233411113	1146
2	233412779	233414762	200765
2	233414762	233415184	200765,9470
2	233415184	233415226	100847037,9470,200765
2	233415226	233415283	100847037,9470
2	233415283	233448354	9470
2	233470767	233547491	80303
2	233562009	233631174	26058
2	233631174	233641278	3769,26058
2	233641278	233721980	3769
2	233721980	233725285	3769,389084
2	233725285	233743396	389084
2	233743396	233743418	389084,25791
2	233743418	233877982	25791
2	233897382	233899767	4759
2	233924677	234116549	3635
2	234118697	234184373	55054
2	234184373	234184648	677775,55054
2	234184648	234197322	677775
2	234197322	234197586	677772,677775
2	234197586	234204320	677772
2	234216462	234255701	6295
2	234263153	234380750	8527
2	234384166	234475428	55230
2	234526291	234545100	54658,54576,54579,54600,54659
2	234545100	234580499	54658,54576,54579,54600,54575,54659
2	234580499	234590584	54658,54576,54579,54600,54575,54659
2	234590584	234600253	54576,54600,54577,54600
2	234600253	234621638	54578,54576,54600,54577,54600
2	234621638	234627424	54578,54576,54600,54577,54579,54600
2	234627424	234637754	54576,54600,54657,54579,54600
2	234637754	234651396	54576,54657,54579,54600,54659
2	234651396	234652661	54576,100286922,54579,54600,54659
2	234652661	234662951	54576,100286922,54579,54600,54659
2	234662951	234663991	54576,100286922,54579,54600,54659
2	234663991	234668894	54576,100286922,54579,54600,54659
2	234668894	234681945	54658,54576,100286922,54579,54600,54659
2	234681945	234681946	54578,54576,54600
2	234681946	234681951	54600
2	234681951	234681956	54576,54579,54575,54659
2	234684370	234742062	339766
2	234742062	234742069	339766,55355
2	234742069	234763212	55355
2	234774083	234777090	151507
2	234826043	234928166	79054
2	234959323	234985778	6694
2	235401685	235405697	10123
2	235742959	235822028	101927896
2	235860617	235964358	23677
2	236402733	236414395	116987
2	236414395	236416210	100506749,116987
2	236416210	237040444	100506749
2	237073879	237077012	2637
2	237102095	237173052	401036
2	237232794	237416185	79781
2	237476430	237491001	57007
2	237957242	237964810	93463
2	237993955	238009109	10920
2	238232646	238323018	1293
2	238394071	238463961	79083
2	238475217	238475818	51052
2	238482965	238510257	64284
2	238536219	238707032	9208
2	238707032	238722325	9208,375316
2	238722325	238751451	375316
2	238767536	238820756	10267
2	238875469	238951236	140739
2	238969530	239008054	51540
2	239008798	239041928	339768
2	239047363	239061588	377007
2	239067623	239077541	151176
2	239079042	239112370	80895
2	239133193	239140318	151174
2	239140325	239146908	101927958
2	239146908	239149303	55502,101927958
2	239149303	239152679	55502
2	239152679	239164274	55502,8864
2	239164274	239198743	8864
2	239229082	239309541	26146
2	239335383	239360891	51665
2	239419331	239463695	151171
2	239756673	239795893	117581
2	239840998	239847965	401039
2	239969864	239990513	9759
2	239990513	239990610	100616397,9759
2	239990610	240007523	100616397
2	240007523	240007622	100616397,100616493
2	240007622	240227157	100616493
2	240227157	240227240	100616493,100423043
2	240227240	240273419	100423043
2	240273419	240273499	100423043,100616360
2	240273499	240323348	100616360
2	240831867	240882432	4705
2	240882432	240882511	100616417,4705
2	240882511	240964819	100616417
2	240968841	240969906	389090
2	240981230	240982399	643905
2	240984494	240985489	150681
2	241065980	241076224	150678
2	241078446	241083979	150677
2	241375088	241395418	2817
2	241395418	241395506	2817,406941
2	241395506	241407493	406941
2	241418839	241499471	51281
2	241499471	241503431	285193,51281
2	241503431	241505221	285193
2	241505221	241508626	285193,57140
2	241508626	241520789	57140
2	241522117	241526116	101752400
2	241526133	241544848	11132
2	241544848	241557122	11132,2859
2	241557122	241570676	2859
2	241615835	241622323	653437
2	241625751	241629831	285191
2	241631262	241637900	375318
2	241653181	241759725	547
2	241807896	241819919	189
2	241825465	241836306	79919
2	241858202	241894034	728763
2	241894034	241906868	728763,200772
2	241906868	241932728	200772
2	241938255	242011584	25992
2	242011584	242034983	130916,25992
2	242034983	242041747	130916
2	242045514	242088991	23178
2	242088991	242089679	5510,23178
2	242089679	242123067	5510
2	242127924	242164792	50636
2	242166679	242254515	3069
2	242254515	242256476	3069,4735
2	242256476	242293442	4735
2	242295658	242417320	9855
2	242417320	242417397	100422942,9855
2	242417397	242432089	100422942
2	242432089	242434256	100422942,10494
2	242434256	242449145	10494
2	242483818	242498136	100379249
2	242498136	242498392	666,100379249
2	242498392	242513546	666
2	242523820	242576628	51078
2	242576628	242576864	23192,51078
2	242576864	242613272	23192
2	242615157	242626406	1841
2	242641450	242668893	84289
2	242673994	242708231	728294
2	242716240	242743623	64090
2	242749407	242749920	101927206
2	242749920	242753111	101927206,129807
2	242753111	242758739	129807
2	242792033	242801060	5133
2	242811752	242815975	285093
2	242823514	242836136	101927289
2	242836136	242844702	285095,101927289
2	242844702	243020873	285095
2	243030784	243102304	728323,101930257,101930257
2	243030784	243102304	728323,101930257,101930257
