20	67891	77735	245938
20	123010	126392	81623
20	138111	139804	140850
20	168494	170322	245939
20	207899	210527	140881
20	238377	241737	400830
20	251504	271390	140680
20	277737	280965	85364
20	300957	306207	100507459
20	306207	310865	6666,100507459
20	310865	327426	6666
20	327426	328868	6666,80023
20	328868	340304	80023
20	361261	378203	57761
20	388142	411610	10616
20	416124	443197	128637
20	459116	524465	1457
20	584441	591042	6939
20	627259	634014	140809
20	642240	656823	85508
20	740724	749131	113278
20	814358	838106	83541
20	853296	896977	51378
20	939095	982907	343637
20	1093906	1160596	9491
20	1161205	1166059	55321
20	1184098	1188918	400831
20	1206700	1246960	642636
20	1246960	1277065	642636,9751
20	1277065	1289972	9751
20	1290619	1306049	27111
20	1306049	1309883	100507495,27111
20	1309883	1349622	100507495
20	1349622	1359378	2280,101929368,100507495
20	1359378	1373806	101929368,2280
20	1422807	1451386	55968
20	1451386	1454487	284759,55968
20	1454487	1472233	284759
20	1514897	1539489	128646
20	1544167	1600707	10326,100653194
20	1609798	1614154	55423
20	1614154	1629118	101929010,55423
20	1629118	1638425	101929010
20	1748603	1760641	100289473
20	1875154	1920543	140885
20	1927892	1959403	727993
20	1959403	1974732	5173,727993
20	1974732	1988163	5173
20	2082257	2157684	140901
20	2276647	2321724	7053
20	2361554	2413399	343641
20	2442280	2443608	6628
20	2443608	2443683	6628,100113378
20	2443683	2451499	100113378
20	2462463	2505348	79175
20	2517253	2622430	117532
20	2632791	2633423	10528,692213,26792,692201,100302138
20	2633423	2633488	10528,692213,26792,692201,100302138
20	2633488	2634858	692213,100302138,10528,100302138
20	2634858	2634932	10528,692213,100302138
20	2634932	2635713	692213,100302138,10528,100302138
20	2635713	2635844	10528,692213,677831,100302138
20	2635844	2636743	692213,100302138,677831,10528,100302138
20	2636743	2636828	10528,692213,677831,692201,100302138
20	2636828	2637270	692213,100302138,692201,10528,100302138
20	2637270	2637340	10528,692213,26793,692201,100302138
20	2637340	2637585	692213,100302138,26793,10528,100302138
20	2637585	2637656	10528,692213,26792,26793,100302138
20	2637656	2639039	10528,692213,26792,100302138
20	2639041	2644865	3420
20	2673524	2740753	57593
20	2774715	2781283	56265
20	2795614	2795633	100288797,100288797
20	2795633	2796479	128653,100288797
20	2796479	2798712	128653
20	2798712	2800930	100288797
20	2815960	2821349	64773
20	2821349	2821836	64601,64773
20	2821836	2844830	64601
20	2844830	2847378	5786,64601
20	2847378	3019722	5786
20	3024268	3026393	2797
20	3026591	3028900	64949
20	3052266	3053163	5020
20	3063202	3065370	551
20	3087559	3088219	100134015
20	3088219	3127165	22888,100134015
20	3127165	3131513	100134015,22888,60493
20	3131513	3140543	22888,60493
20	3140543	3140842	22888
20	3143263	3154192	9762
20	3170996	3185331	65992
20	3189514	3204516	3704
20	3208063	3219836	83959
20	3229951	3388272	25943
20	3451687	3631769	8455
20	3639939	3644046	64096
20	3648612	3662893	80332
20	3667617	3687775	6614
20	3713314	3733758	116835
20	3734155	3749034	54976
20	3758151	3762095	25876
20	3764498	3767337	1059
20	3767578	3786762	994
20	3801178	3805949	55317
20	3827487	3849280	57506
20	3869486	3898141	80025
20	3898141	3898218	80025,406896,100302282
20	3898218	3907605	100302282
20	3907956	3996229	11237
20	4101627	4168394	54498
20	4173712	4176590	728228
20	4201329	4229721	146
20	4666882	4682236	5621
20	4702556	4709106	23627
20	4760669	4804291	9770
20	4833002	4990939	9962
20	5080486	5093749	29058
20	5095599	5107272	5111
20	5107432	5178533	8760
20	5282317	5297378	128674
20	5407541	5451740	100507629
20	5451853	5455828	643406
20	5476713	5485259	149837
20	5488521	5490648	101929207
20	5525085	5591672	56261
20	5731039	5844558	149840
20	5892076	5906007	1114
20	5917881	5931182	51605
20	5931298	5975852	84515
20	5986736	6020699	54675
20	6021424	6034695	164312
20	6055492	6104191	55612
20	6427370	6509106	101929244
20	6748311	6760927	650
20	7127114	7234849	101929265
20	7282703	7288079	101929288
20	7328114	7348279	101929312
20	7863628	7921121	54363
20	7957995	8000476	56255
20	8112824	8811833	23236
20	8811833	8812040	23236,26767
20	8812040	8949003	26767
20	9049410	9461889	5332
20	9485827	9495005	101929329
20	9495005	9495645	24141,101929329
20	9495645	9511171	24141
20	9518036	9819689	57144
20	9966736	9966774	101929371
20	9966774	9987764	63926,101929371
20	9987764	10002620	63926
20	10002620	10037410	63926,100131208
20	10037410	10199478	100131208
20	10199478	10288066	100131208,6616
20	10288066	10349424	6616
20	10381657	10414870	8195
20	10415951	10617477	128710
20	10618332	10654694	182
20	10733738	10734614	101929395
20	10855981	10889920	101929413
20	11781111	11851363	728450
20	11871371	11907257	22903
20	12845850	12930986	101929486
20	12930986	12932275	101929486,100505515
20	12932275	12933167	100505515
20	12989627	13147411	55304
20	13202418	13218448	140862
20	13218448	13220321	100505536,140862
20	13220321	13246709	100505536
20	13246709	13281298	100505536,55617
20	13281298	13619587	55617
20	13694969	13765532	51575
20	13765596	13799067	79133
20	13829893	13976015	80343
20	13976015	13977089	140733,80343
20	13977089	14303634	140733
20	14303634	14318262	140733,23767
20	14318262	14535030	23767
20	14535030	14617170	23767,140848
20	14617170	14864899	140848
20	14864899	14910161	100379174,140848
20	14910161	16033842	100379174
20	16252749	16554078	55614
20	16710606	16722421	6629
20	16729003	16750707	56914
20	17206752	17465223	5126
20	17474550	17549865	631
20	17550508	17590564	11034
20	17594323	17662940	6238
20	17674317	17716516	140836
20	17922241	17937623	27131
20	17937623	17943353	58495,27131
20	17943353	17943589	692086,58495,27131
20	17943589	17949556	692086
20	17949556	17949623	692086,92667
20	17949623	17971765	58495,92667
20	17971765	18039832	58495
20	18118517	18118762	100303755
20	18118762	18123813	100303755,57325
20	18123813	18169031	57325,100303755
20	18269121	18297640	7692
20	18359693	18362128	440757
20	18364011	18447771	55184
20	18447771	18447925	55184,10621
20	18447925	18451259	10621
20	18451259	18451335	100422875,10621
20	18451335	18465287	100422875
20	18467184	18477887	10741
20	18488137	18542059	10483
20	18548064	18550207	388789
20	18568537	18655039	92675
20	18655039	18679353	92675,101929526
20	18679353	18744561	101929526
20	18768295	18774979	29075
20	18775173	18776711	100270804
20	18790372	18794370	100128496
20	18794370	18795033	140856,100128496
20	18795033	18810797	140856
20	19193290	19222946	57419
20	19222946	19265240	57419,100130264
20	19265240	19703581	100130264
20	19738296	19738679	101930064
20	19867165	19983101	54453
20	19997760	20014299	51126
20	20015012	20033158	51340
20	20033158	20036690	26074,51340
20	20036690	20341346	26074
20	20348765	20351590	3642
20	20370196	20693131	57186
20	21134664	21198927	101929591
20	21283942	21370463	22803
20	21376005	21378666	644524
20	21491648	21494664	4821
20	21686297	21696620	5075
20	22034831	22055238	100270679
20	22260866	22263310	101929663
20	22380989	22401281	284788
20	22528309	22559280	140828
20	22561643	22566093	3170
20	22568160	22588155	101929685
20	22990846	23011422	101929707
20	23016057	23017314	6754
20	23026270	23030378	7056
20	23059986	23066977	22918
20	23105705	23113258	200261
20	23168765	23170944	100505664
20	23331373	23335414	29107
20	23337231	23338753	100505683
20	23342787	23353700	64412
20	23355159	23402125	63908
20	23420322	23425567	128817
20	23431040	23433494	140880
20	23456337	23460435	100289308
20	23471738	23476655	10047
20	23499783	23522655	164380
20	23545369	23549386	128821
20	23583047	23586513	128822
20	23608534	23619110	1471
20	23666277	23669677	1472
20	23728190	23731905	1469
20	23804406	23807368	1470
20	23856572	23860387	1473
20	23965690	23969416	92086
20	24180403	24205224	400839
20	24449835	24647252	79953
20	24929866	24940564	8530
20	24943561	24973615	57136
20	24986868	25039616	84532
20	25051521	25062996	30813
20	25121425	25129894	284798
20	25176329	25207365	955
20	25228705	25275379	5834
20	25275379	25278650	26090,5834
20	25278650	25371619	26090
20	25388363	25433264	9837
20	25433341	25566153	22981
20	25593571	25604811	140838
20	25654851	25677477	26152
20	25744102	25848861	100133121,548321,100132948,101930018
20	25936448	25949924	101926955
20	25999468	26001320	100996695
20	26035291	26073683	284800,728882
20	26084052	26094664	101930665,149934
20	26167556	26232162	284801,724033
20	29558488	29596406	101930560
20	29611857	29634010	100134091
20	29637799	29638060	140678,100505874
20	29845467	29847435	245929
20	29891015	29896388	245930
20	29956421	29961726	117285
20	29964967	29978406	245932
20	29992648	30000641	245934
20	30009239	30016983	245935
20	30028322	30038060	245936
20	30053309	30063096	245937
20	30063096	30064560	28954,245937
20	30064560	30072708	28954
20	30073581	30075377	140875
20	30102231	30135307	81502
20	30135307	30135852	81502,100101490
20	30135852	30155510	100101490
20	30155510	30157370	100101490,100874042
20	30157370	30161066	100874042
20	30193086	30194318	3397
20	30194989	30195043	100422904
20	30225691	30232809	84701
20	30252255	30311792	598
20	30327074	30389608	22974
20	30407111	30422492	85366
20	30432103	30433420	2307
20	30435440	30458505	128853
20	30458505	30458550	128853,164395
20	30458550	30532758	164395
20	30532758	30532764	164395,81572
20	30532764	30539895	81572
20	30555805	30591190	343702
20	30598245	30615556	140706
20	30615556	30619378	101929636,140706
20	30619378	30619984	101929636
20	30639991	30689659	3055
20	30697309	30755061	9777
20	30774280	30778330	128854
20	30780306	30795594	5326
20	30795683	30825598	23509
20	30825598	30825650	100302183,23509
20	30825650	30826470	100302183
20	30865467	30922814	9371
20	30946155	31027122	171023
20	31030862	31172876	140688
20	31276723	31278816	578
20	31290493	31331803	149951
20	31350191	31397162	1789
20	31407699	31438211	22919
20	31446729	31549006	101928282,388795
20	31571579	31592239	140732
20	31595406	31611515	80341
20	31619454	31631853	128859
20	31643230	31661434	359710
20	31667450	31699557	149954
20	31749574	31769218	140683
20	31781391	31798268	317716
20	31805116	31815564	128861
20	31823801	31831115	51297
20	31861286	31897684	92747
20	31946645	31989367	51654
20	31995761	32031698	6640
20	32077881	32237842	9139
20	32244893	32250090	63941
20	32250090	32253425	128864,63941
20	32253425	32254304	128864
20	32254304	32256331	170487,128864
20	32256331	32262269	170487
20	32263489	32274210	1869
20	32294512	32308125	11264
20	32319463	32375179	84905
20	32375179	32380075	84905,101929746
20	32380075	32398903	101929746
20	32399110	32442172	128866
20	32570858	32581452	101926888
20	32581452	32582163	101926888,22913
20	32582163	32636925	22913
20	32636925	32636996	100616434,22913
20	32636996	32676104	100616434
20	32676104	32696114	8894,100616434
20	32696114	32700138	8894
20	32782375	32857150	434
20	32868074	32899608	191
20	32951041	33054130	83737
20	33054130	33054223	693229,83737
20	33054223	33099198	693229
20	33104214	33128762	83658
20	33134658	33148149	84557
20	33148346	33264910	128869
20	33284722	33292094	23054
20	33292094	33301243	23054,58476
20	33301243	33413452	58476
20	33432523	33459949	2686
20	33459949	33460663	2686,55902
20	33460663	33515769	55902
20	33516236	33543620	2937
20	33563206	33578179	57644
20	33578179	33578300	100616134,574501,57644
20	33578300	33590207	100616134
20	33590207	33590240	100616134,26133
20	33590240	33680674	26133
20	33703167	33759876	55741
20	33759876	33765165	55741,10544
20	33765165	33814457	10544
20	33814457	33864801	10544,10893
20	33864801	33865928	10893
20	33866714	33872788	3692
20	33873054	33873534	140846
20	33873534	33873559	140846,128876
20	33873559	33880204	128876
20	33890369	33999944	55245
20	34021145	34041776	8200
20	34041776	34041919	8200,100302125
20	34041919	34042568	100302125
20	34042985	34099804	11190
20	34108569	34111014	140873
20	34111014	34117481	140873,140873
20	34129770	34145405	51614
20	34203814	34208971	6676
20	34213953	34236847	8904
20	34236847	34252878	8904,10137
20	34255977	34287194	9054
20	34287194	34287281	140823,9054
20	34287281	34288906	140823
20	34291531	34330234	9584
20	34359896	34538303	51230
20	34541539	34547394	51282
20	34556512	34618622	140894
20	34633544	34638882	647979
20	34679426	34736648	2036
20	34736648	34743682	100130373,2036
20	34743682	34820721	100130373
20	34824381	34858840	25980
20	34894258	35136563	22839
20	35136563	35157040	101926987,22839
20	35157040	35169887	101926987
20	35169887	35178228	101926987,10398
20	35178228	35201794	10398
20	35201891	35202956	60436
20	35202956	35222353	100527943,60436
20	35222353	35234137	100527943
20	35234137	35240721	100527943,55969
20	35240721	35240787	55969,84174
20	35240787	35240960	55969,84174
20	35240960	35274619	84174
20	35280169	35374481	57446
20	35380194	35402221	79980
20	35405845	35492089	140710
20	35504524	35518632	140711
20	35518632	35522638	25939,140711
20	35522638	35580246	25939
20	35624752	35724398	5933
20	35729629	35806813	140699
20	35806813	35807991	140699,6185
20	35807991	35870022	6185
20	35879489	35890238	2691
20	35918041	35945663	63905
20	35973088	36034453	6714
20	36120874	36149617	10904
20	36149617	36152092	10904,4826
20	36152092	36156333	4826
20	36247700	36251521	100861522
20	36305312	36311636	100287792
20	36322408	36500531	56259
20	36531499	36573752	128434
20	36611409	36661870	9675
20	36661948	36720768	58490
20	36756863	36794980	7052
20	36838890	36888551	85449
20	36888551	36889174	149684,85449,671
20	36889174	36965907	149684,671
20	36974759	37005665	3929
20	37053843	37053979	26776
20	37055952	37056085	26777
20	37058313	37058446	677839
20	37062508	37062641	677840
20	37075221	37078013	677821,128439
20	37078013	37078146	677821,128439,677837
20	37078146	37079564	677837
20	37101459	37145206	57148
20	37145206	37145275	57148,100616190
20	37145275	37207504	100616190
20	37209838	37217106	149685
20	37230577	37279678	343578
20	37353105	37358015	140679
20	37377085	37400834	79913
20	37434348	37551667	26051
20	37554955	37581703	81610
20	37590942	37668366	60625
20	37842420	37853391	339568
20	38633119	38637171	100505663
20	39314488	39317880	9935
20	39657458	39726969	7150
20	39726969	39753127	101927117,7150
20	39753127	39765600	101927117
20	39765600	39766643	5335,101927117
20	39766643	39807088	5335
20	39807088	39811629	5335,23051
20	39811629	39946312	23051
20	39969560	39988606	64900
20	39988606	39989222	90187,64900
20	39989222	39995467	90187
20	40030741	40247133	84181
20	40701392	41314044	11122
20	41314044	41317202	11122,101927159
20	41317202	41597383	101927159
20	41597383	41600132	101927138,101927159
20	41600132	41818610	101927138
20	42086568	42092245	6431
20	42136320	42179590	26013
20	42187608	42216877	10110
20	42219571	42275936	51098
20	42295754	42345136	4605
20	42354804	42355638	149699
20	42543504	42698256	84969
20	42740335	42816218	57158
20	42825136	42839431	51526
20	42839600	42854667	100505783
20	42875887	42909013	78997
20	42931478	42939809	128486
20	42965626	42979875	140902
20	42984340	43001386	3172
20	43001386	43024346	3172,101927219
20	43024346	43036760	101927219
20	43036760	43036843	101927219,100500813
20	43036843	43061485	100500813
20	43077417	43078732	101927242
20	43080624	43093984	140834
20	43104526	43123244	79183
20	43124862	43150750	10955
20	43160426	43248163	11142
20	43248163	43252888	11142,100
20	43252888	43280874	100
20	43285092	43324737	79015
20	43343485	43357150	8839
20	43374421	43379675	60598
20	43380449	43438979	140730
20	43514317	43537173	7529
20	43538703	43570771	80336
20	43570771	43587676	80336,10953
20	43587676	43589127	10953
20	43592435	43595043	100505826
20	43595115	43708600	6789
20	43720951	43729753	3787
20	43738093	43743813	149708
20	43752066	43753106	128488
20	43803517	43805185	5266
20	43835638	43838413	6406
20	43849941	43853099	6407
20	43880880	43883205	6590
20	43922085	43935491	8785
20	43935491	43937169	8785,11317
20	43937169	43945803	11317
20	43953928	43977064	6385
20	43990577	43991840	90196
20	43991840	44002526	90196,90196
20	44002526	44005438	90196,27296
20	44005438	44034697	90196,27296
20	44034697	44036529	90196,55861,27296
20	44036529	44039250	55861,27296
20	44044717	44054884	51604
20	44076042	44076982	101927326
20	44098346	44110172	10406
20	44141101	44144264	10816
20	44162835	44165625	140870
20	44165625	44168134	100526773,140870,57119
20	44168134	44176065	100526773,57119
20	44176065	44176391	100526773,57119
20	44179792	44207965	90199
20	44236578	44258165	259240
20	44258165	44259835	259240,140832
20	44259835	44259907	140832
20	44277202	44298909	259239
20	44313292	44330655	280664
20	44330655	44333658	164237,280664
20	44333658	44333741	164237
20	44333741	44333819	164237,100500897
20	44333819	44337456	100500897
20	44350990	44354469	391253
20	44376583	44420571	140686
20	44420576	44440066	116092
20	44441215	44445596	11065
20	44451853	44462384	7125
20	44462449	44470360	90203
20	44470360	44471914	10005,90203
20	44471914	44486045	10005
20	44486256	44507761	140831
20	44509866	44513905	90204
20	44515128	44516274	128497
20	44517264	44518783	140825
20	44518783	44519926	5476,140825
20	44519926	44527399	5476
20	44527399	44527459	5476,5360
20	44527459	44540794	5360
20	44563267	44576662	63935
20	44577292	44600833	63925
20	44637547	44645200	4318
20	44650356	44688784	57468
20	44689624	44718591	57727
20	44746911	44758502	958
20	44802372	44937137	64405
20	44978167	44993043	51006
20	44994688	45061704	63916
20	45092541	45093763	7686
20	45129701	45142198	55713
20	45169585	45179213	128506
20	45186463	45304714	64849
20	45313004	45318418	112858
20	45338126	45364965	81031
20	45523263	45529782	2139
20	45529782	45530365	101927355,2139
20	45530365	45795609	101927355
20	45795609	45795700	101927355,100500814
20	45795700	45817492	100500814
20	45837859	45981305	23613
20	45981305	45983377	23613,101927377
20	45983377	45985567	101927377
20	46130601	46285092	8202
20	46285092	46285621	55959,8202
20	46285621	46415360	55959
20	46579543	46580799	100505983
20	46609232	46612148	101927457
20	46612148	46613057	101060004,101927457
20	46613057	46617488	101060004
20	46988693	46999372	284749
20	47240790	47444420	57580
20	47538427	47653230	10564
20	47662849	47713489	1434
20	47729878	47804904	6780
20	47835884	47854483	55661
20	47854483	47860614	57169,55661
20	47860614	47894715	57169
20	47894715	47894963	57169,441951
20	47894963	47895477	441951
20	47895477	47895565	441951,26765
20	47895565	47896856	26765
20	47896856	47896946	100113393,26765
20	47896946	47897220	100113393
20	47897220	47897309	100113393,692057
20	47897309	47905797	692057
20	47980414	48099184	3745
20	48120411	48184683	5740
20	48249482	48330415	9334
20	48429250	48508779	23315
20	48519928	48532080	9825
20	48552948	48570429	55905
20	48599536	48605423	6615
20	48657253	48658041	100887755
20	48697661	48697663	7335,7336,387522,7335
20	48697663	48732496	7335,387521,7336,387522
20	48732496	48770174	7335,387521,387522
20	48770174	48770335	7335,387521,387522
20	48789087	48793096	101927541
20	48807376	48809212	1051
20	48909257	48927248	284751
20	48927248	48931459	101927586,284751
20	48931459	48937879	101927586
20	49126891	49201299	5770
20	49202323	49202416	693230
20	49202645	49231173	140876
20	49231173	49231322	140876,100302146
20	49231322	49262008	100302146
20	49262008	49278812	100302146,100506175
20	49278812	49308065	100506175
20	49348081	49373332	84612
20	49411431	49493714	55653
20	49505585	49547521	23394
20	49547521	49547958	101927631,23394
20	49547958	49551404	101927631
20	49551404	49561671	101927631,8813
20	49561671	49575092	8813
20	49575363	49577820	27304
20	49620193	49639666	3755
20	50003494	50069442	4773
20	50069442	50069514	4773,100422889
20	50069514	50179370	100422889
20	50213053	50385173	10079
20	50400581	50419059	57167
20	50448336	50479451	101927678
20	50668202	50820847	55734
20	50827184	51266970	101927700
20	51588946	51785182	128553
20	51785182	51796089	128553,728805
20	51796089	52111869	728805
20	52169309	52183604	101927770
20	52183604	52191847	101927770,7764
20	52191847	52226446	7764
20	52553316	52684947	8537
20	52684947	52685024	100616225,8537
20	52685024	52687304	100616225
20	52769988	52790512	1591
20	52824386	52844591	5203
20	53092136	53267710	55816
20	54036874	54043735	101927796
20	54572496	54580528	140689
20	54823788	54824871	4159
20	54933971	54943719	116151
20	54944445	54967393	6790
20	54967427	54979518	1477
20	54987168	55034396	57091
20	55043647	55066548	51507
20	55066548	55092243	140687,51507
20	55092243	55093943	388799,200232,140687,51507
20	55093943	55100981	388799,200232,140687
20	55100981	55101198	388799,200232
20	55108302	55111576	388799
20	55204358	55214339	7022
20	55743804	55841685	655
20	55841853	55858054	101927820
20	55896558	55896647	100422883
20	55904815	55919050	23626
20	55926066	55933496	8480
20	55933496	55934878	100462983,8480
20	55934878	55954267	100462983
20	55966463	55984389	55544
20	56071035	56100708	140690
20	56136136	56141513	5105
20	56178902	56195632	81030
20	56223448	56286592	56937
20	56470450	56470500	100616353
20	56725960	56736206	128602
20	56793551	56803709	140731
20	56884752	56942563	57403
20	56964178	57026157	9217
20	57034157	57090187	164284
20	57090435	57194944	149773
20	57226328	57254582	8675
20	57264187	57294294	100652930,79716
20	57392187	57392780	407022
20	57393281	57393368	100126296
20	57393974	57414773	149775
20	57414773	57425958	149775,2778
20	57425958	57438583	2778
20	57438583	57463864	2778,101927932
20	57463864	57486247	101927932
20	57556263	57570188	51497
20	57570240	57582302	1522
20	57594309	57600522	81027
20	57600522	57601709	514,81027
20	57601709	57607437	514
20	57608200	57617964	51012
20	57766075	57834168	128611
20	57875482	57901047	1908
20	58152564	58201519	116154
20	58201519	58203344	116154,100506384
20	58203344	58422766	100506384
20	58438618	58508710	10388
20	58508819	58511894	63939
20	58511894	58515352	63939,5509
20	58515352	58523735	5509
20	58533471	58609066	60437
20	58630980	58648008	284756
20	58662895	58883532	284757,729296
20	58883532	58883625	284757,693231,729296
20	58883625	59053169	693231
20	59053169	59053239	100616362,693231
20	59053239	59102516	100616362
20	59139620	59139683	100616440
20	59654196	59655235	100506470
20	59827482	60515673	1002
20	60528525	60528602	6874
20	60528602	60528718	100302168,6874
20	60528718	60640866	100302168
20	60697517	60710434	149986
20	60711791	60718496	5688
20	60718822	60757540	26039
20	60758085	60778624	26164
20	60790026	60795323	11255
20	60813580	60871268	9885
20	60877149	60883011	11047
20	60883011	60883918	3911,11047
20	60883918	60907543	3911
20	60907543	60907613	100616340,3911
20	60907613	60928051	100616340
20	60928051	60931536	100616340,101928158
20	60931536	60942368	101928158
20	60962172	60963576	6227
20	60963688	60982341	81928
20	60985293	61002589	140893
20	61038553	61051026	140628
20	61141550	61147660	253868
20	61147660	61148733	253868,128826
20	61148733	61151510	128826
20	61151510	61151586	406904,128826
20	61151586	61162119	406904
20	61162119	61162220	406923,406904
20	61162220	61167971	406923
20	61265124	61267214	100505735
20	61273797	61294371	28231
20	61294371	61298076	28231,100127888
20	61298076	61317137	100127888
20	61340189	61394123	4923
20	61405480	61406764	100652730
20	61427805	61431945	55257
20	61431979	61436187	101409261
20	61436187	61436939	11054,101409261
20	61436939	61445352	11054
20	61447596	61472467	1299
20	61472467	61472511	1299,10732
20	61472511	61493115	10732
20	61509090	61569304	11083
20	61569471	61576996	54994
20	61584052	61599949	63910
20	61637331	61638387	128408
20	61640735	61669363	63930
20	61669363	61685215	100144597,63930
20	61685215	61716423	100144597
20	61726845	61733483	768097
20	61733483	61733671	768096,768097
20	61733671	61735738	768096
20	61809852	61809938	406909
20	61826781	61847586	54915
20	61867235	61870131	79444
20	61870131	61870194	100423014,79444
20	61870194	61871859	100423014
20	61872136	61904046	128414
20	61904137	61918160	55738
20	61918160	61918218	55738,100422945
20	61918218	61921142	100422945
20	61924538	61966203	57642
20	61975420	61991340	1137
20	61991340	62002529	100130587,1137
20	62002529	62009753	100130587
20	62037542	62103993	3785
20	62119366	62130505	1917
20	62152077	62153559	79144
20	62159778	62168723	5753
20	62172163	62178857	6725
20	62184373	62188061	79025
20	62189439	62205592	85441
20	62218955	62258394	26205
20	62258580	62260177	100505771
20	62271061	62284780	50861
20	62289163	62328021	51750
20	62328021	62328416	51750,8771
20	62328416	62329996	8771
20	62329996	62330037	8771,10139
20	62330037	62338817	10139
20	62338817	62339377	10139,84619
20	62339377	62340216	84619
20	62340216	62366815	84619,54923
20	62366815	62367494	54923,54923
20	62367494	62370456	54923,54923
20	62371214	62374858	56731
20	62375019	62462597	140685
20	62474779	62475273	100509861
20	62492566	62494341	140701
20	62496596	62522898	7165
20	62526518	62550834	80331
20	62550834	62550950	100126339,100126330,80331,100126329
20	62550950	62551085	100126329
20	62551085	62551201	100126329,100126352
20	62551201	62551365	100126352
20	62551365	62551481	100126329,100126352
20	62551481	62567384	100126329
20	62571186	62572818	54963
20	62572818	62572897	100302137,54963
20	62572897	62573984	100302137
20	62573984	62574079	100302137,693232
20	62574079	62587769	693232
20	62588055	62605466	57473
20	62605466	62611361	140700,57473
20	62611361	62612488	140700
20	62612488	62664453	24148,140700
20	62664453	62665697	24148
20	62665697	62671315	24148,284739
20	62671315	62679076	284739
20	62679076	62680113	284739,54345
20	62680113	62680994	54345
20	62681189	62703700	6919
20	62704534	62711323	10287
20	62711526	62714733	4987
20	62714733	62715712	4987,198437
20	62715712	62731996	198437
20	62737173	62738524	2832
20	62783144	62873604	4661
20	62887094	62921738	55251
20	62921738	62926855	140849,55251,140849
20	62926855	62944485	140849,140849
20	62926855	62944485	140849,140849
