22	16256441	16274560	23784
22	16274560	16278602	100508046,23784
22	16278602	16287937	100508046
22	16448824	16449805	81061,79334
22	17071667	17073700	150160
22	17082777	17134956	387590
22	17134956	17160374	387590,23783
22	17160374	17170993	23783
22	17170993	17179632	100289038,23783
22	17179632	17185367	100289038
22	17227759	17229535	101929350
22	17264302	17302589	150165,100996296
22	17308364	17310225	27437
22	17442826	17489112	128954
22	17517460	17541715	100130418
22	17565844	17596583	23765
22	17597189	17602257	27439
22	17618401	17640274	27440
22	17640274	17646177	27440,100130717
22	17646177	17646335	100130717
22	17660194	17702879	51816
22	17737749	17747623	27442
22	17840837	18037850	27443
22	18043139	18073760	83733
22	18074902	18111584	529
22	18111621	18213388	23786
22	18216906	18246946	637
22	18246946	18247025	100423025,637
22	18247025	18257536	100423025
22	18260088	18262247	200298
22	18270415	18463634	57553
22	18463634	18463727	693233,57553
22	18463727	18507325	693233
22	18512151	18520734	100192420
22	18560689	18593097	55670
22	18593097	18613905	51807,55670
22	18613905	18629321	51807
22	18632666	18660164	11274
22	18761178	18830912	100132705
22	18893541	18900294	8214
22	18900294	18901751	5625,8214
22	18901751	18924066	5625
22	19005347	19007761	25787
22	19010569	19011063	26222
22	19023795	19033675	9993
22	19033675	19035888	25786,9993
22	19035888	19109967	25786
22	19117792	19118321	8220,23617
22	19118321	19120134	23617,8220,23617
22	19120134	19132197	23617
22	19136089	19137796	2928
22	19158908	19160352	100652736
22	19163095	19166343	6576
22	19166986	19279239	8218
22	19318221	19338891	7290
22	19338891	19419425	128977,7290
22	19419425	19423598	64976,128977,7290
22	19423598	19435224	64976
22	19435224	19435755	128977
22	19437433	19466738	7353
22	19466982	19508135	8318
22	19510547	19515068	7122
22	19701987	19710468	2812,5413
22	19710468	19712294	2812,5413,2812
22	19712294	19712295	2812
22	19744226	19770747	6899
22	19770747	19771116	54584,6899
22	19771116	19833661	54584
22	19833661	19842419	79680,54584
22	19842419	19842462	79680,54584
22	19863040	19929130	10587
22	19929130	19929341	1312,10587
22	19929341	19951276	1312
22	19951276	19951357	1312,100616414
22	19951357	19957419	100616414
22	19957419	19957498	421,100616414
22	19957498	20004331	421
22	20004537	20020662	128989
22	20020662	20020743	406961,128989
22	20020743	20053449	406961
22	20067755	20073269	100302197,54487
22	20073269	20073356	100302197,54487,100500860
22	20073356	20073581	100500860
22	20073581	20073665	100302197,100500860
22	20073665	20099389	100302197
22	20099389	20099400	100302197,27037
22	20099400	20103461	27037
22	20103461	20104915	27037,5902
22	20104915	20114878	5902
22	20116979	20135530	29801
22	20135950	20138399	388849
22	20186252	20192441	284865
22	20193920	20196047	150197
22	20228938	20236657	65078
22	20236657	20236734	100302118,65078
22	20236734	20270769	100302118
22	20301799	20307603	85359
22	20326328	20350457	100996415,729444
22	20366206	20368028	728441
22	20383524	20427835	728233
22	20456003	20461786	85376
22	20692438	20704868	101927859
22	20704868	20716938	373856,101927859
22	20716938	20745048	373856
22	20748405	20762745	7625
22	20778874	20783528	91179
22	20783528	20792146	84861,91179
22	20792146	20850170	84861
22	20850200	20941919	51586
22	21055220	21058894	84222
22	21061979	21128167	5297
22	21128167	21142008	3053,5297
22	21142008	21213271	3053
22	21213271	21213705	3053,9342
22	21213705	21245506	9342
22	21271714	21308037	1399
22	21311380	21318967	101928891
22	21319396	21333751	150209
22	21333751	21335649	8216,150209
22	21335649	21353327	8216
22	21353393	21356175	80764
22	21356175	21356485	80764,439931
22	21356485	21357184	439931
22	21357184	21364097	113691,439931
22	21364097	21364631	113691,9127
22	21364631	21368581	113691,9127
22	21368581	21383007	9127
22	21383007	21383119	9127,6545
22	21383119	21387129	6545
22	21388465	21388561	693234
22	21389532	21399306	440799
22	21400249	21418457	400891
22	21457305	21476574	400892
22	21562262	21581926	728441
22	21655279	21679331	26080
22	21737663	21743446	440804
22	21771693	21805752	23119
22	21899646	21903736	150221
22	21903736	21905750	150221,7332
22	21905750	21978323	7332
22	21982378	21984353	150223
22	21987005	21991616	164592
22	21996550	21998587	23753
22	22006559	22007270	23759
22	22007270	22007347	100126318,23759
22	22007347	22007593	100126318
22	22007593	22007674	100126318,406920
22	22007674	22051833	406920
22	22051833	22054304	29799,406920
22	22054304	22090123	29799
22	22108789	22221970	5594
22	22273793	22307209	9647
22	22311397	22337213	8940
22	22345496	22398332	649179
22	22599087	22599927	7441
22	22657589	22677203	96610
22	22838767	22863505	140883
22	22868060	22874613	129025
22	22890123	22901768	23532
22	22981648	22986944	25812
22	22988780	22990368	91227
22	23165270	23165365	723778
22	23229960	23238287	100423062
22	23401593	23412540	27156
22	23412540	23467224	27156,2781
22	23467224	23487208	2781
22	23487513	23506537	9609
22	23521891	23605323	613
22	23605323	23606541	613,26226
22	23606541	23660224	26226
22	23732793	23744913	150244
22	23788785	23803020	101929374
22	23804273	23829167	388882
22	23915312	23922495	3543
22	23950639	23974508	51233
22	23980674	24030323	91316
22	24030323	24041363	91316,266747
22	24041363	24059543	266747
22	24083769	24093279	7621
22	24094930	24096655	29802
22	24105208	24108021	150248
22	24108021	24108048	150248,400916
22	24108048	24110413	400916
22	24110413	24110630	4320,400916
22	24110630	24126503	4320
22	24129150	24176690	6598
22	24176690	24176703	91319,6598
22	24176703	24181315	91319
22	24198890	24228496	66035
22	24236191	24237414	4282
22	24299601	24303373	653689,2953
22	24309089	24313554	100037417
22	24313554	24314721	100037417,1652
22	24314721	24322339	100037417,1652
22	24322339	24322660	1652,2953,100037417
22	24322660	24326106	2953
22	24376133	24384680	2952
22	24385938	24401899	653399
22	24407642	24497652	23523
22	24497652	24499317	23523,101929399
22	24499317	24574596	101929399
22	24577227	24585078	56241
22	24615622	24641110	2687
22	24647796	24661493	29774
22	24666786	24813708	23384
22	24813847	24825178	135
22	24825178	24838328	646023,135
22	24838328	24863206	646023
22	24863206	24891042	646023,51733
22	24891042	24924358	51733
22	24936406	24951471	83606
22	24951471	24951903	6634,83606
22	24951903	24979718	6634
22	24979718	24981588	2678,6634,728441,91227,92086
22	24981588	24989175	388886,2678,6634,91227,728441,92086
22	24989175	25005947	2678,6634,728441,388886
22	25005947	25024972	2678,388886,728441
22	25041133	25055114	646074,266697
22	25115001	25170687	440822
22	25202236	25323545	129049
22	25331077	25342662	255349
22	25348697	25498407	85379,100996283
22	25498407	25508659	85379,100996283,100128531
22	25508659	25575276	100128531
22	25575276	25575521	50861,100128531
22	25575521	25593415	50861
22	25595817	25603330	1417
22	25615489	25627836	1415
22	25675496	25678641	101929416
22	25747385	25801344	91355
22	25844072	25916821	1416
22	25957084	25960429	100996404
22	25960816	26125261	157
22	26138111	26427007	84700
22	26565440	26779562	23544
22	26825239	26839389	57168
22	26839389	26840981	89781,57168
22	26840981	26879803	89781
22	26879843	26887191	402055
22	26887191	26890624	24144,402055
22	26890624	26908471	24144
22	26921458	26951178	8459
22	26951178	26951289	100313914,8459
22	26951289	26992681	100313914
22	26995242	27014052	1414
22	27017928	27026636	1413
22	27042392	27072438	440823
22	27254597	27261749	101929539
22	27444106	27456480	284898
22	27706612	27713417	100507657
22	28144265	28197486	4330
22	28247657	28315364	23760
22	28315364	28316122	23760,284900
22	28316122	28316513	284900
22	28316513	28316600	100423034,100422998,284900
22	28316600	28374004	100423034,100422998
22	28374004	28404569	100422998,23331,100423034
22	28404569	29075853	23331
22	29083731	29138019	11200
22	29138019	29138410	11200,150274
22	29138410	29153503	150274
22	29168662	29185283	150275
22	29190543	29196585	7494
22	29279580	29420987	84133
22	29420987	29427464	84133,100874123
22	29427464	29453475	100874123
22	29454660	29457832	25770
22	29469066	29564321	83999
22	29601840	29655586	129080
22	29655841	29663998	25807
22	29663998	29664198	2130,25807
22	29664198	29696515	2130
22	29702572	29708774	10634
22	29708922	29715668	10633
22	29723669	29729152	162
22	29729152	29729247	162,100113380,100500833
22	29729247	29819168	100113380
22	29832818	29834572	10740
22	29834572	29838444	10740,5988
22	29838444	29874164	5988
22	29876219	29887379	4744
22	29901868	29950797	8563
22	29950797	29951205	8563,8508
22	29951205	29977326	8508
22	29999545	30094587	4771
22	30116073	30126945	164633
22	30126945	30127828	55954,164633
22	30127828	30163000	55954
22	30163358	30166402	29796
22	30184597	30234271	84164
22	30279144	30404731	8897
22	30404731	30426855	8897,101929664
22	30426855	30476163	101929664
22	30476163	30476469	150280,101929664
22	30476469	30573064	150280
22	30636436	30642840	3976
22	30658818	30662829	5008
22	30681106	30685616	652968
22	30687979	30723035	83874
22	30727977	30752624	10291
22	30752624	30752936	550631,10291
22	30752936	30770930	550631
22	30770930	30773835	550631,85371
22	30773835	30773862	85371,200312,85371
22	30773862	30774647	85371,200312
22	30774647	30792846	200312
22	30792846	30817760	200312,23541
22	30817760	30821305	23541
22	30821518	30825045	51537
22	30831531	30832234	646513
22	30843946	30868036	266629
22	30877298	30877898	376844
22	30884900	30901698	284904
22	30918786	30942669	730005
22	30950622	30970574	9514
22	30972612	31002825	23481
22	31002825	31003070	23481,6948
22	31003070	31023265	6948
22	31031639	31048038	101929728,339665
22	31048038	31063877	101929728,339665,150290
22	31063877	31065003	150290
22	31089769	31127544	23762
22	31127544	31127628	100422912,23762
22	31127628	31303811	100422912
22	31318295	31321117	150291
22	31321117	31328436	22880,150291
22	31328436	31364284	22880
22	31366663	31375381	55000
22	31460091	31500743	6525
22	31500758	31516055	140606
22	31518717	31530682	27124
22	31530795	31536593	50487
22	31556048	31556105	100500901
22	31556168	31603005	91445
22	31608225	31676066	3985
22	31677579	31688485	113791
22	31688485	31688520	101929760,113791
22	31688520	31721790	101929760
22	31721790	31734007	101929760,23598
22	31734007	31742218	23598
22	31795509	31832963	4733
22	31832963	31875369	4733,56478
22	31875369	31875475	4733,56478,100873756
22	31875475	31884674	100873756
22	31884674	31892094	9814,100873756
22	31892094	31924726	56478,9814
22	31924726	32014477	56478
22	32014477	32014572	102465666,9814,23761
22	32014572	32058418	102465666,23761
22	32072242	32146126	253143
22	32149944	32303012	9681
22	32329507	32340447	25775
22	32340447	32341504	7533,25775
22	32341504	32353590	7533
22	32439019	32509016	6523
22	32517964	32529456	23782
22	32544993	32555309	150297
22	32586422	32600718	10739
22	32614465	32651328	6527
22	32750872	32757148	10738
22	32772651	32780330	339666
22	32783569	32808242	51493
22	32809834	32860471	254240
22	32870663	32894818	25793
22	32908539	33197687	8224
22	33197687	33259030	7078,8224
22	33259030	33454358	7078
22	33558212	33832568	9215
22	33832568	33832655	100616295,9215
22	33832655	34121000	100616295
22	34121000	34146830	100616295,100506195
22	34146830	34318829	100506195
22	35318599	35462129	101926957
22	35462129	35468259	91464,101926957
22	35468259	35483380	91464
22	35653445	35691800	10042
22	35695268	35731633	10043
22	35731633	35731751	10043,100500826
22	35731751	35743985	100500826
22	35776354	35790207	3162
22	35796056	35821423	4174
22	35936915	35950048	23551
22	36002811	36033998	4151
22	36044442	36064456	80830
22	36113919	36125530	80831
22	36134783	36424473	23543
22	36536372	36562225	80833
22	36585172	36600886	80832
22	36622256	36636000	23780
22	36649056	36663576	8542
22	36677327	36784063	4627
22	36863083	36878077	25828
22	36883237	36903148	80020
22	36906897	36925483	8664
22	36959968	37099603	10369
22	37154246	37172300	11020
22	37196728	37215523	5816
22	37257030	37274057	4689
22	37309670	37336491	1439
22	37361289	37364213	100506241
22	37387163	37403882	339669
22	37406900	37415676	7263
22	37415676	37415681	4357,7263
22	37415681	37425863	4357
22	37447779	37459430	79734
22	37461476	37505603	164656
22	37521878	37571094	3560
22	37576207	37595425	114904
22	37600278	37608362	6753
22	37621301	37640488	5880
22	37678068	37711382	27128
22	37735624	37748230	101927035
22	37748230	37750879	101927035,100506271
22	37750879	37764000	100506271
22	37764000	37823480	114794,100506271
22	37823480	37823505	114794
22	37865101	37882439	4242
22	37886400	37915549	29775
22	37956454	37965412	11135
22	37966255	37978623	3957
22	38004481	38029571	26088
22	38030661	38037839	23616
22	38037839	38054384	101927051,23616
22	38054384	38054734	101927051
22	38054734	38062939	57026,101927051
22	38062939	38062941	57026
22	38071615	38075813	3956
22	38077680	38093011	79159
22	38093011	38170137	79159,11078
22	38170137	38172563	11078
22	38201114	38203442	3005
22	38203912	38213183	23464
22	38219389	38221502	8484
22	38226862	38240279	129138
22	38240279	38240378	129138,724028
22	38240378	38243685	724028
22	38243685	38243781	724028,724029
22	38243781	38244875	724029
22	38244875	38245334	51386,724029
22	38245334	38285414	51386
22	38301664	38338829	85377
22	38339528	38348614	84645
22	38348614	38349676	5435,84645
22	38349676	38366693	5435
22	38366693	38383429	5435,6663
22	38383429	38384801	6663
22	38384801	38384860	6663,100616146
22	38384860	38437922	100616146
22	38452318	38471708	9463
22	38474141	38480100	23539
22	38480896	38506677	80115
22	38507502	38597889	8398
22	38597889	38601697	8398,23764
22	38601697	38612518	23764
22	38615298	38669040	25829
22	38686697	38794527	1454
22	38820293	38822332	101927183
22	38822332	38823341	101927183,3761
22	38823341	38851205	3761
22	38864067	38879445	11015
22	38879445	38879452	11015,10521
22	38879452	38903665	10521
22	38914954	38966291	11144
22	38974125	39052634	646851
22	39052641	39069859	25776
22	39077953	39080818	56993
22	39081548	39097561	9929
22	39101728	39130730	9567
22	39130730	39134304	9567,25777
22	39134304	39174513	25777
22	39174513	39190148	25777,10126
22	39190148	39190203	10126
22	39214457	39239987	23467
22	39257455	39268319	23466
22	39348746	39359188	200315,100913187
22	39378352	39387564	9582
22	39387564	39388809	9582,100874530
22	39388809	39394214	100874530
22	39410088	39410368	27350
22	39410368	39416357	27350,140564
22	39416357	39429281	140564
22	39436609	39436924	200316
22	39436924	39449915	60489,200316
22	39449915	39483748	60489
22	39487591	39488860	101927202
22	39493229	39500072	164668
22	39516172	39548679	23492
22	39619364	39640756	5155
22	39708887	39709824	6122,116938,116936
22	39709824	39709916	6122,116938,116936
22	39709916	39711218	116938,116936
22	39711218	39711312	116936,116938,116937
22	39711312	39715055	116937,116938,116936
22	39715055	39715118	116938,116936,26807,116937
22	39715118	39716394	116938,116936,26807
22	39745930	39781593	9145
22	39795746	39833065	10454
22	39853349	39888199	4248
22	39895437	39914137	54471
22	39915700	39918691	468
22	39925098	39928860	91582
22	39966758	40085742	8911
22	40139049	40289868	150350
22	40297086	40369725	9402
22	40390953	40439533	113828
22	40440821	40731812	23112
22	40742507	40766595	158
22	40766595	40786467	158,27352
22	40786467	40806285	27352
22	40806285	40806293	27352,57591
22	40806293	40917804	57591
22	40917804	40922711	101927257,57591
22	40922711	41032706	101927257
22	41074754	41078818	2847
22	41165634	41209887	10478
22	41209887	41209962	100616283,10478
22	41209962	41215403	100616283
22	41220539	41253026	6767
22	41253081	41255553	63929
22	41255553	41258130	150353,63929
22	41258130	41347351	150353
22	41347351	41363838	150353,9978
22	41363838	41369313	9978
22	41487790	41488517	2033
22	41488517	41488570	2033,100302237
22	41488570	41576081	100302237
22	41601209	41625517	83746
22	41625517	41627275	150356,83746
22	41627275	41636938	150356
22	41641615	41682255	5905
22	41697526	41756151	23264
22	41763337	41795330	7008
22	41829496	41843027	10766
22	41855721	41864729	84844
22	41865129	41921808	50
22	41921808	41924993	171568,50
22	41924993	41940610	171568
22	41956767	41972898	27254
22	41972898	41973745	5372,27254
22	41973745	41985894	5372
22	41994032	42017100	27351
22	42017123	42060044	2547
22	42069934	42084943	4809
22	42084943	42086508	4809,101927302,79640
22	42086508	42094140	79640,101927302
22	42095503	42195460	150365
22	42196683	42222303	79879
22	42229109	42296948	6721
22	42296948	42297016	6721,407039
22	42297016	42303312	407039
22	42307297	42310570	440829
22	42319226	42319301	100616259
22	42321045	42322822	115650
22	42334725	42343168	79019
22	42348169	42354937	339674
22	42372276	42394225	55964
22	42394729	42454358	164684
22	42454358	42454460	4668,164684
22	42454460	42466846	4668
22	42470255	42475445	150368
22	42475695	42480288	91689
22	42481529	42486935	4700
22	42486935	42486959	4700,100132273
22	42486959	42522501	100132273
22	42522501	42526908	1565,100132273,101929829
22	42526908	42535286	1565,101929829
22	42556019	42665759	6942
22	42665759	42671202	6942,388906
22	42671202	42739622	388906
22	42776416	42828401	150372
22	42896585	42905974	94009
22	42905974	42908566	94009,27341
22	42908566	42915808	27341
22	42949623	42951229	253190
22	42951229	42970388	253190,91695
22	42970388	42978044	91695
22	42979727	43010968	84271
22	43011250	43011913	267010
22	43013846	43035809	1727
22	43035809	43036607	267020,1727
22	43036607	43045574	267020
22	43088127	43117304	53947
22	43192508	43231418	26286
22	43231418	43254112	26286,11252
22	43254112	43411151	11252
22	43434591	43435522	100506679
22	43435522	43448372	100506679,25809
22	43448372	43485434	25809
22	43506754	43525718	638
22	43528212	43539400	27349
22	43547520	43559248	706
22	43562628	43583139	23170
22	43593289	43671961	80274
22	43671961	43679836	101927447,80274
22	43679836	43739394	101927447
22	43807202	43903728	758
22	43911997	43924624	100874197
22	43924624	43932747	64800,100874197
22	43932747	44208217	64800
22	44220389	44258398	25830
22	44275558	44287893	150379
22	44319619	44351301	80339
22	44351301	44360368	80339,25813
22	44360368	44395091	25813
22	44395091	44406411	25813,29780
22	44406411	44568829	29780
22	44568836	44615413	64098
22	44639547	44708731	85352
22	44839207	44840668	101927526
22	44888452	44894178	84247
22	44965219	44968221	388910
22	45002819	45021299	414351
22	45064593	45098113	55615
22	45098113	45098355	553158,23779,55615
22	45098355	45133561	553158,23779,55615,23779
22	45133561	45258586	553158,23779,23779
22	45258586	45258665	553158,23779
22	45277042	45396446	112885
22	45396446	45399500	112885,101927551
22	45399500	45405880	101927551
22	45528901	45559662	100506714
22	45559722	45583896	10762
22	45586219	45596835	23313
22	45596835	45596900	100302149,23313
22	45596900	45636650	100302149
22	45680863	45691755	7380
22	45704849	45737836	55007
22	45739944	45809500	27127
22	45809572	45828376	26150
22	45898118	45997015	2192
22	46000312	46001501	100506737
22	46067678	46156404	25814
22	46156404	46156478	100616253,25814
22	46156478	46241187	100616253
22	46316242	46373009	7477
22	46445358	46450024	55267
22	46486924	46487006	100500828
22	46508629	46508702	406883
22	46509446	46509537	100616143
22	46509566	46509648	406884
22	46546424	46639653	5465
22	46639908	46646576	150383
22	46651560	46659219	10343
22	46663858	46689905	55020
22	46692638	46726707	51512
22	46726772	46753237	55687
22	46756731	46933067	9620
22	46971909	47075688	23151
22	47080308	47134158	64781,101927622
22	47158518	47571336	25771
22	47741319	47769291	339685
22	48016792	48027318	400932
22	48027423	48251349	284930
22	48670176	48670227	100422916
22	48885272	49176107	25817
22	49176107	49176165	100616415,25817
22	49176165	49246724	100616415
22	49288729	49294198	100128946
22	49937041	49937114	100500882
22	50006305	50009364	101927799
22	50166931	50221160	23774
22	50247490	50283726	9889
22	50293877	50311815	79087
22	50311815	50312106	79174,79087
22	50312106	50321188	79174
22	50354161	50357728	415116
22	50432942	50451088	400935
22	50497820	50524331	23209
22	50528308	50600119	54456
22	50609160	50618723	56666
22	50624344	50638027	80305
22	50639408	50656045	83642
22	50656118	50683421	85378
22	50683612	50683879	83933
22	50683879	50689834	6300,83933
22	50689834	50700254	6300
22	50702142	50709196	5600
22	50713408	50746056	23654
22	50747459	50765489	414918
22	50781733	50883429	9701
22	50883429	50883514	9701,6305
22	50883514	50913454	6305
22	50919985	50924869	79924
22	50925213	50929077	55586
22	50941376	50946135	91289
22	50946645	50961901	29781
22	50961997	50964181	9997
22	50964181	50964868	9997,1890
22	50964868	50968139	1890
22	50968139	50968485	1890,440836
22	50968485	50971009	440836
22	50986462	50989451	113730
22	50989541	51001334	644186
22	51007290	51017378	1375
22	51017378	51017899	1375,1120
22	51017899	51021455	1120
22	51021455	51022306	100144603,1120
22	51022306	51035581	100144603
22	51035581	51036028	101928825,100144603
22	51036028	51039114	101928825
22	51039114	51039884	101928825,23542
22	51039884	51052409	23542
22	51061182	51066607	410
22	51112843	51171726	85358
22	51174253	51176567	100506917
22	51176624	51183762	49
22	51195376	51205929	118433,284942
22	51205929	51222091	11159,118433,11158,284942,11159
22	51222091	51239737	11158,11159
