23	192989	220023	55344
23	220025	230886	8225
23	294698	347690	28227
23	585079	620146	6473
23	1314890	1331616	64109
23	1387693	1412811	1438
23	1412811	1412885	102465681,100500894,1438
23	1412885	1429274	100500894
23	1455509	1501578	3563
23	1505045	1511617	293
23	1520662	1522032	80161
23	1522032	1532921	80161,8623
23	1532921	1572655	8623
23	1581465	1656000	286530
23	1710486	1721407	8227
23	1733894	1761974	438
23	2137557	2404455	207063
23	2404455	2419008	9189,207063
23	2419008	2420846	9189
23	2527389	2531029	401577
23	2531029	2533388	100359394,401577
23	2533388	2575270	100359394
23	2609220	2659350	4267
23	2670091	2734539	100132596,7499
23	2746829	2800859	8908
23	2822011	2847392	414
23	2852699	2886286	415
23	2924654	2951612	347527
23	2959512	3030767	416
23	3226606	3264682	25878
23	3522411	3631649	5613
23	3735569	3761898	101930102
23	4545241	4551613	101928201
23	5758678	6146904	57502
23	6301947	6302004	100616373
23	6451659	6453159	51481
23	6966961	7065901	8226
23	7065901	7065978	8226,100616467
23	7065978	7066231	100616467
23	7137497	7272851	412
23	7810303	7812184	26609
23	7866288	7895780	8228
23	8095006	8095102	723779
23	8137989	8139308	26609,51480
23	8432871	8434550	425054
23	8496915	8700227	3730
23	8758836	8769424	171482
23	8992273	9132680	171483
23	9431335	9687780	6907
23	9693386	9754337	4935
23	9754496	9917483	357
23	9935392	9936134	100288814
23	9983602	10112518	55841
23	10125024	10205700	1183
23	10413350	10851773	4281
23	10865996	11129261	101928302
23	11129421	11136239	3052
23	11136239	11141198	3052,395
23	11141198	11311533	395
23	11311533	11318881	395,265
23	11318881	11336734	265
23	11336734	11336806	265,100847063
23	11336806	11683821	100847063
23	11776278	11793870	10943
23	12156585	12742642	9758
23	12809474	12842341	5634
23	12885202	12908499	51284
23	12920936	12924739	349408
23	12924739	12926452	51311,349408
23	12926452	12941288	51311
23	12993227	12995346	7114
23	13053737	13062801	171484
23	13328771	13336770	100093698
23	13336770	13338052	92552,100093698
23	13338052	13338518	92552
23	13353360	13391753	100133123
23	13587724	13651694	25975
23	13671225	13700083	170082
23	13707244	13728625	9367
23	13730363	13752754	6399
23	13752832	13787480	8481
23	13789150	13956757	2824
23	14026398	14048012	54960
23	14547420	14749934	2742
23	14861529	14891191	2187
23	14891563	14940449	158747
23	15253410	15288589	140462
23	15298053	15333778	140456
23	15337573	15353676	5277
23	15363713	15402498	2277
23	15402921	15482369	8544
23	15482369	15511687	8544,660
23	15511687	15574652	660
23	15579156	15620271	59272
23	15645441	15683154	57393
23	15693055	15706953	340591
23	15706953	15721847	11238,340591
23	15721847	15805747	11238
23	15808595	15841383	8233
23	15843929	15873054	8905
23	16141679	16171144	2925
23	16185604	16189587	645864
23	16606126	16645135	56474
23	16645135	16645208	100616428,56474
23	16645208	16668281	100616428
23	16668281	16672793	100616428,795
23	16672793	16731059	795
23	16737755	16783459	94056
23	16804550	16857406	55787
23	16857406	16862642	5931,55787
23	16862642	16888537	5931
23	16964814	17171395	9185
23	17393543	17444004	4810
23	17444004	17444077	100616249,4810
23	17444077	17546558	100616249
23	17546558	17570470	100616249,101928389
23	17570470	17575508	101928389,100873920,101928389
23	17575508	17605281	100873920,101928389
23	17605281	17754114	101928389
23	17755588	17773105	6322
23	17818169	17879457	10742
23	18181051	18239024	139105
23	18257434	18372847	10389
23	18443703	18658030	6792
23	18658030	18671749	6247,6792
23	18671749	18690229	6247
23	18694029	18846039	5475
23	18910418	19002716	5256
23	19007427	19140755	10149
23	19362011	19378174	5160
23	19378174	19379823	5160,389840
23	19379823	19533379	389840
23	19552093	19905719	30011
23	19930978	19988416	256643
23	20024831	20035206	256714
23	20035206	20035305	100500809,256714
23	20035305	20135035	100500809
23	20142636	20159962	1964,101060318
23	20168029	20285523	6197
23	21392536	21672813	22866
23	21673609	21676448	257240
23	21724090	21776281	23676
23	21857754	21874105	51360
23	21874105	21876845	404281,51360
23	21876845	21903542	404281
23	21958691	22025798	6611
23	22050559	22180850	5251
23	22180850	22191100	100873942,5251
23	22191100	22269427	100873942
23	22277914	22291065	100873065
23	22291065	22292574	158506,100873065
23	22292574	23018087	158506
23	23018087	23020204	158506,168400
23	23020204	23311263	168400
23	23352133	23422489	139411
23	23682379	23704516	10549
23	23720370	23784592	23597
23	23801290	23804343	6303
23	23851470	23925918	79135
23	23925918	23926057	254158,79135
23	23926057	23957624	254158
23	24001837	24045303	80311
23	24072833	24096088	1968
23	24164342	24167290	100873922
23	24167290	24167771	7543,100873922
23	24167771	24234372	7543
23	24483338	24557954	5165
23	24576204	24690794	9468
23	24712036	24762558	5422
23	24762558	24762687	677773,5422
23	24762687	25015103	677773
23	25021811	25034065	170302
23	26156460	26158852	286514
23	26210557	26213763	158809
23	26234286	26236387	347541
23	26576454	26579169	139538
23	27478921	27481413	139420
23	27608499	27766908	347442,101928481
23	27826107	27841131	139422
23	27996110	27999566	139425
23	28605516	29592395	11141
23	29592395	29592475	100847047,11141
23	29592475	29974840	100847047
23	30233677	30238206	4113
23	30248553	30255607	4114
23	30260057	30261847	4115
23	30261847	30262293	4115,4112
23	30262293	30270155	4112
23	30322323	30327715	190
23	30576941	30595961	80231
23	30671476	30748725	2710
23	30845559	30993201	257397
23	31089360	31090170	53940
23	31115794	32601773	1756
23	32601773	32601869	1756,100500915
23	32601869	32659591	100500915
23	32659591	32659676	100500915,100302239
23	32659676	33357558	100302239
23	34147869	34150447	158724
23	34645181	34675405	83604
23	34960913	34963034	170062
23	35816459	35821852	139604
23	35937851	36008269	170063
23	36053908	36163187	286464
23	36246735	36383741	645090
23	36383741	36403431	101928627,645090
23	36403431	36458375	101928627
23	37026432	37029739	442444
23	37208528	37316548	5638
23	37430822	37543716	347404
23	37545012	37591383	7504
23	37639264	37672714	1536
23	37696010	37706890	6990
23	37850070	37850569	25763
23	37865835	37883148	94122
23	37883148	37883239	100616252,94122
23	37883239	37988072	100616252
23	38008589	38080696	8406
23	38128416	38186817	6103
23	38211798	38280703	5009
23	38420623	38548169	7102
23	38660685	38665790	58526
23	39164210	39186616	286442
23	39226539	39251028	101927449
23	39520470	39520575	100500822
23	39696790	39696815	100616251
23	39696815	39696867	100616251,100616251
23	39696867	39707612	100616251
23	39909068	40036582	54880
23	40122170	40146973	101927476
23	40440146	40465889	10159
23	40488285	40506819	159013
23	40507558	40595110	9282
23	40691097	40691815	100132831
23	40944888	41095832	8239
23	41192651	41223725	1654
23	41306687	41334963	60506
23	41374187	41548226	8573
23	41548226	41556526	2857,8573
23	41556526	41583408	2857
23	41583408	41589388	2857,27197
23	41589388	41782716	27197
23	42636722	42637330	80316
23	43036243	43085847	101927501
23	43515467	43606068	4128
23	43625858	43741693	4129
23	43808022	43832750	4693
23	44007128	44202918	80258
23	44382885	44402247	139341
23	44703249	44704130	63904
23	44732757	44971847	7403
23	45007619	45060146	79742
23	45364633	45489447	101927528
23	45605585	45605694	407006
23	45606421	45606530	407007
23	45707328	45710920	401585
23	46185359	46187080	101927574
23	46306292	46356857	55634
23	46357162	46404892	641339
23	46404928	46407843	401588
23	46433219	46457843	56548
23	46464753	46618490	84679
23	46696375	46741793	6102
23	46771711	46920641	9767
23	46937775	46952712	9104
23	47001615	47004268	54539
23	47004268	47004903	8241,54539
23	47004903	47046212	8241
23	47050260	47064320	7317
23	47064320	47065264	8552,7317
23	47065264	47074527	8552
23	47077259	47089396	5127
23	47092089	47107727	8237
23	47229982	47248048	7712
23	47248048	47248176	7712,100124540
23	47248176	47273704	100124540
23	47305278	47342345	7592
23	47420516	47431303	369
23	47431303	47431307	369,6853
23	47431307	47441712	6853
23	47441712	47446188	7076,6853
23	47446188	47446828	7076
23	47446828	47446904	100616147,7076
23	47446904	47479252	100616147
23	47483612	47489704	5199
23	47494920	47510003	2002
23	47511197	47518232	8409
23	47518232	47518560	100133957,8409
23	47518560	47519776	100133957
23	47566590	47612855	392459
23	47696301	47834250	347344
23	47834250	47842756	7569,347344
23	47842756	47861960	57232,347344,7569
23	47861960	47863377	57232,7569
23	47863377	47863734	57232
23	47863734	47869126	57232,389852,729201
23	47869126	47931025	389852
23	47967367	47980068	280657
23	47990039	47991995	389852,729201
23	48045656	48056199	10214,6758,280658
23	48114752	48126879	6756
23	48156251	48165614	280660
23	48205863	48216142	10214
23	48242863	48252785	6759,548313
23	48261524	48271344	6759,548313
23	48316920	48328644	92745
23	48334541	48344752	24140
23	48364911	48367226	101927635
23	48367350	48379202	64840
23	48379546	48387104	10682
23	48397845	48420997	4943
23	48432837	48437454	5935
23	48448430	48463581	64743
23	48534985	48549818	7454
23	48553945	48567403	6839
23	48620154	48632064	392465
23	48644962	48652716	2623
23	48659784	48683392	10013
23	48687283	48688548	3266
23	48689504	48694035	27344
23	48750730	48755195	10245
23	48755195	48755426	10245,10084
23	48755426	48760420	10084
23	48760459	48769235	7355
23	48770459	48776301	11040
23	48779305	48815648	55593
23	48818639	48827976	3750
23	48830134	48858675	56850
23	48886242	48901012	7030
23	48911101	48927509	90060
23	48928813	48929385	11230
23	48929385	48931730	11152,11230
23	48931730	48958108	11152
23	48970334	48980151	27238
23	49019061	49024822	79917
23	49028273	49031151	5355
23	49031151	49031588	4007,5355
23	49031588	49042845	4007
23	49044269	49055425	6855
23	49055425	49056718	6855,100873921
23	49056718	49058913	100873921
23	49061523	49089833	778
23	49091927	49106897	28952
23	49106897	49106987	50943,28952
23	49106987	49121288	50943
23	49126306	49157929	89801
23	49160148	49176323	643832
23	49178536	49185863	100132399,729422,729431,729408,2577,2578,645073,729396,729442,2576,100008586
23	49188094	49195366	645051
23	49197607	49204923	26749,100101629
23	49207160	49214420	100101629,729408
23	49216659	49223943	2577,26748,2578,645073,2579,100008586,2576
23	49226182	49233481	2574,645037
23	49235708	49242997	2574,645037
23	49296814	49304141	100132399,729422,729428,729431
23	49306370	49313697	100132399,729422,729428,729431
23	49315936	49323252	100132399,729422,729428,729431
23	49325479	49332808	2577,26748,2578,645073,2579,100008586,2576
23	49335037	49342357	2577,26748,2578,645073,2579,100008586,2576
23	49344586	49351904	729442
23	49354132	49361430	2574,729447
23	49363628	49373139	2577,2578,2543,2576
23	49452053	49460596	8712
23	49593863	49598576	9506
23	49641327	49643844	158572
23	49644470	49647166	389856
23	49687225	49767754	1184
23	49767754	49767844	693124,1184
23	49767844	49768109	693124
23	49768109	49768194	693124,406964
23	49768194	49773039	406964
23	49773039	49773122	574502,406964
23	49773122	49773572	574502
23	49773572	49773636	574502,574030
23	49773636	49774330	574030
23	49774330	49774413	574503,574030
23	49774413	49775279	574503
23	49775279	49775357	574503,100422911
23	49775357	49777849	100422911
23	49777849	49777945	724030,100422911
23	49777945	49779206	724030
23	49779206	49779291	574504,724030
23	49779291	49863892	574504
23	49955406	49965664	8852
23	49967364	50094909	85417
23	50334647	50557302	57477
23	50653784	50659607	9210
23	50838690	50914232	101926971
23	51075083	51080377	170685
23	51232863	51239448	55190
23	51453887	51455227	389857,441495
23	51486481	51489324	23708
23	51546103	51645453	9500
23	51804923	51806443	81557,101340250,728239,100124541
23	51806443	51806570	81557,100124541,101340250,728239,100124541
23	51806570	51812368	101340250,100124541
23	51927919	51933717	81557,101340250,728239,100124541
23	51933717	51933844	81557,100124541,101340250,728239,100124541
23	51933844	51935364	101340250,100124541
23	52112173	52118823	728242,9502,101060193
23	52235228	52243954	653048,653219,9503,653067,653220
23	52255219	52260363	653048,653219,9503,653067,653220
23	52380351	52387001	728242,9502,101060193
23	52511761	52516905	653048,653219,9503,653067,653220
23	52528159	52533303	653048,653219,9503,653067,653220
23	52541053	52546197	653048,653219,9503,653067,653220
23	52651985	52662998	280659
23	52673140	52683950	280658
23	52725946	52736239	727837,6757
23	52780318	52790617	727837,6757
23	52825184	52827141	494197
23	52841228	52847325	170627
23	52891557	52897099	170626
23	52920336	52937587	29057,727866
23	52976462	53024651	29057,727866
23	53078273	53109797	54328
23	53111549	53117722	64061
23	53220503	53254604	8242
23	53262058	53350522	23096
23	53401070	53449639	8243
23	53449639	53449677	8243,158787
23	53449677	53458059	158787
23	53458206	53461320	3028
23	53559057	53583184	10075
23	53583184	53583302	407054,10075
23	53583302	53584153	407054
23	53584153	53584235	407054,406889
23	53584235	53713673	406889
23	53963109	54075391	23133
23	54094757	54209714	54954
23	54219256	54385075	65267
23	54466834	54471887	90121
23	54471887	54471920	2245,90121
23	54471920	54522599	2245
23	54556644	54587504	54552
23	54775332	54824673	347365
23	54834032	54840803	10916
23	54840803	54840930	677799,10916
23	54840930	54842445	677799
23	54946895	54957864	7216
23	54959394	55024967	5207
23	55026790	55035488	27301
23	55035488	55035490	27301,212
23	55035490	55057497	212
23	55101496	55105342	389860
23	55115441	55119275	203569
23	55169535	55187743	90736
23	55207824	55208944	100463488
23	55246788	55250541	90737
23	55478538	55479998	28986
23	55511049	55515635	158880
23	55649833	55652621	139628
23	55681142	55683447	139629
23	55744172	55785207	10325
23	56258854	56314322	11279
23	56590026	56593443	29978
23	56755692	56844813	550643
23	57002803	57021970	169981
23	57144984	57147980	54466,474343
23	57160963	57164058	54466
23	57313139	57515629	158584
23	57618269	57623906	158586
23	57931864	57937067	7789
23	62563106	62567107	92249
23	62567107	62571223	92249,139886
23	62571223	62780951	139886
23	62854847	63005426	23229
23	63005882	63005967	100302115
23	63404997	63425624	139285
23	63444076	63444187	142689
23	63444187	63450511	142689,55613
23	63450511	63615333	55613,142689
23	64136250	64254593	55906
23	64708615	64727767	340554
23	64732462	64754655	81887
23	64770778	64772301	83957
23	64808257	64961791	4478
23	65238712	65238821	407008
23	65241580	65259967	11326
23	65382391	65488709	9843
23	65815479	65859108	60401
23	66764465	66950461	367
23	67262186	67653755	4983
23	67718165	67757127	286451
23	67867508	67945684	9754
23	68048840	68061990	1947
23	68380694	68385636	64219
23	68399400	68429767	100996279
23	68725084	68752351	27112
23	68835911	69242707	1896
23	69242707	69242773	100500887,1896
23	69242773	69259319	100500887
23	69260392	69269788	158835
23	69282341	69284029	139562
23	69353299	69386174	3476
23	69397333	69425395	347516
23	69454505	69460477	158833
23	69478016	69479654	5030
23	69488155	69501690	407
23	69501943	69504852	347517
23	69506445	69509879	51248
23	69509879	69510364	24137,51248
23	69510364	69640682	24137
23	69642881	69653240	54857
23	69664711	69672808	1741
23	69672808	69675844	100873930,1741
23	69675844	69725337	100873930
23	69748790	70128581	56159
23	70145432	70150975	84889
23	70279094	70288273	29934
23	70316047	70323385	4303
23	70323739	70326638	158830
23	70327254	70331958	3561
23	70338406	70362303	9968
23	70364681	70391051	54413
23	70435044	70445366	2705
23	70459474	70474996	9203
23	70503042	70521018	4841
23	70521584	70525221	26548
23	70586114	70711529	6872
23	70711529	70712778	27160,6872
23	70712778	70752224	27160
23	70752933	70795747	8473
23	70798261	70833433	93953
23	70835766	70838367	2833
23	70939766	70940650	101928194
23	70980625	70981509	101928194
23	71130938	71346958	340527
23	71346958	71351758	340527,340526
23	71351758	71363424	340526
23	71401203	71424510	5303
23	71424510	71458897	54821,5303
23	71458897	71475529	54821
23	71475529	71497150	6191,54821
23	71497150	71521488	6191
23	71521488	71522776	6191,4435
23	71522776	71527037	4435
23	71549366	71792953	55869
23	71798664	71908800	5255
23	71908800	71932190	5255,101928259
23	71932190	71934167	101928259
23	71996833	71997432	728656,63947
23	71997432	71998921	728656,63947,653687,203429
23	71998921	72001689	653687,203429
23	72001689	72002484	100129407,653687,203429
23	72002484	72068636	100129407
23	72091859	72158003	728656,63947
23	72158003	72158798	728656,100129407,63947
23	72158798	72163653	100129407
23	72223352	72225551	340529,645974
23	72297115	72299351	340529,645974
23	72432135	72434684	4674
23	72667090	72675081	1046
23	72744111	72782921	139201
23	72783036	72906937	53344
23	73012040	73040486	9383
23	73040486	73049066	7503,9383
23	73049066	73072588	7503
23	73164159	73183790	554203
23	73183790	73290243	554203,100302692
23	73290243	73438212	100302692
23	73438212	73438296	100302692,693122
23	73438296	73438382	693122
23	73438382	73438453	100500807,693122,100126317
23	73438453	73506939	100500807,100126317
23	73506939	73507044	664614,100500807,100126317
23	73507044	73507121	664614
23	73507121	73507192	664614,442919
23	73507192	73513409	442919
23	73524025	73524868	389874
23	73641085	73753752	6567
23	73805052	73834452	51132
23	73952684	74145282	340533
23	74273115	74376567	22
23	74493920	74524435	139596
23	74546607	74547834	646127,101060322
23	74588262	74743337	158866
23	75002823	75005079	139599
23	75392771	75398039	51260
23	75648046	75651744	57692
23	76225829	76225926	442899
23	76760356	77041702	546
23	77081861	77151090	84061
23	77154935	77162870	1349
23	77166194	77223458	538
23	77223458	77225135	538,441531
23	77225135	77305892	441531
23	77320685	77384793	5230
23	77385245	77395203	51616
23	77526961	77583048	10800
23	77911566	77914825	203430
23	78003206	78012591	2846
23	78200829	78217451	27334
23	78426469	78427726	84636
23	78615881	78623164	9452
23	79270255	79287268	50945
23	79591003	79700810	169966
23	79926353	80065187	254065
23	80184999	80185846	7416
23	80369200	80457441	79366
23	80457442	80554046	6451
23	82763269	82764775	5456
23	83116154	83141705	1538
23	83318984	83442933	27330
23	83480760	83480836	100302191
23	83572882	83757487	139324
23	84189157	84189896	100131816
23	84258832	84343069	139322
23	84347293	84364054	340562
23	84465712	84474704	101928128
23	84498997	84528368	7552
23	84532402	84634748	79983
23	85116185	85158641	1121
23	85158641	85158712	1121,494323
23	85158712	85302566	494323
23	85403462	86087607	117154
23	86772752	86925050	56062
23	86958277	86959307	653162,388524
23	88002226	88009786	53336
23	89176881	89177882	90316
23	90689594	90693583	140886
23	91034260	91878229	27328
23	92925929	92928567	4675
23	92929012	92967273	286499
23	94318140	94318225	100313772
23	95939662	96138907	1730
23	96138907	96140446	29935,1730
23	96140446	96859996	29935
23	98716600	98976156	442459
23	99546642	99665271	57526
23	99839799	99854882	64102
23	99883667	99894988	7105
23	99899215	99926296	27286
23	99929488	99987110	94121
23	100075384	100095921	1478
23	100098313	100110277	27035
23	100110277	100111368	3178,27035
23	100111368	100129334	3178
23	100168431	100184422	402415
23	100224697	100245818	392509
23	100264335	100307105	79979
23	100333709	100351353	59353
23	100353178	100418670	2491
23	100474758	100519486	1821
23	100523241	100548059	54457
23	100600649	100604184	1678
23	100604435	100641183	695
23	100645812	100651105	100529097,6173
23	100652791	100662913	2717
23	100663283	100669121	100529097,3188
23	100673275	100788446	100131755
23	100805514	100809683	51309
23	100870110	100872991	54470
23	100877787	100882833	51566
23	100888994	100889100	100873747
23	100910267	100914876	9823
23	101087085	101112549	55998
23	101137262	101187004	84460
23	101380660	101382683	140597
23	101395448	101397942	158931
23	101408680	101411029	340542
23	101470280	101567445	728343,56001,100996648
23	101567445	101581634	728343,56001
23	101615316	101629549	728343,56001
23	101629549	101726732	728343,56001,100996648
23	101768604	101771712	286527,11013
23	101804893	101826623	55999
23	101854096	101859087	64860
23	101906294	101914011	9737
23	101967104	101973607	114928,100528062
23	101975616	102008468	80823
23	102024089	102140334	100287765
23	102192200	102193228	282808
23	102317579	102319168	55859
23	102330738	102348157	56000
23	102470020	102472174	56271
23	102507923	102510131	90843
23	102528619	102531800	340543
23	102564274	102565974	84707
23	102585124	102587254	56849
23	102611373	102613397	51186
23	102631268	102633005	27018
23	102754678	102774417	142684
23	102831159	102842657	79921
23	102862379	102883632	85012
23	102883632	102884618	9338,85012
23	102884618	102885881	9338
23	102930424	102942212	9643
23	102942212	102943086	9643,340544
23	102943086	102946700	340544
23	102962152	102965837	441509
23	102965837	102968956	203562,441509
23	102968956	102983583	203562
23	103028647	103047548	5354
23	103077252	103087158	51209
23	103172005	103173479	100128594
23	103173479	103174131	100128594,11013,286527
23	103174131	103229570	286527,11013
23	103265719	103268259	158983
23	103268269	103297021	286436
23	103343898	103356822	401612
23	103356822	103360533	644353,401612
23	103360533	103401708	644353
23	103411301	103440583	139231
23	103494719	103499614	80712
23	103810996	104463611	26280
23	104463611	104465358	56157,26280
23	104465358	105011822	56157
23	105066536	105202602	203447
23	105277197	105282729	6906
23	105412298	105452949	139221
23	105855160	105883044	55086
23	105883044	105883126	100616144,55086
23	105883126	105922672	100616144
23	105937024	106040223	79589
23	106045910	106057101	54885
23	106057101	106119375	54885,79710
23	106119375	106143293	79710
23	106143293	106143394	92129,79710
23	106143394	106146565	9075,92129,92129
23	106146565	106174091	9075,92129
23	106174091	106243474	92129
23	106307650	106362057	55285
23	106366657	106449670	54830
23	106449862	106487473	139212
23	106765680	106848481	101930538,84443
23	106871737	106894256	5631
23	106956451	107020572	1831
23	107068985	107137827	11043
23	107137827	107170423	11043,101928335
23	107170423	107179210	101928335
23	107224094	107225600	56156
23	107288200	107322414	340547
23	107327437	107334848	5716
23	107334898	107386780	115201
23	107386780	107397901	115201,1288
23	107397901	107682727	1288
23	107683074	107940775	1287
23	107975712	107979651	8471
23	108616135	108725301	2986
23	108779010	108787919	55916
23	108866929	108867473	23630
23	108867473	108868393	2182,23630
23	108868393	108976632	2182
23	109245859	109298557	84187,101928589
23	109298557	109298654	101928589,84187,724022
23	109298654	109325346	724022
23	109325346	109325446	100616491,724022
23	109325446	109425962	100616491
23	109437414	109468213	9949
23	109468213	109468291	692226,9949
23	109468291	109602044	692226
23	109602044	109683461	692226,57529
23	109683461	109699562	57529
23	109763540	109766249	6998
23	109917084	110039286	91851
23	110187513	110470589	5063
23	110488331	110513751	827
23	110537007	110655603	1641
23	110754890	110765627	401613
23	110909043	111003877	79868
23	111017543	111326004	7224
23	111697727	111700473	340595
23	111873876	111923375	340596
23	112017731	112023946	154796
23	112023946	112024016	100423009,154796
23	112024016	112084043	100423009
23	113818551	113865259	3358
23	113865259	113865386	3358,677816
23	113865386	113873918	677816
23	113873918	113874002	100313838,677816
23	113874002	113886019	100313838
23	113886019	113886098	100313838,100302144
23	113886098	113949650	100302144
23	113949650	113949761	100302144,100302153
23	113949761	113997744	100302153
23	113997744	113997823	100302222,100302153
23	113997823	114058017	100302222
23	114058017	114058127	100302222,554212
23	114058127	114144624	554212
23	114238538	114254540	3598
23	114345185	114423963	57631
23	114423963	114427431	139804,57631
23	114427431	114468635	139804
23	114524293	114542121	51213
23	114752490	114795501	101927352
23	114795501	114797058	5358,101927352
23	114797058	114885181	5358
23	115301975	115306225	186
23	115567790	115592625	11254
23	115592849	115594164	203413
23	117031776	117251303	90293
23	117480036	117520357	54521
23	117520357	117520434	100302214,54521
23	117520434	117583924	100302214
23	117629861	117820126	139818
23	117861535	117928502	3597
23	117957753	117960931	170261
23	117973519	118015978	101928287
23	118108581	118152318	79836
23	118212598	118284542	57481
23	118370216	118378429	10857
23	118425492	118469573	101928336
23	118533023	118588441	203427
23	118599997	118602363	100303728
23	118602363	118603061	100303728,292
23	118603061	118605282	292
23	118672112	118699397	63932
23	118708501	118718381	7319
23	118722300	118739858	55922
23	118749687	118780701	23157
23	118780701	118780811	768218,23157
23	118780811	118827333	768218
23	118892576	118894164	347454
23	118920467	118921316	6170
23	118921316	118921447	26779,6170
23	118921447	118925606	26779
23	118967985	118986961	65109
23	119004497	119005450	7737
23	119005450	119005791	4694,7737
23	119005791	119010625	4694
23	119029800	119054679	158798
23	119059014	119077735	79576
23	119205848	119211707	727940
23	119243011	119249847	158800
23	119254863	119292467	158801
23	119292467	119297945	158801,84528
23	119297945	119379122	84528
23	119384607	119392253	10009
23	119392505	119445411	55026
23	119495967	119516226	23439
23	119561682	119603220	3920
23	119658464	119709649	8450
23	119727865	119754929	28985
23	119759648	119764005	29071
23	120006457	120009779	643311
23	120011344	120066151	728042,255313,728062,728096,100507170,728082,728072,728049,653282,728090,728036,728075
23	120067700	120071012	728042,255313,728062,728096,100507170,728082,728072,728049,653282,728090,728036,728075
23	120072561	120075873	728042,255313,728062,728096,100507170,728082,728072,728049,653282,728090,728036,728075
23	120077421	120080733	728042,255313,728062,728096,100507170,728082,728072,728049,653282,728090,728036,728075
23	120082282	120085594	728042,255313,728062,728096,100507170,728082,728072,728049,653282,728090,728036,728075
23	120087142	120090454	728042,255313,728062,728096,100507170,728082,728072,728049,653282,728090,728036,728075
23	120092019	120092025	728042,255313,728062,728096,100507170,728082,728072,728049,653282,728090,728075,728036
23	120092025	120095337	728042,255313,728062,728096,100507170,728082,728072,728049,653282,728090,728036,728075,728072
23	120095337	120100198	255313,728042,728062,100507170,728072,653282,728049,728036
23	120101746	120105058	728042,255313,728062,728096,100507170,728082,728072,728049,653282,728090,728036,728075
23	120106606	120109918	728042,255313,728062,728096,100507170,728082,728072,728049,653282,728090,728036,728075
23	120111460	120111466	728042,255313,728062,728096,100507170,728082,728072,728049,653282,728090,728075,728036
23	120111466	120114778	728042,255313,728062,728096,100507170,728082,728072,728049,653282,728090,728036,728075,728072
23	120114778	120119642	255313,728042,728062,100507170,728072,653282,728049,728036
23	120181462	120183794	2747
23	120504826	120504907	100500869
23	122318006	122624766	2892
23	122734412	122866906	57187
23	122993574	123047829	331
23	123093083	123094062	101928402
23	123094062	123095191	10735,101928402
23	123095191	123480194	10735
23	123480194	123507005	10735,4068
23	123507005	123509753	4068
23	123509753	123556514	10178,4068
23	123556514	124097666	10178
23	125243745	125249545	101928495
23	125298337	125300080	340578
23	125683369	125686834	139170
23	125953747	125955769	100130613
23	127184943	127186382	139741
23	128580480	128657477	6594
23	128673826	128726538	4952
23	128779240	128788933	8862
23	128872950	128903514	7512
23	128913955	128929177	54440
23	128937264	128977885	51114
23	129040097	129063737	10813
23	129115083	129192058	63035
23	129198849	129244691	2000
23	129263337	129299861	9131
23	129305623	129318844	9363
23	129336685	129402873	55609
23	129473874	129507335	9016
23	129518319	129519511	139760
23	129535943	129547317	51634
23	129757350	130037208	10495
23	130192216	130223857	158763
23	130407480	130533677	3547
23	130677950	130679030	347468
23	130836678	130964671	286467
23	131157293	131209971	51765
23	131211021	131262048	90167
23	131337053	131351175	57826
23	131351175	131353471	57826,101928578
23	131353471	131503345	101928578
23	131503345	131566890	55796,101928578
23	131566890	131623996	55796
23	131760044	131801670	90161
23	131801670	131803916	90161,100874102
23	131803916	132095423	100874102
23	132158659	132231137	83844
23	132350697	132352376	51270
23	132434131	132549518	2239
23	132669773	133119922	2719
23	133303408	133303482	574031
23	133303568	133303642	407049
23	133303701	133303797	406981
23	133303839	133303907	574032
23	133304064	133304146	574033
23	133304228	133304308	406899
23	133371077	133380237	347475
23	133406317	133407688	101930469,101930014
23	133507283	133562820	84295
23	133594183	133654543	3251
23	133674215	133674292	100126302
23	133674371	133674461	554214
23	133674538	133674637	574505
23	133675371	133675467	664617
23	133677367	133680358	494336,84848
23	133680358	133680428	494336,574506,84848
23	133680428	133680741	574506
23	133684003	133693953	100506757
23	133699868	133898352	10761
23	133903596	133930819	159090
23	133930819	133931262	159090,159091
23	133931262	133988640	159091
23	134021656	134049297	56180
23	134083579	134087412	340581
23	134124968	134126501	644538
23	134154543	134156559	441518
23	134166333	134167576	8933
23	134184962	134186226	26071
23	134193715	134229058	100287728,101805489
23	134229058	134232664	101805489,100287728,644596
23	134232664	134252881	644596
23	134252881	134254454	101928677,100129515,644596
23	134254454	134257880	101928677,100129515
23	134290461	134305322	54967
23	134382867	134478012	7626
23	134478721	134497077	203523
23	134530354	134531689	100506790
23	134555868	134561999	399668
23	134654584	134716435	203522
23	134847185	134857354	441519,101060208,541466,101060211,728911
23	134866214	134874614	441519,101060210,101060208,441521,441520,101060211,728911
23	134883488	134891885	441519,541466,101060211,728911
23	134928331	134945598	101060210,541465,441520,728911
23	134945598	134953994	101060210,541465,441521,441520,728911
23	134962849	134971244	541465,441520
23	134971374	134995220	55511
23	135044229	135056222	93380
23	135067598	135129423	10479
23	135229559	135293518	2273
23	135295381	135338641	79649
23	135383122	135519215	139378
23	135570046	135575939	680
23	135579238	135594505	27336
23	135614311	135633037	51442
23	135633037	135633119	100126324,51442
23	135633119	135638966	100126324
23	135721702	135724588	100128420
23	135730352	135742549	959
23	135747706	135864247	9459
23	135930163	135961358	26787,27316,101928747
23	135961358	135961430	26787,101928747,27316,26787
23	135961430	135962923	26787,101928747,26787
23	136112307	136113833	83550
23	136648301	136659850	7547
23	137713735	137749872	2258
23	137749872	137749954	2258,574507
23	137749954	137793614	574507
23	137793614	137798779	574507,100129662
23	137798779	138304939	100129662
23	138529050	138529835	6719
23	138612917	138645617	2158
23	138663929	138790386	4168
23	138808505	139006307	286410
23	139006307	139006390	574508,286410
23	139006390	139027435	574508
23	139037884	139047679	347487
23	139585152	139587225	6658
23	139763271	139769870	101928833
23	139791932	139854844	286411
23	139865425	139866723	1038
23	140008337	140008384	100302169
23	140084756	140085871	100133171,728695
23	140096761	140097876	100133171,171490,728695
23	140212215	140212321	26827,26826,101954271
23	140269934	140271310	23641
23	140335596	140336629	171489,64663
23	140590843	140671796	619455
23	140671796	140673133	728712,30014,619455
23	140673133	140677562	30014
23	140677562	140678899	30014,728712
23	140678899	140713994	30014,728712
23	140713994	140714863	728712,30014,645188
23	140714863	140738057	645188
23	140785568	140786896	64648,171489
23	140926102	140985618	139081
23	140991680	140997174	9947
23	141290131	141293076	51438
23	142113704	142122488	441525
23	142596564	142605303	139067
23	142710596	142723596	139065
23	142795055	142804516	494119
23	142967173	142968355	389898
23	144328348	144337632	494118
23	144899350	144907360	84631
23	144908928	144911368	9142
23	145074271	145074343	102466721
23	145075793	145075869	100126303
23	145076302	145076378	100126306
23	145078187	145078261	100126342
23	145078716	145078792	100126307
23	145082571	145082649	100126304
23	145109312	145109390	100126341
23	146271222	146271305	100302114
23	146280562	146280645	100313822
23	146294981	146295109	574509
23	146307344	146307470	574510
23	146312238	146312361	574511
23	146312502	146312595	574512
23	146318431	146318545	574513
23	146331669	146331748	100422847
23	146340278	146340368	100126301
23	146341170	146341244	100126337
23	146342050	146342143	100126301,574514
23	146353853	146353926	574515
23	146360765	146360862	574516
23	146363461	146363548	574517,574518
23	146366159	146366246	574517,574518
23	146990949	146993335	100126270
23	146993469	147032645	2332
23	147062849	147108187	158521
23	147582139	148082193	2334
23	148558521	148609130	3423
23	148609130	148615470	3423,100131434
23	148615470	148621900	100131434
23	148621900	148622504	100131434,91966
23	148622504	148632055	91966
23	148663309	148669116	728269,4108
23	148674172	148676974	100130086,100506164
23	148678216	148713568	84548
23	148769894	148798926	4110
23	148855726	148858525	100130086,100506164
23	148863584	148869397	728269,4108
23	149009941	149014609	4107
23	149097745	149106846	541578
23	149106846	149107029	541578,100272228
23	149107029	149392815	100272228
23	149396239	149396318	100313839
23	149529689	149682448	10046
23	149737069	149841795	4534
23	149861435	149933576	8776
23	149934810	150067289	83692
23	150148982	150159248	3149
23	150336694	150336798	100422930
23	150345125	150349937	9248
23	150564987	150577836	203547
23	150732094	150845211	139135
23	150863596	150874396	79057
23	150884507	150891666	89885
23	150906923	150913776	1260
23	151080981	151093642	4103
23	151121596	151127050	2564,407009,574412
23	151127050	151127130	2564,407009,574412,407009
23	151127130	151128100	2564,407009,407009
23	151128100	151128184	2564,407009,574412,407009
23	151128184	151143152	2564,407009,574412
23	151301782	151307033	4109
23	151334706	151560691	2556
23	151560691	151560771	406897,2556
23	151560771	151561893	406897
23	151561893	151562001	768215,406897
23	151562001	151562884	768215
23	151562884	151562964	768215,406898
23	151562964	151619830	406898
23	151867214	151870825	4105
23	151883082	151887096	4101,266740
23	151895976	151899293	100130935
23	151899293	151903136	4111,100130935,101060230
23	151903136	151903184	4111,101060230
23	151903228	151909518	389903,728461,158511
23	151918387	151922364	4101,266740
23	151934652	151938240	4102,4105
23	151995517	151999321	1069
23	151999511	152038273	50814
23	152082986	152142024	7739
23	152157368	152162671	114824
23	152224766	152228827	29944
23	152240819	152240839	100287428
23	152240839	152243399	100287428,84968
23	152243399	152243996	84968
23	152243996	152245978	100287428,84968
23	152245978	152340864	100287428
23	152341458	152343394	100287428,84968
23	152481522	152486115	4100
23	152599613	152625568	10838
23	152683780	152687087	139735
23	152710178	152713124	11219
23	152713124	152736045	11219,55559
23	152736045	152751314	55559
23	152751314	152752546	55559,100509091
23	152752546	152760397	100509091
23	152760397	152760978	633,100509091
23	152760978	152775012	633
23	152783134	152848397	492
23	152853377	152865500	92002
23	152907946	152916781	1852
23	152935185	152953554	139728
23	152953554	152954465	139728,6535
23	152954465	152962048	6535
23	152965947	152990152	10134
23	152990323	153010216	215
23	153029651	153041867	5365
23	153041867	153044801	5365,26576
23	153044801	153051187	26576
23	153051221	153058971	3421
23	153058971	153059978	3421,6748
23	153059978	153063960	6748
23	153067621	153096020	57595
23	153126969	153146127	3897
23	153146127	153154444	100996465,3897
23	153154444	153167985	100996465
23	153167985	153172620	100996465,554
23	153172620	153172821	554
23	153172821	153174677	554,393
23	153174677	153194695	393
23	153194695	153200452	8260,393
23	153200452	153200676	8260
23	153200716	153210232	5973
23	153213004	153237258	3054
23	153237778	153246548	8269
23	153246548	153246628	100422987,8269,100422877
23	153246628	153248646	100422877
23	153275951	153285371	3654
23	153285371	153285431	3654,100313781
23	153285431	153285440	100313781
23	153287024	153363212	4204
23	153409698	153424507	5956
23	153424682	153445634	1527,101060234
23	153448107	153461633	101060233,2652,728458
23	153461812	153482755	1527,101060234
23	153485225	153498755	101060233,2652,728458
23	153498930	153523796	1527,101060234
23	153524024	153558700	8277
23	153576892	153603006	2316
23	153607557	153609883	2010
23	153618315	153628622	26778,6134
23	153628622	153628756	26778,6134,26778
23	153628756	153629579	26778
23	153629579	153637504	26778,1774
23	153637504	153639854	1774
23	153639854	153640449	6901,1774
23	153640449	153650065	6901
23	153656537	153656795	158960
23	153656978	153664862	537
23	153665266	153671814	2664
23	153672473	153679002	9130
23	153686621	153701989	55558
23	153706028	153707596	8270
23	153712056	153715009	8266
23	153715645	153719016	8273
23	153733350	153744566	60343
23	153759606	153769414	2539
23	153769414	153775787	8517,2539
23	153775787	153796782	8517
23	153813407	153815075	246100,1485
23	153845865	153847533	246100,1485
23	153880246	153881853	30848
23	153903529	153979858	139716
23	153991031	153996803	100847052,677835,1736
23	153996803	153996934	677817,100847052,677835,1736
23	153996934	154003273	100847052,1736
23	154003273	154003401	100847052,677835,1736
23	154003401	154005964	100847052,677835,1736
23	154006959	154049282	4354
23	154051623	154062937	100132963
23	154064063	154113317	2157
23	154113317	154113833	474382,2157
23	154113833	154114635	474382
23	154114635	154115635	474382,8263,474384,474383
23	154115635	154115733	100302111,474383,8263,100422985,474384,100422977
23	154115733	154116335	100302111,8263,100422977,100422985
23	154116335	154254255	100302111
23	154254255	154255215	100302111,65991
23	154255215	154288578	65991
23	154289897	154299637	4515,100272147
23	154299637	154299695	4515
23	154299695	154351349	4515,79184
23	154351349	154376212	79184
23	154425284	154468098	7411
23	154487526	154493874	116442
23	154505500	154563966	1193
23	154610428	154610944	474381,83740
23	154611749	154612749	8263,474384,474383
23	154612749	154612847	100302111,8263,100422977,100422985,474384,474383
23	154612847	154613449	100302111,474384,474383
23	154686576	154687178	8263,474384,474383
23	154687178	154687276	100302111,8263,100422977,100422985,474384,474383
23	154687276	154688276	100302111,474384,474383
23	154689080	154689596	474381,83740
23	154695631	154719776	100507404,101927830
23	154719776	154841277	101927830,100507404,55217
23	154841277	154899605	55217
23	154997474	155012121	10251
23	155110956	155173433	6845
23	155227246	155240482	3581
