3	238279	405053	10752
3	405053	427478	10752,101927193
3	427478	451090	101927193
3	577914	887698	101927215
3	1134260	1445901	27255
3	2140497	2152093	152330
3	2152093	2185925	152330,100873976
3	2185925	3099645	100873976
3	3111233	3168297	3568
3	3168600	3190676	51095
3	3190676	3192563	51095,51185
3	3192563	3221394	51185
3	3742498	3841121	285362
3	3841121	3889387	57633,285362
3	3889387	4344988	57633
3	4344988	4359251	57633,6419
3	4359251	4508965	6419
3	4532575	4534847	100996539
3	4535032	4790876	3708
3	4790876	4793274	100126791,3708
3	4793274	4889524	100126791
3	4938493	5020801	100507582
3	5020801	5021646	8553,100507582
3	5021646	5027008	8553
3	5163905	5222596	55207
3	5229331	5261642	9695
3	5291862	5291940	100616334
3	6673376	6811688	101927347
3	6811688	6847136	100996542,2917,101927347
3	6847136	7783215	100996542,2917
3	7994492	8543393	100288428,101927394
3	8543393	8609805	100288428,101927394,29995
3	8609805	8613468	29995
3	8613468	8615561	29931,29995
3	8615561	8653610	29931
3	8661086	8729829	51066
3	8729829	8730845	51066,79315
3	8730845	8775486	79315
3	8775486	8786726	859,79315
3	8786726	8792094	859
3	8792094	8811314	5021,859
3	8811314	8812877	5021
3	8812877	8812973	5021,102465854
3	8812973	8817088	102465854
3	8817088	8883492	102465854,56852
3	8883492	9005457	56852
3	9022275	9234177	9901
3	9234177	9236137	9901,101927416
3	9236137	9258579	101927416
3	9258579	9259771	101927416,100288831
3	9259771	9334272	100288831
3	9334272	9391373	101930660,100288831
3	9391373	9404526	101930660,440944,101930660
3	9404526	9404737	101930660,440944,25917
3	9404737	9404987	101930660,440944,25917
3	9404987	9428475	440944,25917
3	9428475	9439299	440944
3	9439299	9440263	440944,55209
3	9440263	9520924	55209
3	9543481	9595486	375323
3	9691117	9744077	64419
3	9745491	9771592	151835
3	9773413	9789702	7862
3	9791628	9799026	4968
3	9799026	9811676	4968,8536
3	9811676	9821544	8536
3	9821544	9829903	8536,10474
3	9829903	9834179	10474
3	9834179	9834695	10093,10474
3	9834695	9834766	10093
3	9834766	9849410	10093,100526693
3	9849410	9849770	10093,100526693
3	9849770	9877085	100526693,10093,26140
3	9877085	9879533	26140
3	9879533	9886286	26140,285367
3	9886286	9896822	285367
3	9908398	9921938	63924
3	9932238	9936033	84522
3	9944296	9958086	132014
3	9958758	9975314	84818
3	9975506	9987097	78987
3	9987226	9989088	285368
3	9989088	9994078	285368,100874032
3	9994078	9996471	100874032
3	10004221	10028577	55831
3	10028577	10048674	55831,442075
3	10048674	10052800	442075
3	10055932	10068049	152302
3	10068098	10123001	2177
3	10123001	10143614	115795,2177
3	10143614	10149915	115795
3	10157276	10168874	55845
3	10182692	10193904	7428
3	10206549	10285427	3656
3	10289707	10322902	9797
3	10326103	10327359	84657
3	10327359	10327430	51738,84657
3	10327430	10327438	51738
3	10327438	10334631	51738,100126793
3	10334631	10334815	100126793
3	10334815	10335133	100126793,6396
3	10335133	10362862	6396
3	10365707	10371913	491
3	10371913	10371969	100422933,491
3	10371969	10436173	100422933
3	10436173	10436246	100422933,100126334
3	10436246	10749716	100126334
3	10801169	10805877	285370
3	10857885	10982419	6538
3	11034410	11047784	6529
3	11047784	11060910	6529,100874090
3	11060910	11080933	100874090
3	11178779	11305243	3269
3	11313995	11597544	10533
3	11597544	11599139	9686,10533
3	11599139	11762220	9686
3	11831916	11888393	132001
3	12194551	12200851	7079
3	12328867	12475855	5468
3	12525931	12556433	80746
3	12556433	12581122	80746,100129480
3	12581122	12598513	100129480
3	12598513	12602558	100129480,23609
3	12602558	12625100	23609
3	12625100	12625212	5894,23609
3	12625212	12705725	5894
3	12775024	12810956	55287
3	12837971	12875984	23066
3	12875984	12881811	6161,23066
3	12881811	12881949	619563,6161,23066
3	12881949	12883087	619563
3	12883087	12913415	6161
3	12938719	13114617	9922
3	13357737	13461809	23225
3	13521224	13547916	79885
3	13573824	13679922	2199
3	13692196	13788132	285375
3	13857755	13921618	7476
3	13974553	13978977	100132526
3	14153580	14166370	131474
3	14166440	14185179	79188
3	14186647	14219858	7508
3	14219858	14220283	7508,27258
3	14220283	14242619	27258
3	14389951	14394068	101927565
3	14444076	14530857	6533
3	14693271	14714166	51244
3	14716606	14814541	84077
3	14840838	14852921	152274
3	14860469	14961854	152273
3	14961854	14975895	152273,100505641
3	14975895	14989091	100505641
3	14989091	14989931	100505641,7182
3	14989931	15083967	7182
3	15083967	15095107	64432,7182
3	15095107	15106842	64432
3	15111580	15140670	64145
3	15193340	15247466	344875
3	15247659	15294425	23473
3	15295691	15296360	100505696
3	15296360	15306000	100505696,9467
3	15306000	15382875	9467
3	15422782	15468862	131965
3	15468862	15482073	85403,131965
3	15482073	15484120	85403
3	15491640	15537746	8292
3	15537746	15537815	8292,100422868
3	15537815	15563258	100422868
3	15602211	15642848	26061
3	15642848	15643338	26061,686
3	15643338	15687329	686
3	15708743	15738805	23243
3	15738805	15738878	100422990,23243
3	15738878	15901278	100422990
3	15915278	15915356	693148
3	16216156	16273499	117248
3	16299485	16306479	285381
3	16306706	16355081	92106
3	16355081	16391806	23180,92106
3	16391806	16555533	23180
3	16577827	16582880	100996597
3	16628299	16711813	1618
3	16844159	16974688	23228
3	16974688	16974752	23228,100500913
3	16974752	17132086	100500913
3	17198654	18386879	9779
3	18386879	18486309	6304,9779
3	18486309	18486516	6304
3	18486516	18487080	101927805,101927777,101929587,6304
3	18487080	18959184	101927805,101927777,101929587
3	19189946	19356340	131096
3	19356340	19356423	100616291,131096
3	19356423	19577138	100616291
3	19920964	19988517	151651
3	19988571	20021453	5868
3	20021453	20026667	5868,151649
3	20026667	20053822	151649
3	20081515	20179057	8850
3	20179057	20179133	100422901,8850
3	20179133	20195896	100422901
3	20202085	20215736	151648
3	20215736	20227784	100874028,151648
3	20227784	20227919	100874028
3	20383960	20392420	101927829
3	21447218	21448175	391518
3	21459915	22414812	79750
3	23244511	23633284	7325
3	23847394	23932807	7324
3	23933151	23958036	28512
3	23958036	23965183	28512,6138
3	23965183	23986751	6138
3	23986751	23988082	9975,6138
3	23988082	24022109	9975
3	24137760	24144729	152024
3	24158651	24535578	7068
3	24535578	24536773	7068,644990
3	24536773	24541833	644990
3	24562853	24562926	100616448
3	25215823	25639423	5915
3	25639475	25706364	7155
3	25706364	25706398	7155,100616477
3	25706398	25706430	100616477
3	25760435	25824408	55768
3	25824408	25831530	55768,54995
3	25831530	25836025	54995
3	26664297	26752267	116135
3	27151576	27410951	152110
3	27414214	27525911	9497
3	27757440	27764206	8320
3	27872379	27875627	100996624
3	28283075	28356494	152100
3	28356494	28366633	64343,152100
3	28366633	28390618	64343
3	28390637	28579613	152098
3	28616282	28799831	645206
3	29305685	29322473	100873979
3	29322473	29332217	100873979,27303
3	29332217	30051886	27303
3	30566237	30568677	101928015
3	30647994	30735634	7048
3	30767692	30936257	339896
3	31574130	31679112	201595
3	31699382	31745550	114884
3	31745550	31763144	100874206,114884
3	31763144	32023263	100874206
3	32023263	32033120	100874206,344787
3	32033120	32119072	344787
3	32147181	32210205	23171
3	32280171	32411817	152189
3	32433163	32522804	112616
3	32522804	32524559	54918,112616
3	32524559	32544900	54918
3	32567463	32612366	51143
3	32726637	32815367	25904
3	32859510	32939318	131405
3	32993066	32997841	1233
3	33038100	33131913	2720,643853
3	33131913	33138293	2720,643853,643853
3	33138293	33138722	643853
3	33155471	33189265	100653071,10491
3	33191537	33260707	26032
3	33318517	33429828	25827
3	33429828	33445154	7342,25827
3	33445154	33482863	7342
3	33537737	33759848	23122
3	33839844	33911194	10015
3	34200826	34604369	101929859
3	35680437	35785968	10777
3	35785968	35786051	406916,10777
3	35786051	35835988	406916
3	36421836	36589499	6769
3	36753913	36781352	85443
3	36868311	36986548	9881
3	37027357	37034795	9852
3	37034823	37094117	4292
3	37094117	37107380	4292,9209
3	37107380	37225180	9209
3	37284668	37408242	2803
3	37427760	37476988	339883
3	37493606	37786923	3680
3	37786923	37865005	101928153,3680,101928187
3	37865005	37903271	101928187,101928153
3	37903451	38010895	10217
3	38010895	38010971	10217,407015
3	38010971	38025960	407015
3	38029550	38048679	50853
3	38048987	38071253	5333
3	38080696	38144620	9940
3	38144620	38165516	9940,30
3	38165516	38178733	30
3	38179969	38184513	4615
3	38206580	38296979	9943
3	38307303	38319806	9390
3	38323785	38360066	9389
3	38388251	38462839	9942
3	38492518	38495342	100128640
3	38495342	38496311	93,100128640
3	38496311	38534633	93
3	38537618	38583652	9941
3	38589548	38691164	6331
3	38738293	38835501	6336
3	38887260	38992052	11280
3	39093489	39138150	57599
3	39138150	39138155	64689,57599
3	39138155	39149152	64689
3	39149152	39149854	64689,199223
3	39149854	39180394	199223
3	39183346	39196053	64651
3	39224701	39234087	165904
3	39304985	39323226	1524
3	39371197	39375171	1237
3	39424839	39438842	54977
3	39448180	39449880	6044,574040,3921
3	39449880	39450030	3921,574040,6044
3	39450030	39454033	3921,574040
3	39508689	39570970	4336
3	39850405	40301812	25924
3	40351175	40353915	10289
3	40355293	40428647	285266
3	40428647	40470110	956,285266
3	40470110	40494820	956
3	40498783	40503861	9045
3	40518604	40531727	285267
3	40547483	40560227	253639
3	40566369	40616176	285268
3	41236328	41288090	1499
3	41288090	41301587	1499,54986
3	41301587	42003922	54986
3	42055294	42267381	22906
3	42299317	42307699	885
3	42438570	42452092	131375
3	42530791	42579059	7433
3	42589461	42623332	9117
3	42623332	42636606	51188,9117
3	42636606	42642106	51188
3	42642106	42642572	51188,4820
3	42642572	42690227	4820
3	42695176	42709072	92999
3	42727011	42734036	131377
3	42734155	42744319	152206,57467
3	42744319	42774067	152206
3	42774067	42788260	152206,100874114
3	42788260	42798669	100874114
3	42798669	42812104	25994,100874114
3	42812104	42814745	25994,729083
3	42814745	42815127	25994,729083
3	42815127	42846023	729083
3	42846244	42850975	1238
3	42850975	42897497	1238,100506243
3	42897497	42917633	1238,100506243,1582
3	42917633	42929466	1582
3	42929466	42947223	100506243
3	42947223	42960825	100506243,389114
3	42960825	42984284	389114
3	43020759	43101703	729085
3	43120724	43147568	84892
3	43328004	43391136	54861
3	43391136	43393454	54861,100873954
3	43393454	43396351	100873954
3	43396351	43466256	55129,100873954
3	43466256	43731605	55129
3	43731605	43733086	51099,55129
3	43733086	43775863	51099
3	44155704	44155802	406929
3	44283378	44373590	375337
3	44379611	44450943	285343
3	44481262	44519162	353274
3	44540462	44552128	285346
3	44596685	44619715	55888
3	44619715	44624975	285349,55888
3	44624975	44626380	285349
3	44626380	44641186	285349,10168
3	44641186	44689963	10168
3	44690219	44702283	7584
3	44754135	44765323	91392
3	44771088	44778575	115560
3	44779153	44803154	57456
3	44803209	44903361	56992
3	44903361	44903380	131616,56992
3	44903380	44903473	56992,693149,131616
3	44903473	44907162	693149
3	44907162	44914868	131616
3	44916100	44956482	7047
3	44956749	45016733	51304
3	45016733	45017677	23016,51304
3	45017677	45043040	23016
3	45043040	45077558	23016,7123
3	45077558	45077563	7123
3	45123770	45187914	64866
3	45265958	45267770	25907
3	45429998	45525466	23395
3	45525466	45551037	100885795,23395
3	45551037	45590913	100885795
3	45596886	45720535	8994
3	45720535	45727830	8994,644714
3	45727830	45730548	644714
3	45730548	45730626	22908,644714
3	45730626	45786916	22908
3	45796942	45838027	54716
3	45864808	45927996	54585
3	45927996	45944667	54585,10803
3	45944667	45957534	10803
3	45959396	45982425	79443
3	45982425	45989845	10663,79443
3	45989845	46037316	10663
3	46058516	46069234	2829
3	46205096	46243200	1232
3	46243200	46249887	1230,1232
3	46249887	46308197	1230
3	46395225	46402419	729230
3	46411633	46417697	1234
3	46448654	46454488	9034
3	46477136	46526724	4057
3	46538981	46542439	83597
3	46556913	46616045	79442
3	46616045	46621589	79442,6997
3	46621589	46668033	6997
3	46710487	46735194	259173
3	46742823	46752376	259236
3	46753605	46761073	29122
3	46761073	46777919	29122,100287362
3	46777919	46783582	100287362
3	46783582	46854048	377047,729756,100287362
3	46854048	46854064	377047,729756
3	46871032	46875585	339906
3	46899362	46919236	4634
3	46919236	46923659	5745,4634
3	46923659	46945287	5745
3	46963216	47021173	151903
3	47021173	47023500	23218,151903
3	47023500	47051193	23218
3	47053032	47054636	100129354
3	47057919	47205457	29072
3	47205987	47269516	285352
3	47269516	47288091	64147,285352
3	47288091	47324407	64147
3	47324407	47324941	64147,23276
3	47324941	47388306	23276
3	47422501	47454931	25930
3	47455203	47518616	22937
3	47537130	47555251	54859
3	47603729	47622282	10675
3	47626762	47823596	6599
3	47844399	47891045	22907
3	47891045	47891119	22907,100302232
3	47891119	47891685	100302232
3	47892182	48130769	4134
3	48198636	48229892	993
3	48238054	48238106	100616407
3	48264837	48266981	820
3	48282590	48332283	51385
3	48332283	48332865	101060195,51385
3	48332865	48334754	101060195
3	48334754	48340743	10201,101060195
3	48340743	48343175	10201
3	48348336	48357850	646424
3	48357850	48357949	646424,100313840
3	48357949	48369831	100313840
3	48413709	48442666	285231
3	48445261	48471594	5364
3	48473574	48481667	79714
3	48481667	48481866	51372,79714
3	48481866	48485616	51372
3	48488114	48506445	84126
3	48506445	48507115	84126,11277,84126
3	48507115	48509044	11277,84126
3	48509197	48542259	51246
3	48555117	48599160	5210
3	48599160	48599448	5210,90226
3	48599448	48601206	90226
3	48601506	48616335	1294
3	48616335	48616410	1294,100313843
3	48616410	48632700	100313843
3	48636435	48648409	7384
3	48658192	48659288	440955
3	48663156	48672926	102465495,65010
3	48673902	48681627	1951
3	48681627	48681713	100616112,1951
3	48681713	48700348	100616112
3	48701364	48723797	51517
3	48725436	48777786	51447
3	48782030	48885005	5576
3	48885005	48885279	100506637,5576
3	48885279	48889414	100506637
3	48894369	48936426	788
3	48955221	48956254	646450
3	48956254	48956818	646450,10425
3	48956818	49023815	10425
3	49027319	49044495	54681
3	49044495	49044587	54681,11180
3	49044587	49052921	11180
3	49052921	49053386	11180,55152
3	49053386	49057581	55152
3	49057581	49057667	55152,494337
3	49057667	49057892	494337
3	49057892	49058051	494337,25915
3	49058051	49058142	25915,406966,25915
3	49058142	49059726	25915,406966
3	49059726	49060928	406966
3	49061758	49066841	3615
3	49067140	49131796	54870
3	49133365	49142553	102465536,5859
3	49145479	49158371	10869
3	49158547	49170551	3913
3	49199968	49203754	64925
3	49209044	49213917	200942
3	49215065	49229291	646498
3	49235861	49295537	339834
3	49306035	49311553	375341,100422952
3	49311553	49311619	375341,100422952,100422952
3	49311619	49315264	100422952
3	49315264	49315342	100422952,7375
3	49315342	49378145	7375
3	49394609	49396033	2876
3	49396578	49449639	387
3	49449639	49450431	6988,387
3	49450431	49453908	6988
3	49454211	49460186	275
3	49460379	49466759	84276
3	49506146	49573048	1605
3	49586739	49591799	100132677
3	49591922	49708978	8927
3	49711435	49721380	327
3	49721380	49721396	327,4485
3	49721396	49726932	4485
3	49726932	49726934	4485,63891
3	49726934	49754267	63891
3	49754267	49754277	386724,63891
3	49754277	49758962	29925,63891,386724
3	49758962	49761349	29925,386724,386724
3	49761349	49761384	29925,386724
3	49761727	49823975	9807
3	49828165	49837268	389118
3	49840687	49842463	389119
3	49842640	49843570	7318,100847079
3	49843570	49843678	7318,100847079
3	49843678	49851379	100847079
3	49866034	49894007	10293
3	49895421	49907655	79012
3	49924435	49941299	4486
3	49946302	49967606	84315
3	49977440	50126341	10180
3	50126341	50137478	10180,10181
3	50137478	50156454	10181
3	50192478	50210759	6405
3	50210759	50210852	693151,6405
3	50210852	50226508	693151
3	50229045	50233949	2779
3	50263724	50296787	2771
3	50304073	50304803	101928931
3	50304990	50314977	102465526,7869
3	50316458	50325163	132228
3	50325163	50325545	132228,7866
3	50325545	50330262	7866
3	50330262	50330349	8372,7866
3	50330349	50333833	8372
3	50333833	50336852	8372,24142
3	50336852	50336899	24142
3	50337320	50349812	3373
3	50355221	50357458	8692
3	50357458	50360337	11334,8692
3	50360337	50365682	11334
3	50367219	50378411	11186
3	50378541	50384283	51364
3	50384761	50388126	10641
3	50388126	50388522	10641,11068
3	50388522	50392180	11068
3	50392180	50395891	11068,11070
3	50395891	50397041	11070
3	50400233	50402765	9254
3	50402765	50405628	101928965,9254
3	50405628	50541675	101928965
3	50595462	50606583	51161
3	50606583	50608458	51409,51161
3	50608458	50622366	51409
3	50643921	50648951	1154
3	50648951	50649262	1154,7867
3	50649262	50686720	7867
3	50712511	50712594	100616138
3	50712672	51421629	1795
3	51422478	51426828	7873
3	51428731	51433298	29890
3	51433298	51435330	9730,29890
3	51435330	51534010	9730
3	51575160	51696709	23132
3	51696709	51702683	51368,23132
3	51702683	51738339	51368
3	51741086	51752629	2912
3	51812580	51813009	440956
3	51851619	51851620	100506840
3	51851620	51853651	100506840,401067
3	51853651	51864876	401067
3	51895645	51897440	389123
3	51907612	51907737	101928999
3	51907737	51909600	101928999,389124
3	51909600	51909783	389124
3	51928892	51937351	132141
3	51967446	51975957	9136
3	51976361	51982883	10039
3	51989330	51991470	118442
3	51991470	51991509	57060,118442
3	51991509	52002426	57060
3	52002526	52005442	84836
3	52005442	52009066	25864,84836
3	52009066	52015212	25864,84836,95
3	52015212	52017425	95,25864
3	52017425	52023199	95,95
3	52023199	52023213	95
3	52027616	52029958	6159
3	52082935	52090566	1849
3	52109269	52188706	25886
3	52232102	52248343	211
3	52255096	52262626	54106
3	52262626	52273183	11344,54106
3	52273183	52273274	11344
3	52273274	52273276	101929029,11344
3	52273276	52275113	101929029
3	52279841	52284613	132160
3	52288437	52302292	80335
3	52302292	52302379	80335,406890
3	52302379	52321105	406890
3	52321105	52322036	406890,132158
3	52322036	52328235	132158
3	52328235	52328324	406925,132158
3	52328324	52329272	406925
3	52350335	52434507	25981
3	52435029	52444366	8314
3	52444673	52457657	51533
3	52467069	52479101	56920
3	52485118	52488086	7134
3	52489134	52527087	11188
3	52529354	52558386	23166
3	52558386	52558511	23166,64943
3	52558511	52568029	64943
3	52568029	52569070	440957,64943
3	52569070	52579368	440957
3	52579368	52613253	440957,55193
3	52613253	52715172	55193
3	52715172	52719933	100113381,55193,26354
3	52719933	52723264	100113381,26354
3	52723264	52723331	100113381,692089,26354
3	52723331	52726752	692089
3	52726752	52726828	692089,692109
3	52726828	52728505	692109
3	52728505	52728508	55830,692109
3	52728508	52738971	55830
3	52738971	52740048	28972,55830
3	52740048	52742182	28972
3	52744800	52804965	6787
3	52811603	52826078	3697
3	52828784	52843025	3699
3	52846991	52865495	3700
3	52867130	52867137	389125
3	52867137	52869235	389125,100526772,375346
3	52869235	52870235	100526772,375346
3	52870235	52931578	100526772,375346,375346
3	52931578	52931612	375346
3	52937588	53080766	51460
3	53122499	53164478	91869
3	53190025	53226733	5580
3	53258723	53290068	7086
3	53317447	53381654	55802
3	53528683	53846362	776
3	53846362	53847760	55349,776
3	53847760	53880417	55349
3	53880607	53899827	55540
3	53901093	53916229	93973
3	53918437	53926015	58515
3	54156574	54666149	55799
3	54666149	54673884	790952,100616234,55799
3	54673884	54908632	100616234
3	54908632	54935282	100616234,100874237
3	54935282	54952264	100874237
3	54952264	55001115	100874237,57408
3	55001115	55108584	57408
3	55499743	55523973	7474
3	55542336	55886520	26059
3	55886520	55886622	26059,100500875
3	55886622	56502391	100500875
3	56591189	56654161	285331
3	56654161	56655846	23272,285331
3	56655846	56717265	23272
3	56761446	56974068	50650
3	56974068	56994882	100874200,50650
3	56994882	57094469	100874200
3	57094469	57109460	100874200,353324
3	57109460	57113357	353324
3	57124010	57204334	54756
3	57231944	57260549	8820
3	57261765	57302375	26060
3	57302375	57307496	26060,142686
3	57307496	57326710	142686
3	57327727	57530071	201625
3	57542003	57552571	201626
3	57557090	57583947	378
3	57611184	57678816	201627
3	57678932	57682323	101929159
3	57741177	57914895	7871
3	57994127	58148274	2317
3	58148274	58156363	101929182,2317
3	58156363	58157982	101929182
3	58177984	58200424	1776
3	58223233	58281420	57406
3	58291974	58310422	11102
3	58318607	58411748	54899
3	58413357	58419584	5162
3	58477841	58488087	200845
3	58490863	58523046	8309
3	58549844	58613337	11170
3	58619673	58652575	131177
3	58703092	58810163	200844
3	58810163	59004819	101929238,200844
3	59004819	59035810	101929238
3	59735036	61237133	2272
3	61547243	62246540	5793
3	62246540	62283288	100506994,5793
3	62283288	62304648	100506994
3	62304648	62321888	100506994,57415
3	62321888	62355005	57415
3	62355356	62359999	55079
3	62384022	62861054	8618
3	62936105	63110738	285401
3	63213991	63409272	132204
3	63409272	63535727	132204,100874016
3	63535727	63602597	100874016
3	63638344	63664696	132203
3	63819546	63846321	80145
3	63846321	63847495	100874039,80145
3	63847495	63849579	100874039
3	63850233	63989138	6314
3	63989698	63996225	100507062
3	63996225	63997824	100507062,9861
3	63997824	64009658	9861
3	64053640	64064037	100652759
3	64064037	64073039	100287879,100652759
3	64073039	64079543	100287879
3	64079543	64088807	166336,100287879
3	64088807	64089146	166336
3	64089146	64091732	100874242,166336
3	64091732	64173220	100874242
3	64173220	64186641	100874242,100874243
3	64186641	64431152	100874243
3	64501333	64547014	56999
3	64547014	64573878	56999,101929335
3	64573878	64670585	101929335
3	64670585	64673676	101929335,100507098
3	64673676	64997143	100507098
3	65339200	65858490	9223
3	65858490	65879491	151877,9223
3	65879491	65910972	151877,9223,100873983
3	65910972	65940233	100873983
3	65940233	66024509	151877
3	66119285	66429221	115286
3	66429221	66438540	26018,115286
3	66438540	66551687	26018
3	67048727	67061634	84541
3	67410884	67705038	8801
3	67705121	67998137	101927111,101927090
3	68053359	68594776	407738
3	68780917	68981761	151647
3	69024365	69063112	285203
3	69068978	69098109	7110
3	69098109	69098186	100422859,7110
3	69098186	69101484	100422859
3	69103881	69129559	9039
3	69134095	69155217	10550
3	69156023	69172183	56203
3	69219141	69591734	23150
3	69788586	70017488	4286
3	70048728	70064469	101927152
3	71003844	71591121	27086
3	71591121	71591240	27086,100302112
3	71591240	71633140	100302112
3	71724567	71803201	317649
3	71803201	71803924	317649,2850
3	71803924	71805647	2850
3	71820807	71834357	60675
3	72084451	72200408	285286
3	72200408	72223483	201617,285286
3	72223483	72291716	201617
3	72420976	72496069	23429
3	72798428	72911065	55164
3	72937224	73045936	727936
3	73045936	73047289	727936,151987
3	73047289	73110810	151987
3	73110810	73112488	151987,55096
3	73112488	73118350	55096
3	73431584	73670864	23024
3	73670864	73674091	23024,101927249
3	73674091	73675149	101927249
3	74048956	74054760	101927346
3	74311719	74570291	5067
3	75263627	75263700	100616394,100846999
3	75470703	75484261	692099
3	75679914	75680009	100302212
3	75713481	75716371	651959,100288801
3	75721542	75728454	401074
3	75758794	75787431	100131827
3	75787431	75787514	100422955,100131827
3	75787514	75834734	100422955
3	75955846	77699115	6092
3	78646390	79557037	6091
3	79557037	79557119	100500877,6091
3	79557119	79816965	100500877
3	81043019	81144798	728290
3	81538850	81811312	2632
3	84687557	84930830	440970
3	85008132	85434860	253559
3	85434860	85434942	253559,100847077
3	85434942	85849137	100847077
3	85849137	85877200	100847077,100874037
3	85877200	86041333	100874037
3	86041333	86077157	100874038,100874037
3	86077157	86123579	100874038
3	86531093	86546146	101927494
3	86987119	87040269	389136
3	87275339	87275427	100616161
3	87276421	87304698	25978
3	87308554	87325737	5449
3	88039846	88042919	3355
3	88101094	88188254	8545
3	88188254	88193815	55279,8545
3	88193815	88198893	55279
3	88198893	88199035	55279,285237
3	88199035	88217879	285237
3	89156674	89531284	2042
3	93591881	93692910	5627
3	93698983	93733213	200894
3	93733213	93747454	415117,200894
3	93747454	93766680	415117
3	93766680	93774512	200895,415117
3	93774512	93781760	200895
3	93781760	93782233	200895,63899
3	93782233	93847389	63899
3	94657016	94871353	255025
3	95373267	95402037	100287639
3	96335981	96337000	100463486
3	96533425	97471304	285220
3	97483365	97519953	84100
3	97540884	97594132	131544
3	97595819	97660662	131544
3	97660662	97663810	84864,131544
3	97663810	97691301	84864
3	97705517	97754148	200959
3	97806017	97806946	81050
3	97851542	97852483	26341
3	97868170	97869249	403273
3	97887544	97888485	403274
3	97983088	97984200	79295
3	98001732	98002676	79310
3	98072698	98073663	403278
3	98109510	98110475	403277
3	98188324	98189420	26339
3	98216448	98216756	402135
3	98216756	98217496	56650,402135
3	98217496	98239976	56650
3	98239976	98241910	56650,1371
3	98241910	98250743	1371
3	98250743	98251960	2838,1371
3	98251960	98312567	2838
3	98433174	98451080	100874207
3	98451080	98451495	100874207,10402
3	98451495	98514785	10402
3	98514785	98523822	10402,131566
3	98523822	98523928	131566,100873741,131566
3	98523928	98540045	131566,100873741
3	98540045	98620533	100873741
3	98699902	98701940	100506377
3	99357319	99518070	1295
3	99536678	99548985	84319
3	99548985	99683158	11259,84319
3	99683158	99683242	100500859,11259,84319
3	99683242	99833357	100500859
3	99833357	99897447	11259
3	99904531	99913035	644444
3	99979844	100044095	55773
3	100053545	100075710	56954
3	100082275	100120037	9868
3	100120037	100120242	9868,348801
3	100120242	100175163	348801
3	100211463	100296288	55076
3	100328433	100414323	84873
3	100428205	100467810	10342
3	100468000	100712359	25890
3	100941390	101039404	50939
3	101043049	101232085	57337
3	101237711	101242731	131909
3	101280706	101285290	54931
3	101292939	101313281	57092
3	101367733	101395274	27107
3	101395274	101396339	100009676,27107
3	101396339	101398061	100009676
3	101399935	101405626	6152
3	101431316	101432035	285359
3	101442769	101489406	79598
3	101498046	101546835	91775
3	101546835	101547073	64332,91775
3	101547073	101579866	64332
3	101659703	101679202	152225
3	101679202	101716770	152225,152225
3	101818088	102198685	131368
3	103242877	103242960	100616336
3	105085753	105295744	214
3	105374305	105588396	868
3	106555658	106959488	100302640
3	106959539	106991458	344595
3	106991458	107045811	101929579,344595
3	107045811	107096188	101929579
3	107096188	107097481	101929579,84692
3	107097481	107101007	84692
3	107149777	107182759	101929607
3	107241783	107530171	56987
3	107559075	107600847	151658
3	107602095	107647754	285205
3	107762145	107809872	961
3	107844668	107857457	101929623
3	107879659	107941417	55081
3	108015376	108097132	11148
3	108099216	108248169	22989
3	108268716	108308491	57650
3	108308529	108413693	9666
3	108462271	108476231	84666
3	108541545	108573852	50852
3	108626639	108672742	9626
3	108677086	108836989	27136
3	108855561	108868973	401081
3	108897012	108904104	677779
3	109012635	109035364	151871
3	109044988	109056419	55211
3	109128837	109214014	401082
3	109321675	109321744	100616129
3	110612555	110788918	100506555
3	110788918	110790400	25945,100506555
3	110790400	110994410	25945
3	111011566	111311747	10225
3	111311747	111314290	10225,79413
3	111314290	111384597	79413
3	111393523	111451344	257068
3	111451344	111565294	90102,257068
3	111565294	111695364	90102
3	111697857	111712210	55347
3	111717511	111732734	29114
3	111753690	111800116	344805
3	111805182	111831648	79669
3	111831648	111831745	693152,79669
3	111831745	111839688	693152
3	111839688	111849851	693152,257144
3	111849851	111852152	257144
3	111859734	112013105	285335
3	112051194	112081659	4345
3	112182815	112218408	151888
3	112251356	112280556	64422
3	112280556	112280893	55032,64422
3	112280893	112304424	55032
3	112315641	112320749	100506621
3	112323407	112368377	151887
3	112455294	112468166	101929694
3	112534556	112565703	344807
3	112640056	112693969	131450
3	112709294	112709765	29083
3	112709765	112710000	29083,29083
3	112710000	112721287	29083
3	112721287	112733907	29083,25871
3	112733907	112738708	25871
3	112861197	112886666	101929717
3	112929850	113005777	91653
3	113005777	113006303	55779,91653
3	113006303	113122838	55779
3	113122838	113152839	55779,100874029
3	113152839	113160457	100874029
3	113161565	113234034	152185
3	113251143	113313723	54847
3	113313723	113313789	100616476,54847
3	113313789	113348425	100616476
3	113367232	113415493	205717
3	113435307	113465147	80218
3	113465866	113530903	523
3	113547029	113666021	54762
3	113666748	113682984	254887
3	113682984	113684248	57577,254887
3	113684248	113724680	57577
3	113724680	113775460	57577,79691
3	113775460	113807269	79691
3	113847499	113918254	1814
3	113933160	113953483	101929734
3	113953483	113955051	101929734,7634
3	113955051	113956425	7634
3	113995760	114029135	201633
3	114035322	114035416	693153
3	114056941	114070658	26137
3	114070658	114107825	26137,100131117
3	114107825	114462292	100131117
3	114462292	114462372	100131117,100616166
3	114462372	114866118	100616166
3	115342171	115440337	2596
3	115521235	116078871	4045
3	116078871	116088937	4045,101926903
3	116088937	116428082	101926903
3	116428082	116442428	285194,101926903
3	116442428	116569124	285194
3	116569124	116569214	100616485,285194
3	116569214	116640278	100616485
3	116640278	116651085	100616485,100506724
3	116651085	117716095	100506724
3	118619404	118661920	152404
3	118661920	118667088	152404,100506765
3	118667088	118864915	100506765
3	118864997	118878889	152405
3	118892364	118924000	7348
3	118930579	118959950	8702
3	119013220	119139561	57514
3	119148347	119187677	55254
3	119187785	119213555	56983
3	119217379	119243140	51300
3	119243140	119243937	941,51300
3	119243937	119278449	941
3	119298115	119308792	141
3	119316689	119348658	51365
3	119355304	119373360	64091
3	119373360	119384171	10063,64091
3	119384171	119396301	10063
3	119421869	119485949	89876
3	119499331	119537332	8856
3	119540170	119813264	2932
3	119883492	120003941	165829
3	120043356	120068186	116064
3	120111140	120170100	11167
3	120315156	120321347	4710
3	120347020	120401418	3081
3	120405528	120461484	285282
3	120461484	120461840	285282,2960
3	120461840	120501916	2960
3	120552287	120555207	101926983
3	120626919	120768487	9515
3	120768487	120768562	100847043,9515
3	120768562	121143608	100847043
3	121150278	121264853	10721
3	121289551	121305481	503582
3	121311966	121349139	51725
3	121350246	121379774	3059
3	121382046	121468602	2804
3	121488610	121553926	9657
3	121554030	121605373	55840
3	121612936	121662949	6565
3	121706170	121741051	286676
3	121774213	121839983	942
3	121902530	122005342	846
3	122044091	122060819	1475
3	122078438	122102078	131076
3	122103023	122130715	26355
3	122130715	122131181	26355,54554
3	122131181	122134882	54554
3	122140796	122233792	3836
3	122246771	122283085	83666
3	122283085	122283424	151636,83666
3	122283424	122294050	151636
3	122296449	122357894	165631
3	122399465	122449687	54625
3	122458846	122512671	79663
3	122513642	122599986	84925
3	122605788	122611243	100129550
3	122628041	122747452	54437
3	122785909	122920774	10954,102465667
3	122920774	122944074	10954,102465667,26984
3	122944074	122992977	26984
3	123001143	123168605	111
3	123209667	123304032	201562
3	123304389	123328896	100506826
3	123328896	123363415	4638,100506826
3	123363415	123603178	4638
3	123616152	123680564	64770
3	123687368	123711025	54763
3	123798870	123851776	8997
3	123851776	123851872	8997,100847021
3	123851872	124445172	100847021
3	124449213	124451286	7372
3	124451286	124451363	7372,100422864
3	124451363	124464040	100422864
3	124480795	124620265	3693
3	124624289	124672663	56667
3	124684554	124774802	57493
3	124801480	124870309	84561
3	124870309	124870396	100847039,84561
3	124870396	124944405	100847039
3	124944405	124998021	100847039,7707
3	124998021	125094198	7707
3	125165495	125239041	8723
3	125247702	125313934	114885
3	125509247	125509395	100302204
3	125635463	125648118	100125556
3	125648118	125648867	200810,100125556
3	125648867	125655882	200810
3	125687987	125702297	152015
3	125725198	125820404	54946
3	125822412	125822483	10840
3	125822483	125826912	100874204,10840
3	125826912	125898908	100874204
3	125898908	125916837	100862662,100874204
3	125916837	125929012	100862662
3	125985639	126010122	644662
3	126061478	126076285	28999
3	126111875	126113694	100506907
3	126113782	126155399	348807
3	126156444	126194762	79364
3	126200124	126236616	131669
3	126243126	126245842	166012
3	126245842	126262134	166012,152065
3	126262134	126277808	152065
3	126290622	126290625	645840,114112
3	126290625	126327398	645840,114112
3	126327398	126373998	645840
3	126379452	126390782	255330
3	126423063	126679249	84303
3	126707437	126756235	5361
3	126911974	126917025	285311
3	127041150	127109513	101927123
3	127199533	127255655	101927149
3	127291912	127317066	131601
3	127317066	127317094	131601,4171
3	127317094	127341276	4171
3	127348024	127391652	50512
3	127391778	127399768	80325
3	127407909	127542051	11343
3	127634075	127706514	166348
3	127770484	127783621	29927
3	127783621	127790526	8607,29927
3	127790526	127872297	8607
3	127872297	127872757	8607,60678
3	127872757	128127485	60678
3	128181282	128182437	165721
3	128182437	128186091	285224,165721
3	128186091	128191160	285224
3	128198270	128208055	2624
3	128208055	128212028	2624,101927167
3	128212028	128221191	101927167
3	128290843	128294929	23434
3	128338817	128399918	6184
3	128444965	128533639	7879
3	128580156	128590383	653712
3	128598439	128628709	28976
3	128628709	128634910	57501,28976
3	128634910	128720472	57501
3	128720472	128721533	57501,79825
3	128721533	128759585	79825
3	128779610	128781249	2815
3	128806412	128806418	339122
3	128806418	128841644	339122,100534599
3	128841644	128846258	100534599
3	128846258	128879879	100534599,57461
3	128879879	128880136	57461
3	128888327	128902765	7555
3	128968449	128996614	22820
3	128997671	129025029	56941
3	129033615	129035120	8971
3	129101765	129116053	132241
3	129116053	129116191	132241,677797
3	129116191	129118498	677797
3	129120164	129147494	90288
3	129149787	129158878	8930
3	129158968	129239198	55764,101927266
3	129247483	129254012	6010
3	129262057	129270310	132243
3	129274018	129325661	23129
3	129366635	129612419	23023
3	129612714	129637418	100507032
3	129693148	129696781	7200
3	130064359	130203688	256076
3	130279178	130396999	131873
3	130397779	130465673	30849
3	130569439	130732719	27032
3	130732719	130735556	27032,28990
3	130735556	130745694	28990
3	130745694	130746493	28990,79858
3	130746493	131043936	79858
3	131043936	131069309	79858,339874
3	131069309	131080742	339874
3	131080742	131083966	339874,152195
3	131083966	131100319	152195
3	131100515	131107674	131870
3	131181056	131197941	11222
3	131197941	131198077	677836,11222
3	131198077	131221827	677836
3	131252399	131704699	131034
3	131704699	131704775	131034,100847040
3	131704775	132004254	100847040
3	132036211	132087142	55
3	132136370	132257876	23317
3	132276982	132276986	84129
3	132276986	132316081	84129,27031
3	132316081	132337811	84129,27031,51554
3	132337811	132373290	51554
3	132373290	132379567	51554,79876
3	132379567	132396941	79876,27031
3	132396941	132440594	27031
3	132440594	132441303	27031,348808
3	132441303	132593067	348808
3	132757235	132964950	66000
3	132964950	132976032	101927455,66000
3	132976032	133116636	101927455
3	133118839	133148113	8419
3	133148113	133174620	8419,85003
3	133174620	133194066	85003
3	133292574	133309105	55573
3	133317019	133380737	11073
3	133464800	133497850	7018
3	133502877	133543083	58477
3	133543083	133544616	58477,51560
3	133544616	133614680	51560
3	133646992	133648656	80111
3	133651540	133771028	6578
3	133774100	133776492	100507210
3	133784147	133969689	6259
3	134074716	134094321	51421
3	134156447	134156669	100616281
3	134156669	134156748	100616281,100616281
3	134156748	134157053	100616281
3	134196548	134204585	25847
3	134204585	134205558	80254,25847
3	134205558	134293859	80254
3	134316643	134321980	2047
3	134321980	134370478	339855,2047
3	134370478	134979309	339855
3	135684515	135866733	5523
3	135867764	135916083	55167
3	135969148	136055077	5096
3	136055077	136056738	5096,10274
3	136056738	136471220	10274
3	136537489	136560568	80723
3	136560568	136574734	101927597,80723
3	136574734	136580896	101927597
3	136581050	136665072	4690
3	136665072	136668665	4690,53833
3	136668665	136729927	53833
3	137483579	137484396	8403
3	137490791	137499720	100507274
3	137717577	137752494	51208
3	137780832	137834660	199221
3	137842560	137851229	51146
3	137879854	137893791	51163
3	137906109	137980279	25852
3	137980279	138017231	347736,25852
3	138017231	138048728	347736
3	138066539	138124375	22808
3	138153428	138200528	83850
3	138213186	138313380	80321
3	138327448	138352218	55179
3	138372860	138553780	5291
3	138663066	138665982	668
3	138666076	138672293	401089
3	138722804	138724648	729627
3	138724648	138725110	56945,729627
3	138725110	138737873	56945
3	138737873	138739768	56945,389151
3	138739768	138760944	389151
3	138760944	138763734	389152,389151
3	138763734	138823027	389152
3	138823027	138844009	389152,60467
3	138844009	139074442	60467
3	139074442	139076065	9276,60467
3	139076065	139108574	9276
3	139108657	139171726	100507291
3	139171726	139199589	5948,100507291
3	139199589	139236276	5948
3	139236276	139258671	5948,5947
3	139258671	139279022	5947
3	139279022	139302161	349565,5947
3	139302161	139396859	349565
3	139654027	140224453	64084
3	140224453	140227631	64084,101927808
3	140227631	140296239	101927808
3	140396881	140419992	287015
3	140660672	140698775	55186
3	140770244	140867453	92369
3	140947568	141013748	92370
3	141043055	141168634	253461
3	141205889	141334184	5922
3	141457046	141466402	9616
3	141496990	141537332	131890
3	141594966	141645356	483
3	141663277	141868386	7029
3	141876369	141880820	256356
3	141882414	141944449	256356
3	142025449	142166904	54464
3	142168077	142297668	545
3	142315229	142432506	5357
3	142442916	142526730	7220
3	142534764	142608045	26577
3	142645517	142661376	100507389
3	142668006	142681796	344838
3	142681796	142682178	344838,101927832
3	142682178	142683339	101927832
3	142683339	142719749	101927832,23350
3	142719749	142720309	100289361,23350,23350
3	142720309	142720401	100289361,23350
3	142720401	142779567	100289361
3	142838173	142841800	9435
3	142984064	143061088	285195
3	143061088	143065913	285195,100885796
3	143065913	143567373	100885796
3	143690640	143767561	205428
3	145787227	145881440	5352
3	145910126	145968966	57088
3	146109208	146213778	57047
3	146232967	146262651	5359
3	146294342	146324003	389158
3	146639710	146643005	101927866
3	147103833	147111209	84107
3	147111209	147124647	84107,7545
3	147124647	147228080	7545
3	147795946	147805816	100507461
3	148415571	148460795	185
3	148508889	148577974	1360
3	148583043	148614983	1359
3	148709128	148745419	2992
3	148747914	148804119	6596
3	148804119	148804341	6596,100873945
3	148804341	148820610	100873945
3	148847371	148880197	84343
3	148880197	148891519	84343,1356
3	148891519	148939842	1356
3	149036285	149052201	116441
3	149086809	149095565	4071
3	149095565	149095652	100874091,4071
3	149095652	149104370	100874091
3	149191761	149221068	7104
3	149235022	149374807	25937
3	149374807	149379151	25937,100128025
3	149379151	149454501	100128025
3	149456257	149470286	51122
3	149478892	149530495	389161
3	149530495	149679926	11342,389161
3	149679926	149682691	11342
3	149682691	149686172	5217,11342
3	149686172	149768575	5217
3	149956306	149957996	101927992
3	149983199	150005160	101928022
3	150126122	150184218	9819
3	150259781	150264465	27230,101928061
3	150264465	150302029	83939,27230,101928061
3	150302029	150320662	83939
3	150320662	150321015	83939,51714
3	150321015	150348222	51714
3	150377672	150421758	131831
3	150458914	150481264	6478
3	150570271	150643950	116933
3	150643950	150690786	7401,116933
3	150690786	150798513	7401
3	150803484	150915619	116931
3	150915619	150920988	29909,116931
3	150920988	150929905	29909
3	150929905	150996255	29909,9934
3	150996255	151011891	9934
3	151011891	151034740	53836,9934
3	151034740	151044100	53836
3	151044100	151047336	53836,53829
3	151047336	151055168	53829
3	151055168	151102600	64805,53829
3	151102600	151143172	64805
3	151143172	151154860	64805,285313
3	151154860	151176497	285313
3	151283664	151283783	100847036
3	151451704	151469231	344752
3	151469231	151479127	101928142,344752
3	151479127	151488216	101928142
3	151488216	151502682	101928142,201651
3	151502682	151531825	201651
3	151531825	151546276	13,201651
3	151546276	151591431	13
3	151591431	151602405	56670,13
3	151602405	151645963	56670
3	151961617	151980405	4154
3	151980405	151987344	401093,4154
3	151987344	152057484	401093
3	152057484	152058779	401093,645843
3	152058779	152183569	645843
3	152552736	152555841	5028
3	152880029	152886265	5912
3	153202284	153220486	152118
3	153742190	153838792	100507524
3	153838792	153839121	26084,100507524
3	153839121	153975616	26084
3	153990335	154042286	170506
3	154055461	154147504	344758
3	154741913	154901497	4311
3	154958734	154960933	101928190
3	155008018	155011564	100507537
3	155093369	155166973	23007
3	155166973	155175542	100874035,23007
3	155175542	155462856	100874035
3	155480401	155524140	285315
3	155538813	155572218	9197
3	155588325	155661815	8833
3	155755490	155933349	7881
3	155933349	155945672	100874083,7881
3	155945672	156158946	100874083
3	156158946	156164694	100874083,100874084
3	156164694	156256545	100874084
3	156257929	156272973	6747
3	156391024	156424559	25976
3	156465135	156527340	730091
3	156527340	156528521	730091,647033
3	156528521	156534851	647033
3	156543270	156763918	389170
3	156799456	156807670	339894
3	156807670	156818924	100498859,339894
3	156818924	156840793	100498859
3	156864297	156878549	57018
3	156977531	157154578	79674
3	157154578	157161417	5806,79674
3	157161417	157251408	5806
3	157261035	157395538	152078
3	157814948	157823644	6474
3	157823644	157824292	6474,51319
3	157824292	158263009	51319
3	158263009	158263519	51319,100996447
3	158263519	158288855	100996447
3	158288952	158325041	4291
3	158362067	158363611	85476
3	158363611	158390482	56925,85476
3	158390482	158410364	56925
3	158414681	158449987	5918
3	158449987	158450052	5918,64747
3	158450052	158450485	5918,100287290,64747
3	158450485	158501859	100287290,64747
3	158501859	158547508	64747
3	158680024	158680717	100505385,29970
3	158680717	158984096	654502,100505385,29970
3	158984096	159000435	654502
3	159000435	159000523	654502,100500803
3	159000523	159557650	100500803
3	159557650	159615149	100500803,29970
3	159615149	159615155	29970
3	159631189	159706537	101928376
3	159706537	159713806	3592,101928376
3	159713806	159733811	3592
3	159733811	159749210	3592,730109
3	159749210	159943086	730109
3	159943423	159945241	401097
3	159945241	159945999	57560,401097
3	159945999	159974774	57560
3	159974774	160117062	57560,57560
3	160117062	160117668	57560,10051
3	160117668	160122376	10051,57560
3	160122376	160122473	57560,406949,10051
3	160122473	160122533	57560,406949
3	160122533	160122613	57560,406949,406951
3	160122613	160150233	406951,57560
3	160150233	160152750	57560,286827,406951
3	160152750	160167617	57560,286827
3	160167617	160203561	286827
3	160212783	160232695	3840
3	160232695	160233024	3840,677767
3	160233024	160283376	677767
3	160394948	160396233	80117
3	160473390	160796695	151742
3	160801671	160822484	8706
3	160822484	160823172	51068,8706
3	160823172	160971320	51068
3	161062580	161090668	165679
3	161144215	161166030	101243545
3	161214596	161221730	131149
3	162845711	163079351	647107
3	163889259	163889344	100302148
3	164696686	164796283	6476
3	164867794	164875850	101928405
3	164904508	164914897	22865
3	165490692	165555260	590
3	166958075	167099134	79740
3	167159577	167196472	5276
3	167196472	167196792	5276,151790
3	167196792	167371771	151790
3	167401086	167452727	11235
3	167453031	167543356	5274
3	167584288	167588765	100996456
3	167726465	167813763	27333
3	167967310	168269642	93556
3	168269642	168269737	93556,693136
3	168269737	168548387	693136
3	168621154	168639784	100507661
3	168801287	169381406	2122
3	169482308	169482848	7012
3	169484709	169487683	84517
3	169490619	169507504	55892
3	169511216	169530774	151827
3	169539710	169555563	344657
3	169556967	169587718	79782
3	169629360	169656963	344658
3	169657141	169684423	100128164
3	169684423	169684522	100128164,7095
3	169684522	169716161	7095
3	169755717	169803191	26996
3	169804520	169899537	80012
3	169940153	170023769	5584
3	170075466	170114623	6498
3	170136653	170177372	5010
3	170177372	170303863	57709,5010
3	170303863	170374351	57709
3	170374351	170379912	57709,101928583
3	170379912	170578169	101928583
3	170582664	170588272	200916
3	170606204	170626482	56648
3	170714137	170744539	6514
3	170779128	170824453	23043
3	170824453	170824548	23043,693154
3	170824548	171178197	693154
3	171318195	171528740	5337
3	171561139	171656505	389177
3	171757418	172119455	64778,101928615
3	172162923	172166246	2693
3	172223298	172241297	8743
3	172348039	172429008	57552
3	172468472	172539264	1894
3	172607148	172859058	83893
3	173114074	174004434	22871
3	174156363	174797097	254827
3	174797097	174833032	100862679,254827
3	174833032	175087329	100862679
3	175087329	175087410	100862679,100616395
3	175087410	175523428	100616395
3	176321931	176353320	100505547
3	176531943	176534789	101928684
3	176737143	176915261	79718
3	177012230	177041206	100820709
3	177159709	177470093	100505566
3	177990720	178136989	10242
3	178136989	178175097	10242,100874330
3	178175097	178562217	100874330
3	178735011	178790067	64393
3	178819154	178865761	101928739
3	178865902	178957530	5290
3	178957530	178957881	27094,5290
3	178957881	178984790	27094
3	179040779	179053323	51193
3	179065480	179112719	55669
3	179116990	179169378	59345
3	179280668	179306073	86
3	179306073	179306196	86,57129
3	179306196	179322442	57129
3	179322478	179345435	4711
3	179370543	179507189	8975
3	179512746	179616017	51555
3	179616017	179639683	51555,101928790
3	179639683	179754841	101928790
3	180131962	180140294	100505609
3	180319918	180320646	151613
3	180320646	180335616	101928882,151613,339829
3	180335616	180585929	339829,101928882
3	180585929	180588793	101928882,8087,339829
3	180588793	180700541	8087
3	180701497	180707558	131118
3	180707558	180707562	131118,347689
3	180707562	180949525	347689
3	180949525	180949631	26827,347689,26826,101954271
3	180949631	181429714	26826,101954271
3	181429714	181432221	101954271,6657,26826
3	181432221	181554668	6657
3	181670131	181728466	100996490
3	182164758	182204152	401103
3	182511288	182639423	23200
3	182655862	182703741	54165
3	182733006	182833863	56922
3	182840001	182881627	27074
3	182895831	182971032	23101
3	182971032	183016292	23101,101928934,84002
3	183016292	183146566	101928934
3	183165396	183173801	100505687
3	183205319	183273477	89857
3	183353356	183402265	54800
3	183415606	183530413	55689
3	183533664	183543382	79929
3	183547173	183602721	55486
3	183604588	183604673	100616127
3	183637722	183724126	10057
3	183724126	183729207	100873982,10057
3	183729207	183735803	100873982
3	183749332	183757157	200909
3	183770835	183778459	170572
3	183814852	183824783	285242
3	183850730	183851349	101930555
3	183852826	183873176	8893
3	183873176	183891398	8893,1857
3	183891398	183892477	1857
3	183892477	183901879	1173,1857
3	183901879	183903811	1173
3	183903811	183911800	1173,55324
3	183911800	183948217	55324
3	183948217	183959193	55324,90113
3	183959193	183959277	90113,100187716
3	183959277	183960089	100187716,90113
3	183960089	183960117	10195,90113,100187716
3	183960117	183967336	10195,90113
3	183967336	183967438	90113
3	183967438	183977001	9718,90113
3	183977001	183979251	9718,94032,9718
3	183979251	184010819	94032,9718
3	184010819	184016497	9718
3	184016497	184026842	9718,5708
3	184026842	184032283	5708
3	184032283	184043484	1981,5708
3	184043484	184043559	1981,692107
3	184043559	184053146	1981,692107
3	184053146	184053714	1981
3	184053714	184063973	1981,131408
3	184063973	184064063	1181,131408,131408
3	184064063	184079439	1181,131408
3	184079439	184079506	131408
3	184079506	184086384	5437,131408
3	184086384	184402546	5437
3	184089723	184095932	7066
3	184097861	184108524	8646
3	184279572	184300197	2049
3	184428156	184429836	64110
3	184451863	184456737	100505710
3	184474177	184490943	101928992
3	184529931	184770402	23355
3	184795838	184870802	285382
3	184880659	184908412	339926
3	184908412	184909743	1962,339926
3	184909743	184970998	1962
3	184970998	184971060	1962,100847054
3	184971060	184999778	100847054
3	185000729	185194284	9175
3	185194284	185206885	90407,9175
3	185206885	185216845	90407
3	185224050	185270401	200879
3	185300284	185351339	59343
3	185361527	185485635	10644
3	185485635	185485692	100847078,10644
3	185485692	185542844	100847078
3	185633694	185655924	6434
3	185764097	185823457	2119
3	185823457	185828107	1608,2119
3	185828107	186080026	1608
3	186172771	186211450	253573
3	186256230	186263862	1427
3	186263862	186264491	55171,1427
3	186264491	186285192	55171
3	186285192	186288332	55171,51726
3	186288332	186315061	51726
3	186330712	186339107	197
3	186353758	186370930	26998
3	186378005	186396029	3273
3	186435065	186461743	3827
3	186500994	186504464	619567,619568,100302143,677847,1974,6043
3	186504464	186504641	619567,619568,677847,100302143,1974,6043
3	186504641	186505401	619567,100302143,677847,1974,6043
3	186505401	186505538	619567,619568,677847,100302143,1974,6043
3	186505538	186507669	619567,619568,100302143,1974,6043
3	186507669	186507689	5984,619567,619568,100302143,1974,6043
3	186507689	186524847	5984
3	186560463	186569675	9370
3	186569675	186573912	9370,100874095
3	186573912	186576252	100874095
3	186648274	186796341	6480
3	186838736	186898696	116832
3	186914878	186915274	101929106
3	186915274	186919253	101929106,132112
3	186919253	186925417	132112
3	186935942	187009810	5648
3	187086120	187089864	64108
3	187386694	187388187	6750
3	187416047	187420345	344892
3	187439165	187463515	604
3	187868994	187871072	339929
3	187871072	187871845	4026,339929
3	187871845	188280026	4026
3	188280026	188286454	4026,100873917
3	188286454	188406569	100873917
3	188406569	188406654	100873917,407020
3	188406654	188608460	407020
3	188665003	188956475	285386
3	188956475	188958383	285386,100874027
3	188958383	189043093	100874027
3	189349205	189547711	8626
3	189547711	189547798	100126340,8626
3	189547798	189615068	100126340
3	189674517	189840226	55214
3	190023490	190040264	9076
3	190040330	190129932	10686
3	190146444	190167665	131920
3	190231840	190375843	3556
3	190570666	190610218	647309
3	190917030	190983404	344901
3	190984957	191046866	257313
3	191046866	191048325	152137,257313
3	191048325	191116459	152137
3	191178952	191179245	152138
3	191747669	191754346	101929175
3	191857184	192485553	2257
3	192514604	192635950	151963
3	192958914	192992579	57110
3	192992579	192995527	344905,57110
3	192995527	193096632	344905
3	193119866	193310900	84239
3	193310933	193336398	4976
3	193336398	193345126	100873941,4976
3	193345126	193415612	100873941
3	193675161	193721448	647323
3	193723226	193788759	285389,100505902
3	193853934	193856521	3280
3	193920805	193965437	100505920
3	193965437	193967942	100505920,101929337
3	193967942	193975561	101929337
3	194060494	194072057	1370
3	194075976	194090472	131578
3	194115550	194119995	2814
3	194123401	194208183	79572
3	194208183	194217046	401106,79572
3	194217046	194219093	401106,100507033,79572
3	194219093	194222232	100507033,401106
3	194222232	194239008	401106
3	194304740	194308402	100507297
3	194308402	194310989	93109,100507297
3	194310989	194354418	93109
3	194361517	194393206	55341
3	194406622	194409762	131583
3	194429150	194502897	100507391
3	194789008	194815317	152002
3	194815317	194816786	100874528,152002
3	194816786	194855235	100874528
3	194855235	194855309	100874528,100422926
3	194855309	194868600	100422926
3	194868600	194873519	100422926,101410543
3	194873519	194991896	101410543
3	194995465	195163807	23527
3	195241221	195270209	5504
3	195270871	195277400	101930485
3	195295573	195311076	347
3	195426272	195426368	693155
3	195447753	195467994	200958
3	195473636	195539148	4585
3	195563064	195587275	101929697
3	195590235	195638816	10188
3	195686619	195717189	727956,255812
3	195754054	195809060	7037
3	195869507	195887761	401109
3	195924320	195938308	131540
3	195938358	195941093	200931
3	195941093	195970049	200931,5130
3	195970049	196014828	5130
3	196018090	196042953	255758
3	196042953	196045170	116211,255758
3	196045170	196046213	116211
3	196046213	196065244	116211,116211
3	196065244	196065374	116211
3	196074533	196158235	26043
3	196158235	196159345	26043,100874034
3	196159345	196160242	100874034
3	196195654	196230639	165918
3	196233748	196242237	255798
3	196281056	196295482	348793
3	196295482	196295545	348793,200933
3	196295545	196315930	200933
3	196358369	196359458	101929769
3	196366557	196366646	375387
3	196366646	196388875	54965,375387
3	196388875	196433148	54965
3	196433148	196439164	54965,84984
3	196439164	196462878	84984
3	196466728	196511851	5062
3	196511851	196511957	100302742,5062
3	196511957	196559518	100302742
3	196594727	196661585	205564
3	196662273	196669468	22916
3	196669494	196670411	152217
3	196673214	196695931	80235
3	196715492	196726331	4241
3	196726331	196731615	4241,100507057
3	196731615	196756687	100507057
3	196769431	197020749	1739
3	197020749	197020819	100616216,1739
3	197020819	197025123	100616216
3	197025123	197026171	100616216,100507086
3	197026171	197030618	100507086
3	197232133	197232135	100129516
3	197232135	197233857	100129516,100129516
3	197236654	197300194	622
3	197305084	197354777	220729
3	197372540	197372888	101930159
3	197398264	197401367	9711
3	197401367	197401447	9711,100126321
3	197401447	197464050	100126321
3	197464050	197476598	84248,100126321
3	197476598	197514467	84248
3	197518097	197615307	84859
3	197615946	197676858	84223
3	197676858	197683481	84223,6165
3	197683481	197687013	6165
3	197687071	197770591	89782
3	197780393	197807591	348840
3	197879237	197925886	101928670
