5	140373	190085	153478
5	191626	195468	389257
5	196986	218330	133957
5	218356	256815	6389
5	269973	271631	102467073
5	271736	304291	10016
5	304291	353971	10016,57491
5	353971	438406	57491
5	441645	443258	116349
5	443273	472052	11336
5	473351	473425	100288152
5	473425	480999	6550,100288152
5	480999	524447	6550
5	535955	535997	100616381
5	602735	612325	100996325
5	612387	660883	55722
5	660883	667283	55722,11076
5	667283	693510	11076
5	710471	710475	79844
5	710475	767067	653082,79844
5	767067	850406	653082
5	850406	851101	653082,65980
5	851101	892758	65980
5	892758	892939	9319,65980
5	892939	919472	9319
5	987295	997423	100506688
5	1008944	1039058	85409
5	1050499	1063011	10723
5	1063011	1063089	10723,100616479
5	1063089	1112150	100616479
5	1173256	1178720	101928857
5	1201710	1225232	340024
5	1225470	1246304	348932
5	1253262	1295184	7015
5	1309425	1309492	100616235
5	1317859	1345214	81037
5	1363697	1380182	100506791
5	1392909	1445545	6531
5	1456595	1524092	79888
5	1708900	1708983	100422966
5	1798500	1801480	64979
5	1801514	1816719	4726
5	1856084	1856682	101929034
5	1877541	1887350	50805
5	1887446	1900607	101929081
5	2745959	2752245	153572
5	2752245	2752969	153572,153571
5	2752969	2755508	153571
5	3178209	3181346	102467074
5	3417266	3496343	285577
5	3496343	3504118	102467075,285577
5	3504118	3536208	102467075
5	3596168	3601517	79192
5	4773594	4774978	101929153
5	5132893	5140167	101929176
5	5140443	5320417	170690
5	5420777	5490347	23379
5	6310554	6339997	401172
5	6371994	6378707	84246
5	6448736	6495022	134111
5	6582249	6588612	255167
5	6599352	6633404	54888
5	6633456	6669675	6715
5	6686438	6707824	100505625
5	6714718	6757161	11044
5	7347099	7348090	101929261
5	7396321	7830194	108
5	7830491	7851299	134121
5	7851299	7851603	4552,134121
5	7851603	7859272	4552
5	7859272	7869150	79072,4552
5	7869150	7906138	79072
5	8333596	8450856	729506
5	8450856	8457671	100505738,729506,100616142
5	8457671	8463208	100505738,100616142
5	8839844	8881637	101929284
5	9035138	9053928	9037
5	9053928	9054007	100616326,9037
5	9054007	9511445	100616326
5	9511445	9518198	100616326,101929338
5	9518198	9546187	101929338
5	9546312	9548948	100505806
5	9548948	9549017	100113384,100505806
5	9549017	9550721	100113384
5	9629109	9641417	50834
5	9641417	9712490	50834,285692
5	9712490	9903938	285692
5	10226442	10250009	134145
5	10250033	10266524	22948
5	10275987	10308138	134147
5	10353815	10440500	10299
5	10441402	10441636	100505845
5	10441636	10441904	83853,100505845
5	10441904	10472141	83853
5	10493639	10502840	101929412
5	10564442	10650308	651746
5	10679342	10761384	1611
5	10971952	11904155	1501
5	13690440	13944652	1767
5	14143811	14532235	7204
5	14581884	14615116	54491
5	14664773	14699820	90268
5	14704910	14826038	56172
5	14826038	14826121	100616271,56172
5	14826121	14871887	100616271
5	15192248	15266650	101929454
5	15500305	15602298	23194
5	15602298	15607457	23194,101929472
5	15607457	15935291	101929472
5	15935291	15935369	101929472,100126347
5	15935369	15939900	100126347
5	16067248	16180871	441061
5	16373470	16440190	101929505
5	16451628	16465901	90441
5	16473147	16616035	54463
5	16616035	16617167	101929524,54463
5	16617167	16630078	101929524
5	16665395	16936372	4651
5	17065707	17130137	10409
5	17130137	17217156	285696,10409
5	17217156	17276943	285696
5	17353804	17354733	2498
5	17379015	17387419	401177
5	17684693	17955966	646241
5	19473060	20575982	1016
5	21341942	21481436	375513,728411
5	21481436	21484120	375513,100506217,728411
5	21484120	21589481	100506217
5	21750782	22142461	1010
5	22142461	22152465	5369,1010
5	22152465	22853731	5369
5	23507264	23528706	56979
5	24487209	24645087	1008
5	24835389	24840692	340107
5	26669455	26669845	101927838
5	26880709	27121257	1007
5	27472399	27496508	643401
5	28925707	28927696	729862
5	29380403	29396088	101929681
5	31193857	31329253	1004
5	31400604	31532303	29102
5	31532373	31555165	55322
5	31639517	31936208	23037
5	31936208	31936265	100422874,23037
5	31936265	32111037	100422874
5	32124810	32174456	64083
5	32227100	32313115	54545
5	32354456	32394484	51663
5	32394484	32394581	693164,51663
5	32394581	32444867	693164
5	32531739	32604185	10923
5	32689176	32791819	4883
5	32947549	32962573	340113
5	33440802	33469644	6897
5	33523640	33892297	81792
5	33936491	33939023	51289
5	33944721	33984835	51151
5	33986283	34008220	23600
5	34019553	34043937	114899
5	34164803	34190161	100653061
5	34190161	34193758	100653061,646652
5	34193758	34244901	646652
5	34656342	34832732	26064
5	34837654	34838938	101929704
5	34838938	34839383	153657,101929704
5	34839383	34899561	153657
5	34905369	34915481	5810
5	34915481	34919094	55299,5810
5	34919094	34926101	55299
5	34929698	34959069	134218
5	34998206	35048198	64902
5	35048861	35230794	5618
5	35617946	35814713	79925
5	35852797	35879705	3575
5	35904397	35938881	133690
5	35938924	35940095	100506406
5	35951112	36001130	133688
5	36035119	36071460	167127
5	36098514	36147994	92255
5	36147994	36148090	693165,92255
5	36148090	36152063	693165
5	36152091	36184421	6502
5	36192694	36242381	133686
5	36248536	36302216	202151
5	36606457	36688436	6507
5	36876861	37066515	25836
5	37106330	37249530	65250
5	37288239	37371283	9631
5	37379314	37753537	55100
5	37812779	37839788	2668
5	37840540	37875901	100861519
5	38148582	38153817	101929745
5	38258511	38282366	133584
5	38282366	38291088	100852408,133584
5	38291088	38399916	100852408
5	38399916	38403515	100852408,100506475
5	38403515	38465123	100506475
5	38475065	38556888	3977
5	38556888	38557604	100500824,3977,100506495
5	38557604	38557663	100500824,3977,100506495
5	38557663	38608456	100500824,3977
5	38608456	38671318	100500824,100500824
5	38710469	38720375	101926904
5	38845960	38938021	9180
5	38938021	38945698	9180,253260
5	38945698	39074510	253260
5	39105338	39274630	2533
5	39284364	39371780	735
5	39371780	39424970	1601,735,101926921
5	39424970	39462402	1601,101926921
5	39520533	39524810	101926940
5	40052393	40053426	102467077
5	40679600	40693837	5734
5	40714577	40756077	23548
5	40759481	40798476	5562
5	40825364	40832758	6167
5	40832758	40832837	6167,619564
5	40832837	40835437	619564
5	40841286	40860275	84674
5	40909354	40983041	730
5	40998119	41071444	133558
5	41142336	41261540	729
5	41307056	41510730	345557
5	41730167	41870132	5019
5	41870132	41870621	100874002,5019
5	41870621	41871059	100874002
5	41904290	41921738	285636
5	41925356	41941845	26272
5	42423879	42721979	2690
5	42756903	42799982	100129792
5	42799982	42802462	100129792,6414
5	42802462	42887494	6414
5	43014516	43033818	648987
5	43033818	43034737	648987,101927030
5	43034737	43039335	101927030
5	43039335	43041677	101927030,389289
5	43041677	43043272	389289,153684
5	43043272	43045492	153684,389289
5	43045492	43065278	389289
5	43065278	43067521	100506639,7690,389289
5	43067521	43192123	100506639,7690
5	43192173	43280952	167359
5	43289497	43313614	3157
5	43376747	43412493	56477
5	43444354	43483995	64417
5	43486803	43515247	375444
5	43526369	43557860	10605
5	43571696	43602794	100652772
5	43602794	43603332	23530,100652772
5	43603332	43707507	23530
5	44303646	44388834	2255
5	44388834	44389808	101927075,2255
5	44389808	44414091	101927075
5	44745002	44808879	100506674
5	44809027	44820530	10884
5	45259349	45696253	348980
5	49692026	49739082	133418
5	49961733	50142356	79668
5	50265051	50266001	100287592
5	50668570	50678921	642366
5	50678921	50679166	3670,642366
5	50679166	50690564	3670
5	52083730	52083774	3672
5	52083774	52099880	53918,3672
5	52099880	52255040	53918
5	52285156	52390609	3673
5	52391509	52405672	4338
5	52405672	52405893	4338,257396
5	52405893	52410956	257396
5	52776239	52782964	10468
5	52856463	52979168	4724
5	53179775	53247334	54622
5	53247334	53247429	693166,54622
5	53247429	53371348	693166
5	53371348	53371413	693166,100616233
5	53371413	53606412	100616233
5	53751445	53752207	8988
5	53813589	53842415	112574
5	54273692	54317127	11082
5	54317127	54318499	11082,102467081
5	54318499	54320081	102467081
5	54320081	54330398	102467081,3003
5	54330398	54338672	3003
5	54398476	54406080	3001
5	54408799	54455946	166979
5	54455946	54462899	493869,166979
5	54462899	54466360	493869
5	54466360	54466450	554213,493869
5	54466450	54466474	554213
5	54466474	54466570	554213,693123
5	54466570	54468090	693123
5	54468090	54468181	100313923,693123
5	54468181	54469005	100313923
5	54515442	54523143	345643
5	54526980	54529508	10309
5	54552073	54603550	54505
5	54603588	54720682	23517
5	54720682	54721409	8611,23517
5	54721409	54804678	8611
5	54804678	54804754	8611,100847019
5	54804754	54825984	100847019
5	54825984	54826529	100847019,379013
5	54826529	54830878	379013
5	54921673	55033845	153129
5	55033845	55069022	54514,153129
5	55069022	55112985	54514
5	55147207	55218678	133396
5	55230923	55290821	3572
5	55290995	55299477	441072
5	55395507	55529186	79722
5	55807394	55902059	101928448
5	56111401	56191979	4214
5	56205087	56215429	133383
5	56215429	56221359	133383,166968
5	56221359	56267502	166968
5	56469775	56560506	65056
5	56775846	56778636	345651
5	56910216	56913258	100996645
5	57186154	57194989	101928539
5	57403909	57418168	101928569
5	57749809	57756087	10769
5	57787262	57792917	202309
5	57825870	57825936	100616339
5	57878048	58155213	115827
5	58264865	58999432	5144
5	58999432	58999529	693167,5144
5	58999529	59783540	693167
5	59783540	59817947	693167,25859
5	59817947	59843484	25859
5	59892739	59996017	55789
5	60047618	60140216	79993
5	60169658	60240900	1161
5	60240956	60448853	91942
5	60453536	60457897	643155
5	60457897	60458301	101928630,643155
5	60458301	60527867	101928630
5	60628100	60841997	57688
5	60933535	60954301	285668
5	60954301	60994259	285668,101928651
5	60994259	61028601	101928651
5	61028601	61031496	101928651,100506526
5	61031496	61047590	100506526
5	61601989	61683081	3796
5	61683081	61699766	3796,27292
5	61699766	61699799	27292
5	61699799	61808070	27292,51194
5	61808070	61808309	1163,51194,51194
5	61808309	61833076	1163,51194
5	61833076	61874562	1163
5	61874562	61877275	1163,100130733
5	61877275	61924409	100130733
5	63256183	63258334	3350
5	63461671	63668696	285671
5	63802084	63908139	401190
5	63986135	64013917	100132916
5	64013971	64064512	285672
5	64064757	64314590	10283
5	64444563	64777747	11174
5	64813593	64858998	64105
5	64859063	64883376	23398
5	64885507	64920543	373
5	64920543	64921802	373,80006
5	64921802	64961755	80006
5	64961755	64962060	80006,54557
5	64962060	65018023	54557
5	65018023	65018862	54557,57486
5	65018862	65167553	57486
5	65222303	65378377	55914
5	65435799	65479443	140890
5	65502040	65505275	101928741
5	65803372	65807432	101928769
5	65892176	66465423	375449
5	66478103	66492627	4064
5	66675206	67101066	101928858
5	67511548	67597649	5295
5	68266266	68325992	101928885
5	68389473	68426896	64924
5	68462837	68474072	891
5	68485375	68506184	64946
5	68513587	68525956	92259
5	68530668	68573250	1022
5	68576002	68628636	202243
5	68646811	68665120	6880,102157402
5	68665120	68665840	5884,6880,102157402
5	68665840	68710628	5884
5	68710939	68740157	153562
5	68773299	68788119	101928924
5	68788119	68790040	100506658,101928924
5	68790040	68798293	100506658,653188,100049076,101928924
5	68798293	68853931	653188,100049076,100506658
5	68853931	68856035	100049076,653188
5	68856035	68890550	653188,100049076,728340,730394
5	68890550	68927790	728340,730394
5	68927790	68932312	730394,101929545,101928967,101929573,728340,728093
5	68932312	69006341	101929545,101928967,101929573,728093
5	69321074	69338940	728492,8293
5	69345350	69374349	6607,6606
5	69711179	69743885	653238
5	70070478	70074135	101929812,101060549,101929599,441081,101060368,101929810
5	70196492	70214357	728492,8293
5	70220768	70249769	6607,6606
5	70264310	70320941	4671
5	70330784	70363516	2966,728340
5	70671613	70681820	5370
5	70751442	70863649	55814
5	70883115	70954531	64087
5	71014990	71016875	9607
5	71403061	71465294	4131
5	71465294	71465367	100616377,4131
5	71465367	71505395	100616377
5	71515236	71616194	23107
5	71616194	71616473	79810,23107
5	71616473	71656052	79810
5	71738479	71803554	167465
5	71869947	71956496	102477328
5	72112139	72174418	3842
5	72174418	72174490	100616152,3842
5	72174490	72212560	100616152
5	72251808	72386349	115548
5	72416119	72427644	134285
5	72469022	72470970	134288
5	72740654	72744352	2297
5	72794233	72801460	689
5	72848160	72861268	57763
5	72861268	72861511	84135,57763
5	72861511	72877794	84135
5	72921983	73237818	64283
5	73602235	73604150	102503429
5	73618311	73624122	101929082
5	73923234	73935848	8507
5	73935848	73937249	3074,8507
5	73937249	74017029	3074
5	74017029	74018472	3074,84340
5	74018472	74062817	84340
5	74062817	74063196	10412,84340
5	74063196	74072737	10412
5	74073399	74162776	26049
5	74323289	74326724	51301
5	74364100	74532703	256006
5	74632154	74657929	3156
5	74664311	74807581	10087
5	74807581	74807963	51426,10087
5	74807963	74896969	51426
5	74907284	74967671	728780
5	74969949	75013313	134359
5	75378997	75649764	22987
5	75699074	75902433	10788
5	75902433	75904795	101929109,10788
5	75904795	75911307	101929109
5	75911307	75919259	2151,101929109
5	75919259	76003957	2151
5	76011868	76031606	2149
5	76114758	76131140	2150
5	76145826	76217475	170591
5	76248538	76276983	1393
5	76325076	76361059	55109
5	76367897	76376259	84327
5	76376259	76376396	84327,677828
5	76376396	76383148	677828
5	76506274	76721795	8622
5	76721795	76725632	55255,8622
5	76725632	76916436	55255
5	76924538	76935513	23440
5	76986991	77164604	6902
5	77296349	77590579	8546
5	77638189	77656331	728769
5	77656339	77776562	9522
5	77781038	78065844	10184
5	78073032	78281910	411
5	78293438	78365540	29958
5	78365540	78385289	29958,23743
5	78385289	78407602	23743
5	78407602	78428108	23743,635
5	78428108	78531861	635
5	78532012	78623038	133746
5	78668459	78810040	9456
5	78907943	78982471	167153
5	78985700	79096063	202333
5	79275584	79287082	345778
5	79287134	79348197	7060
5	79348197	79379110	101929215,7060
5	79379110	79379477	101929215
5	79407050	79551898	256987
5	79615444	79617661	84654
5	79646840	79647775	441089
5	79703832	79775169	9765
5	79783788	79838382	167555
5	79852574	79866307	340120
5	79922047	79945819	1719
5	79945819	79946855	1719,100462981
5	79946855	79950467	100462981
5	79950467	79950802	100462981,4437
5	79950802	80172279	4437
5	80243516	80256491	102524628
5	80256491	80256726	102524628,5924
5	80256726	80499903	5924
5	80499903	80525975	100131067,5924
5	80525975	80529104	100131067
5	80529104	80562216	1160,100131067
5	80562216	80597379	1160
5	80597409	80609116	84240
5	80625824	80689998	134526
5	80708840	81047616	23635
5	81267844	81569177	83734
5	81569177	81572676	6228,83734
5	81572676	81574396	6228
5	81575281	81682796	645079,92270
5	82348665	82360023	153339
5	82360023	82360156	153339,677765
5	82360156	82373317	677765
5	82373317	82373682	7518,677765
5	82373682	82649606	7518
5	82767284	82878122	1462
5	82933624	83017432	1404
5	83236373	83680611	10085
5	85578278	85592281	285622
5	85913721	85916323	1350
5	85916323	85916385	100500805,1350
5	85916385	85916779	100500805
5	86042635	86045589	100505878
5	86410696	86410771	100422887
5	86563705	86687311	5921
5	86687311	86687748	902,5921
5	86687748	86708836	902
5	87485450	87564712	153396
5	87564712	87565293	100505894,153396
5	87565293	87704799	100505894
5	87704799	87732502	100505894,102546226
5	87732502	87734907	102546226
5	87803363	87986858	645323,407047
5	88013975	88179145	4208
5	88179145	88199922	101929423,4208
5	88199922	88762215	101929423
5	89312438	89312537	100500825
5	89454156	89585888	101929495
5	89688078	89705603	1070
5	89754020	89767565	153364
5	89767565	89770585	10622,153364
5	89770585	89810370	10622
5	89811428	89825161	116068
5	89825161	89825401	116068,84059
5	89825401	90460038	84059
5	90575914	90576959	729040
5	90598846	90610219	100505994
5	90664541	90679176	57561
5	92745065	92919043	441094
5	92919043	92921354	7025,441094
5	92921354	92930321	7025
5	92953775	92956402	83989
5	92956402	92956494	100313887,83989
5	92956494	93070508	100313887
5	93070508	93077343	134187,100313887
5	93077343	93447404	134187
5	93488671	93954052	285600
5	93954052	93954309	84250,285600
5	93954309	94039446	84250
5	94039446	94075141	84250,79772
5	94075141	94620279	79772
5	94727048	94786158	153643
5	94799599	94890711	9652
5	94890778	94940768	153642
5	94955782	94957846	285601
5	94982458	94987885	317671
5	94987885	95020477	83890,317671
5	95020477	95034415	83890
5	95049226	95087023	22836
5	95087023	95158709	2745,22836
5	95158709	95160087	2745
5	95220802	95297775	22936
5	95414842	95414916	693168
5	95726119	95769847	5122
5	95860971	96096521	831
5	96096521	96115299	831,51752
5	96115299	96143803	51752
5	96211643	96255420	64167
5	96271098	96373219	4012
5	96427574	96478576	167410
5	96496571	96518964	55781
5	96840400	97006750	102546227
5	98104354	98105322	285704
5	98105322	98109173	285704,503569
5	98109173	98134347	503569
5	98190908	98262240	1105
5	99871009	99922445	345757
5	100142639	100152186	7903
5	100152186	100152269	7903,100302288
5	100152269	100238970	100302288
5	101569690	101632253	353189
5	101707486	101834720	133482
5	101917072	101944860	100861468
5	101944860	101953293	100861468,285708
5	101953293	102007263	285708
5	102089685	102366809	5066
5	102421704	102455853	54826
5	102455853	102455855	23262,54826
5	102455855	102548500	23262
5	102594403	102614361	90355
5	102865377	102877686	102467212
5	102884556	102898494	83594
5	104435174	104435799	9366
5	106150898	106346715	102467213
5	106712590	107006596	1946
5	107194736	107717799	64839
5	108063526	108063961	100652853
5	108083523	108532542	2241
5	108572821	108662070	285638
5	108670410	108745695	9867
5	109025067	109205326	4124
5	109220311	109221124	100289673
5	109624934	109849530	642987
5	109849530	109849616	100302159,642987
5	109849616	110073837	100302159
5	110073837	110074657	100302159,91137
5	110074657	110100857	91137
5	110405760	110413722	85480
5	110427414	110466200	134430
5	110559351	110830584	814
5	110831731	110847924	134429
5	110847924	110848288	100505678,134429
5	110848288	110998318	100505678
5	110998318	111075423	100505678,9315
5	111075423	111248205	9315
5	111248205	111333161	100873948,9315
5	111333161	111353006	100873948
5	111478138	111496223	64097
5	111496223	111497182	64097,114915
5	111497182	111497314	64097,114915,654322
5	111497314	111499973	654322
5	111499973	111563980	114915
5	111563980	111593006	114915,101927023
5	111593006	111755013	101927023
5	112043195	112181936	324
5	112196919	112205485	6728
5	112212084	112227313	7905
5	112227313	112228791	6728,7905
5	112228791	112258236	6728
5	112312399	112356667	167227
5	112357796	112768251	4163
5	112768251	112770728	83942,4163
5	112770728	112824527	83942
5	112849380	112930982	64848
5	113391703	113392871	101927041
5	113696642	113832337	3781
5	113911738	113915667	101927059
5	114460459	114516243	55521
5	114546527	114598569	5229
5	114602885	114632528	153733
5	114856608	114880591	56929
5	114914339	114937754	100302736,353376,100302736
5	114937754	114949205	101927100,353376,100302736
5	114949205	114956356	100302736,51014,101927100
5	114956356	114961858	101927100,51014,100302736
5	114961858	114961876	100302736,51014,353376,100302736
5	114961876	114968689	353376,100302736
5	115140430	115152651	1036
5	115163893	115177178	9140
5	115177178	115177555	9140,1176
5	115177555	115249778	1176
5	115298151	115363316	206338
5	115387163	115395815	644100
5	115420688	115748459	51397
5	115779312	115783243	57556
5	115783243	115843972	101927233,57556
5	115843972	115910630	101927233
5	116078687	116097905	102467223
5	117618270	117620477	100505811
5	117803851	117897812	101927280
5	117931883	117963787	102467225
5	118173017	118324240	285605
5	118373467	118490332	1657
5	118490332	118490411	100847085,1657
5	118490411	118584833	100847085
5	118604387	118735383	25816
5	118788138	118965254	3295
5	118965254	118971517	3295,340069
5	118971517	118972894	340069
5	119799973	120023027	51334
5	120535399	120693093	102467226
5	121187650	121188519	94033
5	121297656	121398890	153443
5	121398890	121411265	4015,153443
5	121411265	121413980	4015
5	121465208	121515312	133923
5	121647049	121772192	9627
5	121772192	121799914	153163,9627
5	121799914	121814782	153163
5	121964647	122066380	101927379
5	122110691	122165803	6643
5	122179134	122358945	28966
5	122358945	122365049	5480,28966
5	122365049	122372436	5480
5	122424816	122529960	93166
5	122680579	122759286	153241
5	122847793	122952739	1456
5	123972608	124084500	57507
5	124372524	124377932	101927421
5	124410358	124410673	401397
5	124828954	124937920	101927460
5	125515270	125529543	102546228
5	125695824	125832186	65983
5	125877533	125931110	501
5	125935960	125962944	51808
5	125967414	125971979	389320
5	126112315	126172712	4001
5	126203406	126366500	115123
5	126378250	126409184	401207
5	126626523	126801429	84466
5	126853301	126890781	133619
5	126984736	126994322	613212
5	127039082	127276118	728586
5	127276118	127277326	644873,101929964,728586,101930640
5	127277326	127418864	644873,101930640,101929964
5	127419458	127525380	6558
5	127593601	127873706	2201
5	127873706	127994878	2201,28965
5	127994878	128369335	28965
5	128430444	128433381	51015
5	128433381	128433459	100616175,51015
5	128433459	128449721	100616175
5	128732755	128732840	100616325
5	128795958	129074376	171019
5	129083772	129102425	100127206
5	129240165	129522327	337876
5	130494720	130506503	3094
5	130506503	130507428	3094,90624
5	130507428	130541119	90624
5	130581186	130734140	56990
5	130759614	130970929	51735
5	130977407	131132710	96459
5	131142683	131339285	23305
5	131339285	131342715	101927693,23305
5	131342715	131347936	101927693
5	131396222	131398897	3562
5	131409483	131411859	1437
5	131520569	131527531	100861518
5	131527531	131528501	100861518,101927705,8974
5	131528501	131593364	8974,101927705
5	131593364	131609147	101927705,8572,8974
5	131609147	131630136	8572,8974,8572
5	131630136	131631008	8572,6583,8974
5	131631008	131646978	6583
5	131646978	131679899	6583,553103
5	131679899	131701182	553103
5	131701182	131701291	553103,100500865
5	131701291	131705444	100500865
5	131705444	131705608	6584,100500865
5	131705608	131731306	6584
5	131817301	131826490	3659
5	131877136	131891711	3567
5	131891711	131892530	10111,3567
5	131892530	131966281	10111
5	131966281	131980313	10111,101930600,101927761
5	131980313	131991955	101930600,101927761
5	131991955	131996802	3596,101930600,101927761
5	131996802	131999964	3596
5	132009678	132018368	3565
5	132024373	132028320	101927783
5	132028320	132057275	101927783,11127
5	132057275	132073330	11127
5	132083137	132086509	645121
5	132086509	132089856	645121,23176
5	132089856	132142933	23176
5	132149033	132152488	134548
5	132157833	132166590	134549
5	132196873	132202252	2661
5	132202252	132202576	27089,2661
5	132202576	132203723	27089
5	132208014	132210738	116842
5	132211071	132299326	27125
5	132323344	132323802	11017
5	132332677	132362296	54819
5	132387654	132442141	3308
5	132446747	132450167	100506102
5	132532147	132763288	23105
5	132763288	132763398	100302134,23105
5	132763398	132948255	100302134
5	133291201	133304478	56951
5	133307606	133340824	7416
5	133450402	133484633	6932
5	133484633	133487556	6932,6500
5	133487556	133512729	6500
5	133530025	133541305	5515
5	133541305	133561448	5515,51265
5	133561448	133561543	5515,51265,100500905
5	133561543	133561833	100500905
5	133561833	133706738	51265
5	133706870	133727683	7320
5	133737778	133747589	91368
5	133764742	133796306	102546229
5	133842243	133844920	101927934
5	133860003	133918918	23338
5	133936834	133984479	51128
5	133984479	133984961	51128,10802
5	133984961	134063513	10802
5	134074191	134087847	819
5	134094469	134181370	9879
5	134181370	134190823	134553,9879
5	134190823	134195427	134553
5	134209493	134237215	79770
5	134240596	134263720	84105
5	134263720	134263729	100616209,84105
5	134263729	134263802	100616209,84105
5	134263802	134264016	100616209
5	134264016	134303596	100616209
5	134303596	134343649	347732,100616209
5	134343649	134347392	347732
5	134363425	134368970	5307
5	134368970	134370503	5307,100996485
5	134370503	134374528	100996485
5	134374528	134375737	100996485,101927953
5	134375737	134571924	101927953
5	134571924	134583869	101927953,340073
5	134583869	134669590	340073
5	134669590	134691744	340073,9555
5	134691744	134735604	9555
5	134779905	134779908	140947
5	134779908	134783038	140947,497189
5	134783038	134788089	497189
5	134869991	134871639	4762
5	134906373	134914969	9547
5	134984273	134989624	340074
5	135138674	135138764	100847082
5	135170338	135224326	153328
5	135227935	135231516	3578
5	135257968	135266006	3950
5	135266006	135287280	26223,3950
5	135287280	135290723	26223
5	135364584	135399507	7045
5	135416160	135416286	100126299
5	135465196	135468534	9597
5	135468534	135470579	9597,4090
5	135470579	135524435	4090
5	135527156	135528822	389332
5	135548999	135732730	57113
5	136310987	136934068	6695
5	136953189	136983261	26249
5	136983261	136983338	100126343,26249
5	136983338	137071779	100126343
5	137087075	137090039	10949
5	137136882	137146440	4888
5	137203480	137223540	9499
5	137223657	137273649	27039
5	137273649	137278436	27039,51306
5	137278436	137387650	51306
5	137419581	137428054	7478
5	137450866	137475132	8382
5	137475455	137514408	10902
5	137514408	137514675	10902,10112
5	137514675	137523339	10112
5	137523339	137523404	10112,8697
5	137523404	137549032	8697
5	137588068	137610360	2676
5	137620954	137667624	995
5	137667624	137674044	51307,995
5	137674044	137685416	51307
5	137688285	137772717	51780
5	137774706	137782658	51308
5	137801179	137805004	1958
5	137841784	137878989	2107
5	137890571	137896732	3313
5	137896732	137896799	3313,26785
5	137896799	137911133	26785
5	137946656	138204612	1495
5	138204612	138211057	1495,26045
5	138211057	138270723	26045
5	138282409	138609441	64374
5	138609441	138614470	64374,9782,724102
5	138614470	138614667	64374,724102,9782,26821
5	138614667	138629246	64374,26821,724102
5	138629246	138667360	26821,724102
5	138677276	138700366	51247
5	138700366	138702885	51247,51247
5	138702885	138705406	51247,9963
5	138705406	138720242	9963
5	138723169	138725770	51237
5	138727635	138730885	389333
5	138732252	138739777	202051
5	138744279	138780180	202052
5	138784245	138842328	641700
5	138855119	138862520	340061
5	138906016	139008018	7322
5	139026884	139063467	51523
5	139120934	139125808	101929696
5	139175406	139224051	84249
5	139226364	139422884	9542
5	139452442	139487362	100505636
5	139487362	139488215	100505636,5813
5	139488215	139496321	5813
5	139505521	139508391	492311
5	139554227	139624624	84418
5	139624624	139661637	5201,84418
5	139661637	139682706	5201
5	139712428	139726216	1839
5	139739787	139754728	83697
5	139781399	139781493	404734,54882
5	139781493	139916925	404734,54882,54882
5	139916925	139927251	404734,10011,54882
5	139927251	139929154	8637,10011,10011
5	139929154	139929163	404734,8637,10011,54882
5	139929163	139937853	8637
5	139937853	139937895	10307,8637,102465499
5	139937895	139944041	10307,102465499
5	139944041	139948688	10307,113829,102465499
5	139948688	139973337	113829
5	140011313	140013286	929
5	140018325	140019012	4695
5	140019012	140024993	55374,4695
5	140024993	140026643	55374
5	140026643	140027370	55374,3550
5	140027370	140027429	3550
5	140027429	140027511	3550,100500820
5	140027511	140042064	100500820
5	140044261	140050379	54853
5	140050379	140052758	373863,54853
5	140052758	140053171	101928623,373863,54853,3035
5	140053171	140053709	101928623,373863,3035
5	140053709	140071011	101928623,3035
5	140071011	140071609	101928623,3035,23438
5	140071609	140078265	23438
5	140078265	140078889	23438,153527
5	140078889	140086248	153527
5	140090860	140090958	56664
5	140098510	140098598	56663
5	140105743	140105831	56662
5	140165876	140174444	56147
5	140174444	140180783	56146,56147
5	140180783	140186659	56146,56147,56145
5	140186659	140201222	56144,56147,56145,56146
5	140201222	140207563	56144,56143
5	140207563	140213969	56144,56142,56143
5	140213969	140220907	56142,56141,56144
5	140220907	140227048	56144,56142,56141,56140
5	140227048	140235595	56144,56142,56140,9752
5	140235595	140248689	56144,9752,56142,56139,56140
5	140248689	140255058	56144,56138,56142,56139,56140
5	140255058	140261793	56138,56144,56142,56137,56139,56140
5	140261793	140306302	56144,56138,56142,56139,56136,56140,56137
5	140306302	140345820	56138,56144,56140,56142,56135,56136,56139,56137
5	140345820	140391929	56144,56138,56134,56137,56140,56142,56135,56139,56136
5	140391929	140391936	56134
5	140430979	140433512	29930
5	140474227	140476962	56133
5	140480234	140483406	56132
5	140501581	140505201	56131
5	140514800	140517703	26167
5	140529683	140532868	56130
5	140552243	140555957	56129
5	140557371	140560081	56128
5	140560980	140565793	57717
5	140571942	140575215	56126,56127
5	140579183	140582618	56125
5	140588269	140591696	56124
5	140593509	140596993	56123
5	140602931	140605858	56122
5	140613938	140617101	54660
5	140619518	140621864	84054
5	140625147	140627799	56121
5	140682196	140683612	83884
5	140698057	140700330	6879
5	140705777	140708924	101930113,101926922
5	140710252	140718539	56114
5	140718539	140723601	56113,56114
5	140723601	140729828	56113,56114,56112
5	140729828	140734768	56112,56104,56112
5	140734768	140739703	56112,56111,56104,56112
5	140739703	140743898	56112,56111,56103
5	140743898	140749831	56112,56111,56103,56110
5	140749831	140753651	56102,56111,56110,56112
5	140753651	140762467	56102,56111,56110,56109,56112
5	140762467	140767452	56111,56108,56110,56109,56112
5	140767452	140772381	56101,56111,56108,8641,56110,56109,56112
5	140772381	140782520	9708,56101,56111,5098,56108,8641,56110,56109,56112
5	140782520	140787770	9708,56111,5098,56107,56110,56109,56112
5	140787770	140792743	9708,56112,56111,5098,56107,56110,56109,56100
5	140792743	140797427	56106,56112,9708,56111,5098,56107,56110,56109,56100
5	140797427	140800762	56106,9708,56111,5098,56107,56110,56109,56099,56112
5	140800762	140805853	56106,9708,56111,5098,56105,56107,56110,56099,56109,56112
5	140805853	140808219	56106,9708,56111,5098,56105,56107,56120,56110,56109,56099,56112
5	140808219	140810185	56106,9708,56111,5098,56107,56120,56110,56109,56112
5	140810185	140855580	56106,9708,56111,5098,56107,56120,56110,56109,26025,56112
5	140855580	140864741	56106,9708,56111,5098,26025,56107,56110,56109
5	140855580	140892546	56112
5	140864741	140868808	56111,56106,9708,5098,56107,56098,56110,56109,26025
5	140868808	140891835	56106,56097,9708,5098,26025,56107,56098,56110,56109
5	140868808	140892546	56111
5	140891835	140892542	56106,56110,9708,56097,5098,56105,56107,56098,56109
5	140892542	140892546	56106,56097,9708,5098,56105,56107,56098,56109
5	140892542	140892546	56110
5	140894583	140937878	1729
5	140937878	140944830	1729,100505658
5	140944830	140998622	100505658
5	141000443	141016437	8841
5	141016517	141018869	285613
5	141018869	141020644	285613,89848
5	141020644	141030986	89848
5	141032968	141061788	64411
5	141232938	141258811	5097
5	141303373	141321612	9812
5	141323150	141337893	51294
5	141337893	141349304	9604,51294
5	141349304	141369856	9604
5	141371314	141392606	10007
5	141488070	141534005	80762
5	141689992	141704858	81848
5	141704858	141706020	101926941,81848
5	141706020	141971743	101926941
5	141971743	142051566	2246,101926941
5	142051566	142077617	2246
5	142149949	142239169	23092
5	142239169	142248487	23092,100874239
5	142248487	142608576	100874239
5	142657496	142815077	2908
5	143059425	143059536	100846991
5	143191726	143200284	57824
5	143537723	143550278	81555
5	143550396	143865249	57528
5	144851362	145214932	153768
5	145239296	145252531	643226
5	145316142	145461354	153769
5	145463949	145483932	153770
5	145492601	145562223	51520
5	145583113	145718587	54439
5	145718587	145718814	54439,5459
5	145718814	145720083	5459
5	145826874	145891524	10915
5	145892666	145895753	134391
5	145967936	146293770	5521
5	146293770	146299069	5521,100874361
5	146299069	146464347	100874361
5	146614526	146767415	202374
5	146770374	146889619	1809
5	146967990	147162338	9832
5	147204131	147211349	6690
5	147250245	147260289	117156
5	147260289	147261754	117156,389336
5	147261754	147286101	389336
5	147405246	147516852	11005
5	147549296	147554961	408187
5	147582357	147594700	404203
5	147647743	147647870	153218
5	147647870	147665817	153218,102546294
5	147665817	147691982	102546294
5	147691982	147695485	84651,102546294
5	147695485	147700766	84651
5	147700766	147719412	643394,84651
5	147719412	147763346	643394
5	147763498	147822399	81545
5	147830595	148056798	3360
5	148206156	148208196	154
5	148303202	148441876	79628
5	148441876	148441972	693169,79628
5	148441972	148442726	693169
5	148521046	148596086	22885
5	148596086	148640105	101927031,22885
5	148640105	148651434	101927031
5	148651434	148656368	101927031,134265
5	148656368	148721365	134265
5	148724993	148734146	134266
5	148737570	148749216	78991
5	148750887	148783765	27190
5	148786252	148808241	728264
5	148808481	148808586	406935
5	148809849	148812397	406937
5	148871760	148872949	1452
5	148872949	148884233	1452,1452
5	148884233	148931007	1452
5	148931510	149014531	389337
5	149109861	149112388	133522
5	149112388	149112453	133522,494327
5	149112453	149234585	494327
5	149237519	149324356	5145
5	149340300	149372681	1836
5	149372681	149373018	1836,81789
5	149373018	149379884	81789
5	149379884	149380730	22993,81789
5	149380730	149432386	22993
5	149432854	149492935	1436
5	149493400	149535435	5159
5	149546358	149564120	1044
5	149569520	149599054	6534
5	149599054	149602351	6534,815
5	149602351	149669854	815
5	149675906	149718870	340075
5	149737202	149779871	6949
5	149781200	149792492	972
5	149822753	149829319	6208
5	149855094	149865381	102546298,101930135
5	149865381	149865531	102546298,101930135,3340
5	149865531	149937773	3340
5	149980642	150038782	11346
5	150040436	150058927	91977
5	150070356	150080669	55696
5	150088002	150138671	51164
5	150157508	150176296	85027
5	150226085	150273954	345611
5	150273954	150280298	91975,345611
5	150280298	150284545	91975
5	150400124	150408554	2878
5	150409506	150473138	10318
5	150480273	150537443	309
5	150560613	150591711	26112
5	150591711	150603706	26112,2760
5	150603706	150650001	2760
5	150656323	150683327	285641
5	150694539	150727151	153201
5	150816607	150871942	206358
5	150883654	150948505	2196
5	151040657	151056506	6678
5	151056506	151066726	6678,101927096
5	151066726	151104343	101927096
5	151121877	151150606	475
5	151150606	151152093	475,10146
5	151152093	151192346	10146
5	151202074	151304403	2741
5	151329132	151650009	101927115
5	151771093	151812929	56923
5	151998525	152603103	101927134
5	152869175	153193429	2890
5	153369688	153418466	10827
5	153418466	153418496	10827,4238
5	153418496	153570290	4238
5	153570290	153600038	55568,4238
5	153600038	153708997	55568
5	153708997	153726666	386627,55568
5	153726666	153726807	386627,100302181,55568
5	153726807	153800544	100302181
5	153800544	153825410	386627
5	153825517	153840614	79685
5	153854532	153857824	9421
5	153975572	153975632	100422950
5	154065336	154065421	100302284
5	154092462	154197167	23367
5	154198051	154209018	10826
5	154209018	154209100	10826,100616306
5	154209100	154237113	100616306
5	154237113	154238812	100616306,9337
5	154238812	154256353	9337
5	154266976	154317769	25929
5	154320630	154348971	29093
5	154393260	154397685	285643
5	155297354	156194799	6444
5	156277549	156279539	153743
5	156346293	156390266	91937
5	156456424	156486130	26762
5	156512843	156564423	84868
5	156564423	156569880	84868,9443
5	156569880	156569944	9443
5	156569944	156586030	3702,9443
5	156586030	156588857	3702
5	156588857	156593275	3702,153745
5	156593275	156682201	153745
5	156693089	156768608	26999
5	156768608	156772729	408263,26999
5	156772729	156789623	408263
5	156789623	156822542	408263,101927675
5	156822542	156822606	8728,101927675,101927675
5	156822606	156887027	8728,101927675
5	156887027	156887086	8728,101927675,348938
5	156887086	156901725	8728,348938
5	156901725	157002783	8728
5	157052687	157098488	11063
5	157098561	157107151	100190949
5	157158205	157168456	54974
5	157170703	157187717	134353
5	157212751	157286183	9685
5	158122928	158526769	1879
5	158527491	158544486	101927740
5	158584417	158637061	153830
5	158690089	158713044	134510
5	158737941	158741791	285626
5	158741791	158757895	285626,3593
5	158757895	158789842	3593
5	158875564	158893284	285627
5	159203779	159298391	101927766
5	159343790	159399551	147
5	159436120	159488808	7265
5	159488808	159492550	7265,114825
5	159492550	159546430	114825
5	159614374	159665742	2172
5	159678659	159772403	79616
5	159774758	159797648	114898
5	159820155	159827104	63920
5	159828648	159848718	10569
5	159848829	159855748	9232
5	159895275	159901409	406938
5	159901409	159901490	100422938,406938
5	159901490	159914433	100422938
5	159990127	160279221	23120
5	160358785	160365633	285629
5	160715436	160974069	2561
5	160974069	160976050	2559,2561
5	160976050	161129599	2559
5	161274197	161326975	2554
5	161494546	161582542	2566
5	162864575	162873157	900
5	162873532	162887146	134492
5	162887209	162910071	3161
5	162910071	162918947	3161,101927813
5	162918947	162921064	101927813
5	162930120	162946342	27430
5	163723702	163875428	102546299
5	163875428	163894408	101927835,102546299
5	163894408	164598649	101927835
5	166332227	166353375	102557615
5	166591939	166595406	101927908
5	166711804	167148368	57451
5	167148368	167156129	57451,101927885
5	167156129	167656588	101927885
5	167656588	167659362	101927885,101927862
5	167659362	167691162	101927862
5	167718656	167899308	23286
5	167913450	167946304	5917
5	167975500	167987897	79646
5	167987897	167987982	406895,100302238,79646
5	167987982	168006605	100302238
5	168088745	168133572	6586
5	168133572	168147889	101927969,6586
5	168147889	168195151	101927969
5	168195151	168195260	101927969,407001
5	168195260	168440232	407001
5	168440232	168465003	407001,728095,101927927
5	168465003	168690605	728095,101927927
5	168690605	168690698	693170,728095,101927927
5	168690698	168728133	693170
5	169010638	169031782	54908
5	169064251	169291268	1794
5	169291268	169407744	100131897,1794
5	169407744	169455492	100131897
5	169455492	169455570	100616498,100131897
5	169455570	169510386	100616498
5	169532901	169536727	2299
5	169659451	169673241	133874
5	169673241	169679579	133874,3937
5	169679579	169725231	3937
5	169758433	169760883	257358
5	169780491	169801675	30820
5	169801675	169816497	3779,30820
5	169816497	169816681	3779,30820,101928033
5	169816681	169849848	3779,101928033
5	169849848	170163636	3779
5	170174051	170190354	100616234
5	170190354	170215654	2568,100616234
5	170215654	170241051	2568
5	170288874	170727019	64901
5	170736288	170739138	30012
5	170813660	170813764	100500831
5	170814120	170838141	4869
5	170846660	170884627	8817
5	171212876	171221602	644994
5	171288553	171433877	23291
5	171469077	171615390	6793
5	171621176	171630456	285588
5	171636644	171711075	92181
5	171752185	171881527	285590
5	172068269	172089168	54492
5	172089168	172089266	100847029,54492
5	172089266	172118543	100847029
5	172195093	172198198	1843
5	172261278	172379688	57222
5	172381789	172385732	100268168
5	172385732	172386395	51121,100268168
5	172386395	172396774	51121
5	172410760	172447731	8992
5	172447731	172447931	8992,677841
5	172447931	172462448	677841
5	172483355	172566291	153222
5	172571445	172591390	662
5	172659112	172662360	1482
5	172741716	172756506	8614
5	173006646	173012071	285593
5	173034517	173043663	91272
5	173134617	173173214	101928136
5	173213793	173236042	101928154
5	173315283	173388979	80315
5	173400782	173433143	133491
5	173472607	173670504	51617
5	174151536	174157896	4488
5	174178737	174178790	100616202
5	174346085	174422516	441116
5	174867042	174871211	1812
5	174904065	174956745	94081
5	175085033	175113245	3274
5	175223313	175311023	10814
5	175344876	175461683	84321
5	175487692	175559261	202134,100507387,285596
5	175570088	175626298	643201
5	175665365	175772994	375484
5	175773064	175788971	57179
5	175792471	175794949	285598
5	175794949	175795034	285598,100302203
5	175795034	175810949	100302203
5	175810949	175815748	51491,100302203
5	175815748	175815976	51491,192286
5	175815976	175816772	51491,192286
5	175816772	175819456	51491
5	175819456	175828866	51491,1212
5	175828866	175843570	1212
5	175874629	175937075	23197
5	175953698	175965026	22838
5	175969512	176022803	54825
5	176022803	176022975	114787,54825
5	176022975	176037134	114787
5	176047085	176056440	6620
5	176056440	176056501	100422962,6620
5	176056501	176057530	100422962
5	176057683	176073642	253314
5	176074388	176086058	26262
5	176170206	176170872	102577424
5	176237478	176307870	90249
5	176307870	176307897	3101,90249
5	176307897	176326333	3101
5	176332006	176449634	51720
5	176449697	176508190	23567
5	176513887	176525145	2264
5	176560026	176727216	64324
5	176728199	176728462	53917
5	176728462	176730745	83463,53917
5	176730745	176730775	83463
5	176730775	176733960	83463,27166
5	176733960	176739758	27166
5	176758563	176778853	10960
5	176784838	176799602	10636
5	176806236	176825849	6569
5	176827108	176827637	345456
5	176829141	176830205	2161
5	176830205	176836577	2161,2870
5	176836577	176865504	2870
5	176865504	176869902	340037,2870
5	176869902	176873446	340037
5	176873446	176874700	80758,340037
5	176874700	176883283	80758
5	176883609	176901402	1627
5	176910395	176924607	9260
5	176928908	176938275	79930
5	176938578	176944470	51428
5	176946789	176981542	54540
5	177019159	177023125	54732
5	177027101	177037348	11285
5	177046060	177099210	202181
5	177134982	177210399	285596
5	177236408	177377336	728554
5	177377336	177377733	728554,100128340
5	177377733	177390961	100128340
5	177419236	177423243	5626
5	177433406	177482560	101928349,101930363
5	177540444	177553088	23138
5	177557997	177576461	64777
5	177576461	177577566	64777,55651
5	177577566	177580968	55651
5	177612720	177614300	64396
5	177631508	177635498	3182
5	177635498	177638164	3182,85007
5	177638164	177659792	85007
5	177664619	178017556	91522
5	178029665	178057616	57396
5	178138593	178157703	6940
5	178191862	178245436	729522
5	178286954	178315123	117608
5	178322895	178360213	80108
5	178368192	178393434	285676
5	178405328	178423207	2916
5	178450753	178462065	345462
5	178487416	178510538	30832
5	178537852	178772431	9509
5	178977559	179022905	80230
5	179022905	179030742	101928445,80230
5	179030742	179037027	101928445
5	179041179	179061785	3187
5	179068545	179072047	285679
5	179105584	179105629	646019
5	179105629	179107975	646019,821
5	179107975	179157926	821
5	179159851	179220981	9794
5	179220981	179223512	4056,9794
5	179223512	179223648	4056
5	179224597	179225278	11282
5	179225278	179225346	11282,100302156
5	179225346	179233388	100302156
5	179233388	179233952	8878,100302156
5	179233952	179261436	8878
5	179261436	179265078	8878,51149
5	179265078	179289066	51149
5	179289066	179289173	51149,23061
5	179289173	179334859	23061
5	179338651	179442303	55819
5	179442303	179442397	442908,55819
5	179442397	179499118	442908
5	179527795	179636153	255426
5	179660143	179719099	5601
5	179727690	179780387	9945
5	179921412	180005405	57472
5	180017103	180018540	92304
5	180028506	180076624	2324
5	180111766	180113546	100652782
5	180166042	180167099	134083
5	180217541	180242652	4245
5	180257957	180262726	729678
5	180274611	180288286	643836
5	180326077	180377906	79908
5	180415845	180433727	10917
5	180467225	180488523	153579
5	180551357	180552304	26693
5	180581943	180582890	285659
5	180618046	180618852	102577426
5	180620924	180632293	81786
5	180649499	180649566	90933
5	180649566	180649633	90933,100616342
5	180649633	180662809	100616342
5	180663909	180668814	619570,619571,10399
5	180668814	180668892	619570,619571,10399
5	180668892	180670312	619570,619571,10399
5	180670312	180670379	619570,619571,10399
5	180670379	180675096	619570,10399
5	180681417	180688119	84851
5	180688213	180699308	100507602
5	180733503	180755068	101928706,101929823,101929850,101929822,101930209
5	180794269	180795263	729759,26683,81399,26683
5	180794269	180795263	729759,26683,81399,26683
