6	181466	205484	285766
6	291630	351355	100653247,56940
6	391739	411447	3662
6	485133	655939	55770
6	655939	656963	55770,135458
6	656963	693117	135458
6	905462	909594	101930081
6	1312675	1314992	94234
6	1390069	1395832	2295
6	1610681	1614127	2296
6	1624041	2245926	2762
6	2622147	2634837	154386
6	2663863	2751200	340156
6	2765648	2787186	56897
6	2832566	2842240	1992
6	2854265	2854341	100616285
6	2887500	2903514	5272
6	2948393	2972090	5269
6	2988201	2988221	401232
6	2988221	2991407	401232,4835
6	2991407	3019996	4835
6	3020388	3022984	401233
6	3064225	3115421	8737
6	3118608	3153812	670
6	3153903	3157760	7280
6	3182978	3195990	100507194
6	3224495	3231637	347733
6	3231637	3231964	347733,389362
6	3231964	3269196	389362
6	3269196	3303607	389362,63027
6	3303607	3457256	63027
6	3722848	3752260	221749
6	3832167	3849620	101927867
6	3849620	3851551	26240,101927867
6	3851551	3855971	26240
6	4021501	4049668	8899
6	4049668	4065217	222826,8899
6	4065217	4079440	222826
6	4079440	4087578	222826,404220
6	4087578	4115923	404220
6	4115923	4131185	10455,404220
6	4131185	4135831	10455
6	4136306	4157619	100507506
6	4345977	4347271	101927888
6	4706393	4774760	9425
6	4774760	4775642	101927913,9425
6	4775642	4955785	101927913
6	4994966	5004297	10799
6	5030206	5043683	100129461
6	5085720	5087455	648791
6	5102827	5148467	57128
6	5148467	5148556	57128,100500900
6	5148556	5261172	100500900
6	5261277	5451916	10667
6	5451916	5458308	10667,101927972
6	5458308	5665218	101927972
6	5665218	5695505	101927972,101927950
6	5695505	5771813	101927950
6	5998232	6007200	51299
6	6144318	6169567	2162
6	6169567	6169642	100847034,102466866,2162
6	6169642	6321246	100847034
6	6346698	6588341	285780
6	6588341	6623004	9450,285780
6	6623004	6655216	9450
6	6901255	6918948	101930126
6	7107830	7252213	6239
6	7268539	7326889	6745
6	7326889	7347679	285782,6745
6	7347679	7389729	285782
6	7389729	7389976	83732,285782
6	7389976	7418270	83732
6	7541808	7586950	1832
6	7590432	7612200	154007
6	7727030	7881483	654
6	7881483	7881655	81567,654
6	7881655	7986730	81567
6	7986730	7988425	81567,206426
6	7988425	8013800	206426
6	8013800	8026646	63915,206426
6	8026646	8064647	63915
6	8073593	8102811	9521
6	8413301	8435794	51000
6	8652370	8654079	728655
6	8784411	8785678	100506207
6	9596343	10211841	266553
6	10393419	10409573	7020
6	10409573	10416679	100130275,7020
6	10416679	10419892	100130275
6	10429488	10435107	221718
6	10439950	10440027	100846998
6	10474733	10478735	101928106
6	10492456	10511269	2651
6	10511269	10514779	101928124,2651
6	10514779	10629601	101928124
6	10671651	10694928	347744
6	10694928	10695030	55003,347744
6	10695030	10710015	55003
6	10723148	10731362	51522
6	10743557	10747896	100506379
6	10747992	10748027	81853
6	10748027	10762956	221711,81853
6	10762956	10838764	221711,4117,81853
6	10838764	10852986	4117
6	10852986	10873456	221711
6	10873456	10882174	221711,9247
6	10882174	10979553	9247
6	10980992	11043757	54898
6	11043757	11044547	54898,100506409
6	11044547	11078459	100506409
6	11094266	11102722	221710,101928218
6	11102722	11111965	221710,101928218,405754
6	11111965	11138964	405754
6	11183531	11382581	4739
6	11537938	11583757	100113407
6	11712287	11807279	84830
6	12008995	12165232	3096
6	12290596	12297427	1906
6	12583147	12585636	101928309
6	12717893	13266774	221692
6	13266774	13288645	221692,51256
6	13288645	13328815	51256
6	13358062	13487894	54438
6	13574816	13614790	23408
6	13615559	13621730	51406
6	13621730	13632971	51406,10048
6	13632971	13711796	10048
6	13786789	13814800	63933
6	13924677	13980533	221687
6	14117872	14137149	9308
6	14280358	14285376	102216342
6	14597745	14599921	101928354
6	15246527	15248046	3720
6	15248046	15248865	100506681,3720
6	15248865	15522252	100506681
6	15523032	15663289	84062
6	15995175	16000028	101928406
6	16129356	16141787	29116
6	16141787	16141855	29116,100616269
6	16141855	16148479	100616269
6	16238811	16295780	2766
6	16299343	16761722	6310
6	17102489	17131603	401236
6	17281577	17294106	221662
6	17393447	17558023	10486
6	17600586	17611950	51439
6	17615269	17706656	9972
6	17759414	17987854	63971
6	18120718	18122851	378884
6	18128542	18155305	7172
6	18155560	18224084	221656
6	18224099	18265054	7913
6	18368779	18469105	255488
6	18572015	18572111	693125
6	19802395	19804983	100506885
6	19837617	19840915	3400
6	20100935	20212670	154141
6	20402398	20493941	1871
6	20534688	21232635	54901
6	21593972	21598847	6659
6	21665003	22135186	401237
6	22135186	22147422	729177,401237
6	22147422	22214734	729177
6	22287480	22297730	5617
6	22569678	22571892	154150
6	24126350	24155128	140767
6	24171984	24357131	51473
6	24357131	24358280	353219,51473
6	24358280	24358512	353219
6	24403153	24424793	57380
6	24424793	24425810	2822,57380
6	24425810	24495080	2822
6	24495080	24495433	7915,2822
6	24495433	24537435	7915
6	24544332	24646383	9856
6	24650205	24667261	51567
6	24667263	24705089	55856
6	24705089	24705293	81688,55856
6	24705293	24721064	81688
6	24775159	24786327	51053
6	24797549	24797601	101928603
6	24797601	24799117	101928603,9750
6	24799117	25042238	9750
6	25081548	25166793	8418
6	25245584	25261639	101928663
6	25279306	25620758	55604
6	25652464	25702011	10590
6	25726291	25726790	221613
6	25727137	25727573	255626
6	25732725	25733055	387319
6	25754927	25781419	10050
6	25783125	25832287	6568
6	25833294	25882514	10786
6	25912982	25930946	10246
6	25963030	25987384	10475
6	26017260	26018040	3024
6	26020718	26021186	8352,8968,8351,8354,8350,8358,8353,8355,8357,8356
6	26021907	26022278	8294,8361,8362,121504,8370,8367,8366,8359,8364,554313,8363,8368,8360,8365
6	26027124	26027480	8294,8361,8362,121504,8370,8367,8366,8359,8364,554313,8363,8368,8360,8365
6	26031817	26032288	8352,8968,8351,8354,8358,8350,8353,8355,8357,8356
6	26033320	26033796	3012,8335
6	26043455	26043885	3018
6	26045639	26046097	8352,8968,8351,8354,8358,8350,8353,8355,8357,8356
6	26055968	26056699	3006
6	26087509	26098571	3077
6	26104104	26104518	8294,8361,8362,121504,8370,8367,8366,8359,8364,554313,8363,8368,8360,8365
6	26107640	26108364	3010
6	26115101	26124154	8344,8339,8347,8346,8343
6	26124373	26139344	8334
6	26156559	26157343	3008
6	26158349	26171577	3017
6	26183958	26184454	8344,8339,8347,8346,8343
6	26188938	26189304	8294,8361,8362,121504,8370,8367,8366,8359,8364,554313,8363,8368,8360,8365
6	26197068	26199079	8352,8968,8351,8354,8350,8358,8353,8355,8357,8356
6	26199079	26199471	8968,8352,3013,8351,8358,8350,8353,8355,8357,8356,8354
6	26199471	26199521	8352,8968,8353,8351,8350,8358,3013
6	26199748	26200942	8344,8339,8347,8346,8343
6	26204858	26206266	8294,8361,8362,121504,8370,8367,8366,8359,8364,554313,8363,8368,8360,8365
6	26216428	26216872	8344,8339,8347,8346,8343
6	26217165	26217711	3012,8335
6	26225383	26225844	8352,8968,8351,8354,8358,8350,8353,8355,8357,8356
6	26234440	26235216	3007
6	26240561	26240976	8294,8361,8362,121504,8370,8367,8366,8359,8364,554313,8363,8368,8360,8365
6	26246886	26247259	8369
6	26250370	26250835	8352,8968,8351,8354,8358,8350,8353,8355,8357,8356
6	26251879	26252303	8345
6	26271146	26271612	8352,8968,8351,8354,8358,8350,8353,8355,8357,8356
6	26273144	26273622	8344,8339,8347,8346,8343
6	26281283	26285762	8294,8361,8362,121504,8370,8367,8366,8359,8364,554313,8363,8368,8360,8365
6	26365387	26378546	11118
6	26383324	26395102	10385
6	26402465	26415444	11119
6	26421619	26432611	54718
6	26440700	26453643	10384
6	26458150	26476849	11120
6	26501449	26510650	696
6	26522076	26526807	493812
6	26538633	26546482	10473
6	26597180	26600278	29777
6	26636518	26659980	79692
6	26686469	26688192	101929855
6	26839263	26924333	387036
6	26924771	26991703	100133205
6	27093676	27100541	8970
6	27100832	27103070	8330,8336,85235,8332,8969,8329
6	27106073	27107076	85236
6	27107076	27108418	8294,8361,8362,121504,8370,8366,8367,8359,8364,554313,85236,8363,8368,8360,8365
6	27108418	27114619	121504
6	27114861	27115317	85235
6	27115405	27115467	100422934
6	27215480	27224403	10279
6	27253682	27279949	94026
6	27292578	27293742	387316
6	27325604	27339304	7754
6	27342394	27371683	346157
6	27418522	27440897	7738
6	27775257	27775709	8340
6	27775899	27776429	8330,8336,85235,8332,8969,8329
6	27777842	27778314	8352,8968,8351,8354,8358,8350,8353,8355,8357,8356
6	27782112	27782607	8331
6	27782822	27783267	8342
6	27791884	27792257	8294,8361,8362,121504,8370,8367,8366,8359,8364,554313,8363,8368,8360,8365
6	27798952	27799305	8294,8361,8362,121504,8370,8367,8366,8359,8364,554313,8363,8368,8360,8365
6	27805658	27806117	8330,8336,85235,8332,8969,8329
6	27806323	27823487	8341
6	27833034	27833606	8330,8336,85235,8332,8969,8329
6	27834570	27835359	3009
6	27839623	27840099	8352,8968,8351,8354,8358,8350,8353,8355,8357,8356
6	27840926	27841289	8294,8361,8362,121504,8370,8367,8366,8359,8364,554313,8363,8368,8360,8365
6	27858093	27860477	8352,8968,8351,8354,8350,8358,8353,8355,8357,8356
6	27860477	27860884	8352,8968,8336,8332,8350,8358,85235,8355,8357,8969,8356,8329,8330,8351,8353,8354
6	27860884	27860963	8336,85235,8969,8329,8330,8332
6	27861203	27861669	8348
6	27878963	27880174	81697
6	27925019	27925960	26212
6	28048753	28057341	7718
6	28058932	28061442	221584
6	28089573	28092338	100129195
6	28092338	28097860	100129195,80345
6	28097860	28105071	80345
6	28109688	28127250	7745
6	28129559	28137372	651302
6	28185421	28186655	222699
6	28192664	28201260	7746
6	28212401	28227011	387032
6	28227098	28228736	222698
6	28249314	28270326	84547
6	28292470	28317691	64288
6	28317691	28324048	64288,80317
6	28324048	28336947	80317
6	28346732	28367511	9753
6	28399707	28411279	222696
6	28471073	28493702	257202
6	28493702	28495992	2880,257202
6	28495992	28502729	2880
6	28539407	28583989	114821
6	28827402	28832407	401242
6	28864307	28865099	414760
6	28870779	28891766	5987
6	28954577	28956313	101929874
6	28962562	28973093	282890
6	29011990	29013017	26692
6	29053985	29055090	442184
6	29079668	29080603	442186
6	29141311	29142351	26707
6	29191750	29258217	101929006
6	29274403	29275519	442191
6	29323007	29341200	81696
6	29341200	29343068	81797,81696
6	29343068	29364416	81797
6	29364416	29365448	81797,26529
6	29365448	29393281	26529
6	29393281	29399744	26531,26529
6	29399744	29407083	26531
6	29407083	29408731	26531,442194
6	29408731	29424848	442194
6	29424958	29432105	26716
6	29454474	29455738	116511
6	29497197	29501345	100507362
6	29523292	29523406	10537
6	29523406	29527702	2550,10537
6	29527702	29550026	2550
6	29550026	29550109	2550,692092
6	29550109	29555683	692092
6	29555683	29556745	692092,7932
6	29556745	29601753	7932
6	29624758	29640149	4340
6	29640169	29648887	346171
6	29690552	29694378	3134
6	29694378	29706305	3134,285830
6	29706305	29716826	285830
6	29718506	29718925	340198
6	29758816	29760850	54435
6	29794744	29798902	3135
6	29893760	29894750	80868
6	29909037	29913661	3105
6	29942889	29946183	10255
6	29968788	29974360	100507399,80862
6	29974360	29977733	100507399,80862,3137
6	29977733	30026676	3137
6	30026676	30029417	30834,3137
6	30029417	30032686	30834
6	30034486	30038043	6992
6	30038043	30038110	6992,80352
6	30038110	30043664	80352
6	30070674	30080883	11074
6	30103885	30116512	135644
6	30119722	30128711	10107
6	30130993	30140473	89870
6	30152232	30181204	7726
6	30201816	30227361	414778
6	30227361	30255174	3139,414778
6	30255174	30260791	414777,3139,414778
6	30260791	30293911	414777,3139
6	30293911	30294256	414777
6	30294256	30294927	414777,202658,56658
6	30294927	30297359	202658,56658
6	30297359	30311506	202658,56658
6	30311506	30312908	202658
6	30312908	30314631	202658,79897
6	30314631	30314661	79897
6	30457244	30461982	3133
6	30509154	30524663	2794
6	30524663	30524951	2794,80742
6	30524951	30531500	80742
6	30539153	30552109	23
6	30552109	30552194	100126314,23
6	30552194	30564956	100126314
6	30568177	30585486	5514
6	30585486	30586389	28973,5514
6	30586389	30594172	28973
6	30594619	30614600	79969
6	30614816	30620896	221545
6	30620896	30620987	221545,8449
6	30620987	30640814	8449
6	30644166	30655672	170954
6	30655824	30659197	11270
6	30667584	30685666	9656
6	30687978	30693203	203068
6	30695486	30710510	10211
6	30710976	30712331	8870
6	30766431	30798436	401247
6	30844198	30858660	100616237,780
6	30858660	30858749	100616237,780
6	30858749	30867933	100616237
6	30875961	30876019	2968
6	30876019	30881883	57176,2968
6	30881883	30894236	57176
6	30899130	30899952	389376
6	30908749	30921998	135656
6	30951495	30957680	394263
6	30978251	31003179	100507679
6	31021227	31027667	285834
6	31079000	31080336	29113
6	31082527	31082867	170679
6	31082867	31088223	1041,170679
6	31088223	31105313	1041
6	31105313	31107127	1041,170680
6	31107127	31107869	170680
6	31110216	31126015	54535
6	31126319	31132119	6941
6	31132119	31134936	5460,6941
6	31134936	31141512	5460
6	31141512	31145676	5460,100130889
6	31145676	31148508	100130889
6	31165537	31171745	253018
6	31236526	31239907	3107
6	31321649	31324965	3106
6	31362066	31363272	101929072
6	31368479	31371356	10866
6	31371356	31383092	100507436,10866
6	31383092	31409444	100507436
6	31409444	31414750	100507436,101929111
6	31414750	31445283	101929111
6	31462658	31478901	4277
6	31496494	31497996	401250
6	31497996	31498009	7919,401250,692199
6	31498009	31504151	7919,692199
6	31504151	31504226	692233,7919,692199
6	31504226	31508878	7919,692233
6	31508878	31508955	692233,7919,692199
6	31508955	31510225	7919,692199,692233
6	31512239	31514647	534
6	31514647	31516204	4795,534
6	31516204	31526606	4795
6	31539831	31542101	4049
6	31543344	31546113	7124
6	31548302	31550299	4050
6	31553901	31556672	7940
6	31556672	31556686	259197,7940
6	31556686	31560762	259197
6	31582961	31584798	199
6	31588497	31590856	7916
6	31590856	31590987	677820,7916
6	31590987	31605548	677820
6	31606805	31620193	7917
6	31620193	31620482	55937,7917
6	31620482	31625987	55937
6	31626075	31628549	57827
6	31629006	31633013	7918
6	31633013	31634060	1460,7918
6	31634060	31637944	1460
6	31637944	31638120	1460,58496
6	31638120	31641553	58496
6	31644461	31651817	80741
6	31654726	31668806	7920
6	31668806	31668868	7920,100616230
6	31668868	31671221	100616230
6	31674640	31674681	259215
6	31674681	31683133	259215,259215
6	31683133	31685581	259215,58530,259215
6	31685581	31685695	259215
6	31686371	31686425	80739
6	31686425	31689622	80739,80740
6	31689622	31694491	80740
6	31694815	31698358	23564
6	31698358	31698394	23564,1192
6	31698394	31707540	1192
6	31707725	31707797	4439
6	31707797	31730576	4439,401251
6	31730576	31732622	4439,401251,401251
6	31732622	31732628	401251,401251
6	31733367	31745108	80737
6	31745295	31763730	7407
6	31765173	31774761	57819
6	31777396	31783291	3305
6	31783291	31783437	3303,3305,3304
6	31783437	31785723	3303,3304
6	31795512	31798031	3303,3304
6	31802385	31804853	50854
6	31804853	31804919	50854,26797
6	31804919	31807541	26797
6	31825436	31830683	4758
6	31830969	31846823	80736
6	31847536	31865464	10919
6	31865562	31867384	717
6	31867384	31869769	717,221527
6	31869769	31895475	221527
6	31895475	31913449	629,221527
6	31913449	31919861	629
6	31919864	31924616	7936,100302242
6	31924616	31924717	7936,100302242
6	31924717	31926857	100302242
6	31926857	31926887	100302242,6499
6	31926887	31937532	6499
6	31937587	31938868	1797
6	31938868	31940069	8859,1797
6	31940069	31949801	8859
6	31949801	31950598	721,8859,720
6	31950598	31970458	721,720
6	31973413	31976228	1590
6	31976391	31980249	7146
6	31982539	32000490	721,100293534
6	32000490	32003195	721,102060414,100293534
6	32003195	32004035	102060414
6	32006042	32008931	1589
6	32008931	32009447	1589,7148
6	32009447	32065953	7148
6	32065953	32083111	1388,7148
6	32083111	32096030	1388
6	32096484	32098068	63943
6	32116136	32121218	100507547,80863
6	32121218	32122150	9374,100507547,80863,80864
6	32122150	32132360	9374,80864
6	32132360	32134011	9374,80864,80864
6	32134011	32135989	80864
6	32135989	32136058	10554,80864
6	32136058	32145873	10554
6	32146131	32148745	6048
6	32148745	32151930	6048,177
6	32151930	32152101	177
6	32152512	32157963	5089
6	32158543	32162620	63940
6	32162620	32163300	63940,4855
6	32163300	32191844	4855
6	32256303	32339684	10665
6	32358287	32361463	414764
6	32361740	32374905	56244
6	32407619	32412823	3122
6	32485120	32498064	3127
6	32520490	32527799	3128
6	32546546	32557625	100996809,100507714,3123,100507709
6	32595956	32614839	100509457,3117
6	32627244	32636160	3119,101060835
6	32709119	32714992	3118
6	32717689	32717756	100616218
6	32723875	32731311	3120
6	32780540	32784825	3112
6	32789610	32806557	6891
6	32808494	32811863	5696
6	32811863	32811913	100507463,5696
6	32811913	32812480	5698,5696,100507463
6	32812480	32812986	5698,100507463
6	32812986	32814272	6890,5698,100507463
6	32814272	32821755	6890,5698
6	32821755	32827362	6890
6	32902406	32908847	3109
6	32916390	32936437	3108
6	32936437	32936871	3108,6046
6	32936871	32949282	6046
6	32971955	32977389	3111
6	33032346	33043703	3113
6	33043703	33048552	3113,3115
6	33048552	33054978	3115
6	33080228	33102442	3116
6	33130458	33160276	1302
6	33161365	33168222	6257
6	33168222	33168630	7922,6257
6	33168630	33172216	7922
6	33172419	33174608	7923
6	33175612	33175721	407002
6	33176272	33180499	6015
6	33217311	33218049	414765
6	33218049	33222766	6293,414765
6	33222766	33239787	6293
6	33239787	33239824	6293,6222
6	33239824	33244287	6222
6	33244917	33246885	8705
6	33246885	33252609	9277,8705
6	33252609	33257079	9277
6	33257079	33257304	9277,10471,102465501
6	33257304	33259431	102465501,10471
6	33259431	33266178	10471,102465501,5863
6	33266178	33267101	5863
6	33267471	33282164	6892
6	33282183	33285719	9278
6	33286335	33297046	1616
6	33359313	33377701	3833
6	33378176	33384219	5252
6	33384219	33384230	51596,5252
6	33384230	33386094	51596
6	33387847	33406108	8831
6	33406108	33406214	8831,100847012
6	33406214	33421466	100847012
6	33422356	33425325	221504
6	33540329	33548019	578
6	33553883	33561115	401253
6	33588142	33662070	3710
6	33662070	33664351	3710,100500873,84300
6	33664351	33665905	84300,100500873
6	33665905	33666011	100500873,84300
6	33666011	33679504	100500873,84300
6	33689444	33714762	117283
6	33738979	33756913	221496
6	33762450	33771788	4295
6	33835283	33861100	100507584
6	33861100	33864691	100507584,100653005
6	33864691	33895408	100653005
6	33967749	33967828	100302123
6	33989628	34123399	2914
6	34204650	34214008	3159
6	34214157	34217247	221491
6	34247456	34256547	11165
6	34256547	34360451	100529239,11165
6	34360451	34385231	100529239
6	34385231	34393825	100529239,6204
6	34393825	34393902	6204
6	34433916	34503006	29993
6	34505579	34524110	25803
6	34555065	34664094	64771
6	34664094	34664636	64771,101929243
6	34664636	34665247	101929243
6	34725183	34741571	6631
6	34759857	34845555	54887
6	34845555	34850915	6882,54887
6	34850915	34855866	6882
6	34857042	35059179	23294
6	35085848	35116387	6954
6	35182190	35220856	222663
6	35226686	35263762	7629
6	35265595	35289548	50619
6	35310335	35395968	5467
6	35420138	35434880	2178
6	35436185	35438562	4736
6	35441374	35464853	7005
6	35465651	35480715	7287
6	35541362	35632494	2289
6	35632494	35632566	2289,100847048
6	35632566	35696360	100847048
6	35701644	35704724	285847
6	35704809	35716856	221481
6	35744371	35747329	389383
6	35748794	35761452	340204
6	35762759	35765088	1208
6	35773070	35800743	222662
6	35800743	35801651	222662,6732
6	35801651	35889119	6732
6	35911291	35992645	116369
6	35995488	36079013	1432
6	36095586	36107842	5603
6	36164521	36200567	27154
6	36210980	36276372	285848
6	36283534	36304662	389384
6	36322419	36356164	51513
6	36358328	36410544	222659
6	36410544	36410666	222659,222658
6	36410666	36458920	222658
6	36461669	36515247	11329
6	36562145	36573377	6428
6	36590213	36590289	100500885
6	36641594	36643047	101154753
6	36644305	36655116	1026
6	36683256	36699870	401258
6	36708552	36807778	57699
6	36822603	36839646	51645
6	36839646	36842800	51645,221477
6	36842800	36896740	221477
6	36922209	36932613	221476
6	36935917	36954074	23787
6	36973422	36996846	221472
6	37137979	37143202	5292
6	37179956	37225548	221468
6	37225548	37225931	221468,55633
6	37225931	37300746	55633
6	37321748	37362514	9025
6	37400995	37450603	23070
6	37450696	37467698	154467
6	37475124	37503392	100505530
6	37511329	37515056	100505550
6	37523141	37523198	100616413
6	37600284	37667082	266727
6	37787275	38122400	60685
6	38136227	38449468	114781
6	38449468	38450307	114781,101929425
6	38450307	38607924	101929425
6	38643701	38670917	2739
6	38683117	38890805	1769
6	38890805	38920875	1769,100131047
6	38920875	38998301	100131047
6	39016574	39055519	2740
6	39071840	39082965	55776
6	39156749	39197226	8645
6	39266777	39282329	89822
6	39282474	39290744	83795
6	39297766	39693181	221458
6	39760142	39849580	23500
6	39849580	39867354	100505635,23500
6	39867354	39867847	23500,100505635,4337
6	39867847	39872648	100505635,4337
6	39872648	39902290	4337
6	40302693	40312083	732253
6	40312083	40313890	401260,732253
6	40313890	40326483	401260
6	40326483	40337213	401260,101929515
6	40337213	40347624	101929515
6	40359325	40555204	57497
6	40681150	40683102	101929535
6	40994772	41001366	222643
6	41001366	41006928	221443,222643
6	41006928	41010293	221443
6	41010293	41012076	221443,222642
6	41012076	41021043	222642
6	41021043	41032250	10930,222642
6	41032250	41040684	10930
6	41040684	41065526	4800,10930
6	41065526	41067715	4800
6	41068761	41108571	221442
6	41117080	41122075	340205
6	41126244	41130924	54209
6	41158015	41168932	79865
6	41176292	41190382	340206
6	41196062	41206620	285852
6	41215107	41217387	221438
6	41235664	41254457	54210
6	41303393	41318625	9436
6	41462591	41514164	101060264
6	41514164	41516359	116113,101060264
6	41516359	41566461	116113
6	41566461	41566526	100616178,116113
6	41566526	41570122	100616178
6	41604620	41621984	4188
6	41651716	41703997	7942
6	41704449	41721847	5225
6	41737914	41748087	10817
6	41748087	41754280	29964,100188893,10817
6	41754280	41755400	100188893,29964
6	41755400	41757634	100188893,29964
6	41757634	41757636	25862,100188893,29964
6	41757636	41757879	25862,100188893,29964
6	41757879	41863099	100188893
6	41873092	41888877	9477
6	41888926	41900784	705
6	41902671	42018095	896
6	42018251	42055199	129685
6	42068856	42110357	647024
6	42123144	42147794	2978
6	42152139	42162654	2979
6	42174539	42185603	55173
6	42192669	42419789	55809
6	42531800	42661242	23304
6	42664340	42690312	5961
6	42712219	42714558	6903
6	42749765	42836298	23506
6	42847356	42857663	285855
6	42858005	42858554	441150
6	42883727	42893573	171558
6	42896938	42907025	10695
6	42928496	42931608	27232
6	42931608	42931618	5190,27232
6	42931618	42946958	5190
6	42952237	42979832	5528
6	42979832	42980080	4201,5528
6	42980080	42981706	4201
6	42981951	42989036	116138
6	42989383	43001894	88745
6	43005355	43008515	9820
6	43008515	43021683	9820,89953
6	43021683	43021767	89953
6	43021767	43027544	51069,89953
6	43027544	43042837	51069
6	43044006	43129457	5754
6	43139037	43149243	6722
6	43149913	43192325	23113
6	43193367	43197222	10591
6	43211418	43255997	84630
6	43263432	43267448	10864
6	43267448	43273276	401262,10864
6	43273276	43274872	401262
6	43274872	43276535	401262,24149
6	43276535	43337216	24149
6	43395104	43418090	89845
6	43418090	43418168	89845,65989
6	43418168	43424370	65989
6	43445261	43474294	93643
6	43474707	43477440	221424
6	43477440	43478424	221424,9533
6	43478424	43479565	9533
6	43479565	43484728	25844,9533
6	43484728	43490072	25844
6	43490072	43497323	57510,25844
6	43497323	43543812	57510
6	43543887	43573053	5429
6	43573053	43586701	54676,5429
6	43586701	43596899	54676
6	43597277	43608689	9587
6	43612783	43639040	221421
6	43639040	43640336	221421,55168
6	43640336	43655528	55168
6	43737921	43754224	7422
6	43963460	43968317	101929705
6	43968317	43973695	101929705,221416
6	43973695	44041650	221416
6	44041650	44042389	101929683,221416
6	44042389	44045689	101929683
6	44081194	44094651	64928
6	44094651	44095194	64928,55362
6	44095194	44123256	55362
6	44126548	44152139	11131
6	44184676	44185973	101929726
6	44187242	44201888	2030
6	44214824	44221620	3326
6	44221833	44221943	100616124,347734
6	44221943	44222022	100616124,347734
6	44222022	44225291	100616124
6	44225903	44233500	4794
6	44238203	44246480	441151
6	44246480	44265458	202500,441151
6	44265458	44267391	202500
6	44267391	44275243	202500,57505
6	44275243	44281063	57505
6	44310397	44344904	221409
6	44355262	44403378	988
6	44403378	44403459	100616352,988
6	44403459	44418163	100616352
6	44777054	45165411	8464
6	45165411	45165507	693171,8464
6	45165507	45295894	693171
6	45295894	45345690	860,693171
6	45345690	45632086	860
6	45868045	46048132	53405
6	46097730	46114436	22875
6	46126924	46138708	59084
6	46188475	46459709	10231
6	46459789	46500495	101926898
6	46517541	46620523	51302
6	46620678	46638181	9481
6	46638181	46645930	101926934,9481
6	46645930	46655612	101926934
6	46655612	46655902	221400,101926934
6	46655902	46671938	221400
6	46671938	46672056	7941,221400
6	46672056	46703430	7941
6	46714654	46727243	100287718
6	46761127	46807515	4224
6	46820249	46871208	221395
6	46871208	46876815	221395,101926962
6	46876815	46922680	101926962
6	46965440	47010099	266977
6	47199268	47277641	27242
6	47445525	47594999	23607
6	47624172	47653600	222611
6	47653600	47665533	222611,221393
6	47665533	47689757	221393
6	47749718	47800516	221391
6	47845764	48036425	442213
6	49398073	49430904	4594
6	49431091	49460820	55166
6	49467671	49494760	389396
6	49518113	49529620	135398
6	49572871	49604552	6005
6	49660073	49681274	7180
6	49695097	49712150	10321
6	49753366	49755053	5232
6	49785143	49788155	101927020
6	49791425	49792495	101927048
6	49801970	49844809	167
6	49913814	49917157	403339
6	49927962	49931818	245928
6	49936390	49937338	245927
6	49976851	49989694	245913
6	50011288	50016364	245915
6	50061424	50066995	100505985
6	50681541	50740701	83741
6	50786436	50815326	7021
6	51464521	51480098	101927082
6	51480098	51487682	5314,101927082
6	51487682	51952423	5314
6	52009147	52009232	406989
6	52013721	52013839	442890
6	52051185	52055436	3605
6	52101479	52109335	112744
6	52128807	52149679	4172
6	52226219	52272575	85315
6	52285106	52362200	114327
6	52362200	52387892	114327,9697
6	52387892	52441713	9697
6	52442105	52448783	401264
6	52529946	52533953	730101
6	52535907	52551386	28978
6	52614897	52628367	2939,2938
6	52656462	52668708	2938
6	52696453	52710893	221357
6	52761437	52774483	2940
6	52842751	52860176	2941
6	52860418	52860748	125050
6	52866077	52916789	22858
6	52916789	52926600	26268,22858
6	52926600	52965671	26268
6	52991762	53013627	8521
6	53132196	53141791	60481
6	53141791	53141869	60481,100847075
6	53141869	53201741	100847075
6	53201741	53202144	100847075,647190
6	53202144	53213947	647190
6	53362139	53426087	2729
6	53426087	53481768	101927136,2729
6	53481768	53481969	101927136
6	53493178	53496192	101927171
6	53512699	53530506	401265
6	53659295	53788919	55227
6	53794780	53794820	90523
6	53794820	53862465	90523,101927189
6	53862465	53863688	101927189
6	53863688	53871950	100874282,101927189
6	53871950	54131078	100874282
6	54172657	54254950	27283
6	54711569	54806820	222584
6	55039050	55147418	3062
6	55192267	55267291	389400
6	55299167	55444012	54511
6	55618443	55740362	653
6	55921388	56258892	81578
6	56322785	56819426	667
6	56819773	56892140	221336
6	56911347	56920023	57691
6	56951642	56979692	26036
6	56979692	57035105	26036,101927211
6	57035105	57037124	101927211
6	57037124	57039034	9532,101927211
6	57039034	57053607	9532
6	57053607	57054631	51715,9532
6	57054631	57087078	51715
6	57179603	57254930	5558,100996481
6	57254930	57255010	5558,100422884,100996481
6	57255010	57513375	100422884
6	57690895	57691645	101927293
6	58263736	58265293	101930227
6	58272352	58287779	728411,100996497
6	62284008	62284534	100463487
6	62389865	62996132	202559
6	63985856	64029882	51557
6	64231666	64293492	7803
6	64345725	64429876	23469
6	64429876	64489229	23469,346007
6	64489229	66417118	346007
6	68936864	69039791	101928280
6	69345259	70099403	577
6	70385694	70507003	55788
6	70576463	70919679	1310
6	70924764	71012786	1297
6	71104590	71109120	101928353
6	71122644	71270877	57579
6	71276620	71299272	135154
6	71377479	71566382	60682
6	71566382	71571718	60682,135152
6	71571718	71666741	135152
6	71998506	72018653	79627
6	72054047	72086663	79940
6	72086663	72086734	79940,407032
6	72086734	72113254	407032
6	72113254	72113324	407029,407032
6	72113324	72130472	407029
6	72596406	73112845	22999
6	73331520	73340223	56479
6	73340223	73388282	56479,100507381
6	73388282	73677410	100507381
6	73677410	73677476	100423005,100507381
6	73677476	73844526	100423005
6	73844526	73853237	100873997,100423005
6	73853237	73908574	100873997
6	73933267	73935493	100129128
6	73951037	74020088	80759
6	74062785	74064018	340168
6	74072400	74073894	154288
6	74078278	74104471	441161
6	74104471	74104856	441161,55510
6	74104856	74123238	55510
6	74123238	74127292	115004,55510
6	74127292	74161999	115004
6	74171301	74218959	25821
6	74225473	74233520	1915
6	74303102	74363878	26503
6	74403626	74405508	101928489
6	74405508	74405854	135228,101928489
6	74405854	74538040	135228
6	74779167	75400443	101928516
6	75794042	75915767	1303
6	75947391	75960039	1347
6	75962640	75994684	55754
6	75994730	76001575	100506804
6	76001575	76006719	27145,100506804
6	76006719	76138123	27145
6	76138123	76138189	100616389,27145
6	76138189	76164660	100616389
6	76164660	76168616	101928540,100616389
6	76168616	76203454	101928540
6	76311225	76427997	26054
6	76458909	76629254	4646
6	76630832	76782395	3617
6	78171948	78173490	3351
6	78400375	78636691	101928601
6	79577189	79645584	134728
6	79645584	79656157	55023,134728
6	79656157	79787953	55023
6	79910962	79943435	9324
6	79943435	79944406	100288198,9324
6	79944406	79946514	100288198
6	80194708	80247175	167691
6	80341000	80413372	83699
6	80624529	80657297	6785
6	80713604	80752244	7272
6	80816364	81055987	594
6	81176675	81178797	101928714
6	82201156	82462491	55603
6	82523003	82523874	101928770
6	82879700	82957471	25998
6	83072923	83080545	7162
6	83602117	83775560	90025
6	83777385	83870869	23033
6	83870869	83881069	5238,23033
6	83881069	83903098	5238
6	83903098	83903655	112611,5238
6	83903655	83908651	112611
6	83920108	84140797	4199
6	84222194	84235423	167681
6	84262599	84419410	9892
6	84562985	84567234	134701
6	84569362	84677143	51167
6	84743475	84800600	112609
6	84833960	84937353	22832
6	85397069	85474237	9096
6	86096937	86099904	101928820
6	86159809	86205500	4907
6	86215214	86303874	57231
6	86318053	86353510	10492
6	86370710	86388451	692088,26799
6	87647024	87726349	3354
6	87795216	87804824	1081
6	87862551	87973914	23036
6	87992696	88032301	375519
6	88032301	88038996	57150,375519
6	88038996	88052043	57150
6	88054567	88075181	206412
6	88117701	88117730	154313
6	88117730	88174183	154313,154313
6	88174183	88180341	154313
6	88180341	88221352	154313,10559
6	88221352	88222054	10559
6	88224096	88299721	57038
6	88299839	88377169	23595
6	88384790	88411927	55122
6	88757507	88776550	81833
6	88849583	88876078	1268
6	89319985	89673348	8732
6	89790470	89794879	10957
6	89805678	89827800	135295
6	89855769	89875284	135293
6	89887220	89940997	2569
6	89966927	90025018	2570
6	90036344	90062567	51465
6	90074355	90121989	58528
6	90142889	90277863	22881
6	90277863	90343553	57226,22881
6	90343553	90348472	57226
6	90352218	90529442	23195
6	90604188	90605839	84694
6	90636248	91006627	60468
6	91022461	91022552	100616109
6	91223292	91296764	6885
6	92231378	92231455	100616174
6	92339633	92400146	101929083
6	93949738	94129265	2045
6	96023059	96025326	101927288
6	96025419	96057333	79694
6	96463860	96663488	10690
6	96969471	97003152	23376
6	97010424	97064512	9457
6	97242002	97285353	81491
6	97337189	97345757	29078
6	97372605	97588630	114792
6	97590037	97731093	253714
6	98150157	98155979	101927314
6	98472407	98472497	100302164
6	99282580	99286660	5454
6	99316420	99395849	26235
6	99572485	99572572	100616347
6	99719045	99797938	84553
6	99817276	99842080	51805
6	99845927	99873207	25957
6	99880190	99969604	85015
6	99990256	100016849	892
6	100054606	100063454	59336
6	100367786	100441820	84539
6	100441820	100442123	84539,728012
6	100442123	100524289	728012
6	100832891	100912805	6492
6	100956070	101329248	10973
6	101846664	102517958	2898
6	105175968	105307794	57531
6	105384169	105388402	100113403
6	105404923	105531207	389421
6	105544697	105584183	11149
6	105584183	105585049	154442,11149
6	105585049	105606155	154442
6	105606155	105617820	64208,154442
6	105617820	105627870	64208
6	105725440	105850959	5550
6	106534195	106557814	639
6	106632351	106773666	9474
6	106959730	107018326	202
6	107018903	107077373	84816
6	107077453	107116292	55278
6	107165327	107232000	100422737
6	107232000	107232095	100422737,693172
6	107232095	107235416	693172
6	107349407	107372546	51250
6	107386386	107436473	57673
6	107473761	107780768	57107
6	107811162	107981357	55084
6	108025308	108145521	256380
6	108188960	108279393	11231
6	108362613	108444719	28962
6	108444719	108480596	100287366,28962
6	108480596	108487058	100287366
6	108487262	108510013	7101
6	108532426	108582464	8724
6	108616098	108847999	246269
6	108881038	109005977	2309
6	109072857	109091145	387111
6	109169619	109295186	84071
6	109307640	109416022	27244
6	109416313	109485135	285753
6	109612231	109676266	221262
6	109687717	109703762	8763
6	109711418	109761966	285755
6	109761966	109762374	6610,285755
6	109762374	109765122	6610
6	109765265	109783797	64780
6	109783797	109787171	64780,9841
6	109787171	109804440	9841
6	109814059	110012420	221264
6	110012499	110146631	9896
6	110299514	110301921	2830
6	110421022	110501207	8936
6	110501344	110567131	51362
6	110567131	110575478	51362,728464
6	110575478	110679475	728464
6	110712974	110736765	8528
6	110745890	110797844	85413
6	110931181	111137161	23097
6	111195973	111216916	262
6	111279763	111289093	112495
6	111303218	111349466	84154
6	111368071	111368724	442245
6	111408781	111552397	117247
6	111580551	111592370	91749
6	111620234	111804714	5980
6	111804714	111804918	5980,643749
6	111804918	111877657	643749
6	111877657	111919505	643749,10758
6	111919505	111921078	10758
6	111921078	111923498	643749,10758
6	111923498	111927481	643749
6	111981535	112194655	2534
6	112375275	112391980	8838
6	112391980	112392171	8838,51175
6	112392171	112408732	51175
6	112408802	112423993	619208
6	112429963	112557294	3910
6	112557294	112576141	3910,101927640
6	112576141	112668532	101927640
6	112668532	112671296	101927640,442247
6	112671296	112672498	442247
6	113944737	113971276	101927686
6	114178541	114184648	4082
6	114189178	114194516	285758
6	114225302	114242806	285759
6	114254192	114290865	3066
6	114290865	114332472	101927768,3066,101927794
6	114332472	114376750	101927768,101927794
6	114376750	114664209	101927768,101927794,222537
6	114664209	114792869	101927794,222537
6	116252312	116381921	2444
6	116422012	116440086	221294
6	116440086	116479910	1300,221294
6	116479910	116570660	1300
6	116571151	116575261	23270
6	116575336	116575370	29940
6	116575370	116577906	29940,100506496
6	116577906	116597741	100506496
6	116597741	116601066	100506496,7259
6	116601066	116762424	7259
6	116782533	116784934	441168
6	116816152	116832809	100128327
6	116832809	116845955	100128327,254228
6	116845955	116850174	254228
6	116850174	116866773	221301,254228
6	116866773	116880031	221301
6	116892530	116918838	51389
6	116937642	116954148	345895
6	116956781	116989957	221302
6	117002350	117063029	3841
6	117073363	117086886	221303
6	117113248	117150200	222545
6	117198375	117253326	222546
6	117586721	117594728	245806
6	117609463	117639374	6098
6	117639374	117747018	6098,57120
6	117747018	117774980	57120
6	117774980	117891021	57120,285761
6	117891021	117923691	285761
6	117996665	118031803	116150
6	118228689	118638839	222553
6	118781935	118822593	387119
6	118822593	118824069	23629,387119
6	118824069	118869461	23629
6	118869461	118881893	23629,5350
6	118881893	119031238	5350
6	119078681	119104583	100287632
6	119134605	119215384	254394
6	119215384	119230332	25842,254394
6	119230332	119256327	25842
6	119280928	119390212	79632
6	119390212	119390308	693128,79632
6	119390308	119470552	693128
6	119498374	119670926	4121
6	120336325	120336403	100422951
6	121400640	121655891	221322
6	121756838	121770873	2697
6	122720691	122754264	3298
6	122764499	122792967	57515
6	122793076	123047518	5570
6	123100620	123105219	2173
6	123110315	123130865	10924
6	123317116	123394072	134829
6	123537483	123732857	10345
6	123732857	123792904	10345,101927990
6	123792904	123958238	101927990
6	124125286	125146803	154215
6	125230239	125283691	7955
6	125283691	125284185	7955,154214
6	125284185	125413779	154214
6	125440195	125541108	7164
6	125541108	125585553	51020,7164
6	125585553	125623282	51020
6	125995499	126041364	643623
6	126068810	126082415	23493
6	126102307	126252266	135112
6	126277927	126301387	135114
6	126307576	126360422	60487
6	126661320	126670021	387103
6	126805777	126805859	693173
6	127439749	127518910	84870
6	127587755	127609712	81847
6	127609855	127664754	55862
6	127759551	127761488	387104,9729,9729
6	127761488	127780536	387104,9729,9729
6	127780536	127840146	387104,9729
6	127840146	127840500	387104,9729
6	127840600	127912962	352999
6	128029217	128239776	387357
6	128289924	128349031	5796
6	128349031	128406393	101928140,5796
6	128406393	128841870	101928140
6	129204342	129837714	3908
6	129897277	130031370	93663
6	130152389	130182692	253582
6	130334844	130462594	84456
6	130465460	130686570	154075
6	130686879	130764208	114801
6	131148546	131158275	100507203
6	131160487	131384462	2037
6	131456806	131604675	9465
6	131894284	131895106	383
6	131895106	131905472	9439,383
6	131905472	131949369	9439
6	131949582	132021520	5169
6	132021520	132022635	79541,5169
6	132022635	132029581	79541
6	132029581	132032206	100142659,100128553,643854,79541
6	132032206	132068553	100128553,100142659
6	132113312	132113371	100616455
6	132129156	132216295	5167
6	132269316	132272513	1490
6	132436332	132436403	100616191
6	132453055	132490514	100507254
6	132617194	132722684	26002
6	132767006	132834337	8417
6	132859429	132860470	134860
6	132873832	132874860	83551
6	132891461	132892498	319100
6	132909731	132910877	9038
6	132929364	132930441	9288
6	132938161	132945414	9287
6	132966123	132967142	134864
6	133002729	133035188	8876
6	133065009	133084598	8875
6	133090509	133119701	116843
6	133135580	133136446	6206
6	133136446	133136518	594837,6206
6	133136518	133137941	594837
6	133137941	133138016	594837,594838
6	133138016	133138358	594838
6	133138358	133138487	594838,594839
6	133138487	133138703	594839
6	133409219	133427717	285735
6	133561736	133756215	2070
6	133756215	133760602	101928164,2070,100507308
6	133760602	133823390	100507308
6	133823390	133853258	100507308,100507308
6	133853258	134142285	100507308
6	134142285	134172938	100507308,154089
6	134172938	134210276	154089
6	134210276	134213074	6943,154089
6	134213074	134216691	6943
6	134273308	134309835	9519
6	134309835	134311570	9519,154091
6	134311570	134373774	154091
6	134436373	134436874	387065
6	134490384	134639250	6446
6	134758854	134825719	154092
6	134846452	134980974	101928304
6	135027198	135028487	101928277
6	135238528	135271260	64577
6	135281516	135424194	10767
6	135502453	135540311	4602
6	135560298	135560394	693126
6	135604670	135818489	54806
6	135818489	135818914	54806,100131814
6	135818914	136037193	100131814
6	136128286	136129604	101928326
6	136172834	136364990	27115
6	136364990	136393965	27115,644135
6	136393965	136516712	644135
6	136552162	136571473	113115
6	136578001	136610989	9774
6	136663875	136871957	9053
6	136878185	136950310	4217
6	136950310	136969137	4217,101928461
6	136969137	137113656	101928461
6	137143717	137235075	5191
6	137243402	137246777	340146
6	137303302	137314371	100294720
6	137321108	137366298	53832
6	137464968	137494785	116379
6	137518621	137540586	3459
6	137813336	137815531	167826
6	138051307	138060120	100507406
6	138144810	138188351	100130476
6	138188351	138189370	7128,100130476
6	138189370	138204449	7128
6	138409642	138428648	64065
6	138483058	138537129	57221
6	138537129	138539627	59351,57221
6	138539627	138665800	59351
6	138724668	138743180	23593
6	138743180	138743334	57224,23593
6	138743334	138756350	57224
6	138756350	138756431	57224,100423001
6	138756431	139013685	100423001
6	139013685	139013708	100423001,441172
6	139013708	139018425	441172
6	139094657	139114456	25901
6	139117063	139224630	345930
6	139224630	139225207	345930,85021
6	139225207	139309398	85021
6	139349819	139364439	58527
6	139456249	139501939	51696
6	139561198	139613276	167838
6	139693393	139695757	10370
6	139791301	139794192	645434
6	140175987	140181288	100132735
6	140526389	140526463	100500879
6	141004951	141005020	100616180
6	142379467	142409936	4829
6	142468367	142545826	51534
6	142622991	142767403	57211
6	142847592	142959026	153910
6	143072604	143266338	3097
6	143287558	143359214	100507489
6	143381633	143661441	51390
6	143743969	143771810	134637
6	143771944	143811147	8504
6	143815948	143832827	2519
6	143857982	143875462	9749
6	143875462	143883168	285740,9749
6	143883168	144152322	285740
6	144164481	144184949	84946
6	144185573	144259483	153918
6	144261437	144385735	5325
6	144416018	144416754	83443
6	144471663	144509507	8676
6	144606837	145174170	7402
6	145822719	146057160	7957
6	146114638	146135889	84085
6	146136048	146185381	100507557
6	146185381	146207721	257218,100507557
6	146207721	146285559	257218
6	146348782	146758734	2911
6	146864829	146876101	10981
6	146915652	146920067	101928661
6	146920101	147123495	79747
6	147123495	147124960	729176,79747
6	147124960	147136598	729176
6	147163037	147525561	729178
6	147525561	147525750	729178,134957
6	147525750	147706866	134957
6	147708800	147711601	134957
6	147830063	148058683	389432
6	148593440	148873186	23328
6	149068464	149276764	10090
6	149276764	149285820	10090,100128176
6	149285820	149398126	100128176
6	149539062	149539777	101928709
6	149539777	149565208	101928709,23118
6	149565208	149721495	23118
6	149721495	149722177	23118,387082
6	149722177	149732749	387082
6	149768794	149806197	340152
6	149825869	149867174	85313
6	149887430	149912884	116254
6	149916009	149970108	11104
6	149979289	150039392	9113
6	150045451	150070579	348995
6	150070579	150070801	348995,5110
6	150070801	150132556	5110
6	150139934	150183733	84918
6	150183733	150186199	100652739,84918
6	150186199	150204511	100652739
6	150204511	150205567	100652739,135250
6	150205567	150219238	100652739,135250,135250
6	150219238	150238014	100652739,135250
6	150238014	150240643	100652739,135250,353091
6	150240643	150240644	100652739,353091
6	150240644	150244257	353091
6	150263136	150270371	80328
6	150285143	150294846	80329
6	150319155	150326293	646024
6	150339470	150346668	154064
6	150384286	150390231	79465
6	150464212	150571493	81706
6	150690028	150727105	389434
6	150920999	151164799	57480
6	151186685	151423023	25902,100996643,101928195
6	151561134	151679692	9590
6	151685252	151712683	57621
6	151725989	151773259	55005
6	151773422	151791236	79624
6	151815165	151942328	80129
6	151977826	152442819	2099
6	152442819	152450754	2099,23345
6	152450754	152958936	23345
6	153019030	153045702	80177
6	153071933	153080900	7432
6	153291664	153304714	26271
6	153308497	153323820	54516
6	153325594	153452384	26575
6	154331631	154475631	4988
6	154475631	154568001	26034,4988
6	154568001	154677926	26034
6	154708638	154831793	154043
6	155054459	155153831	22828
6	155153831	155155192	26230,22828
6	155155192	155174494	26230
6	155174494	155174570	26230,100422821
6	155174570	155578643	100422821
6	155578643	155578857	100422821,51106
6	155578857	155585147	51106
6	155585147	155597682	51106,49861
6	155597682	155635627	49861
6	155716504	155777037	50508
6	156267931	156268013	100302259
6	157099063	157100812	57492
6	157100812	157100865	100616154,57492
6	157100865	157531913	100616154
6	157710418	157744633	729515
6	157802165	157950164	79683
6	157950164	157950232	100500899,79683
6	157950232	158099178	100500899
6	158244296	158366109	51429
6	158402888	158422139	8871
6	158422139	158423415	100874300,8871
6	158423415	158520208	100874300
6	158530536	158589312	84947
6	158589384	158620376	404672
6	158703295	158733390	101930415
6	158733692	158932860	56995
6	158957468	159030738	57583
6	159030738	159042668	102465694,57583
6	159042668	159056460	102465694
6	159057506	159065771	6993
6	159071046	159185693	94120
6	159185693	159185785	100500851,94120
6	159185785	159185908	100500851
6	159186773	159239043	7430
6	159239043	159240444	7430,101409257
6	159240444	159241625	101409257
6	159262149	159278664	202459
6	159290971	159331385	100130967
6	159393903	159421219	83861
6	159455500	159466184	117289
6	159586941	159590429	101929122
6	159590429	159591039	101929122,84624
6	159591039	159693141	84624
6	160007987	160010201	401281
6	160090089	160146617	6648,100129518
6	160146617	160177351	9589,6648,100129518
6	160177351	160181360	9589
6	160181360	160183561	39,9589
6	160183561	160199530	39
6	160199530	160200144	677812,39,6950
6	160200144	160201282	6950,677812
6	160201282	160201413	677812,677806,6950
6	160201413	160206626	677806,6950
6	160206626	160206765	677812,677806,6950
6	160206765	160210781	6950,677806,677812
6	160210844	160219468	29074
6	160221298	160241736	154197
6	160327974	160329108	4142
6	160390131	160424323	3482
6	160424323	160428696	3482,100271873
6	160428696	160514114	100271873
6	160514114	160517244	729603,100271873
6	160517244	160534539	729603
6	160542821	160579750	6580
6	160592093	160698670	6582
6	160769300	160874460	6581
6	160874460	160876014	6581,80350
6	160876014	160932156	80350
6	160952515	161087407	4018
6	161123270	161174347	5340
6	161412759	161538417	4216
6	161551011	161695093	56895
6	161768452	163148164	5071
6	163148164	163148803	135138,5071
6	163148803	163463589	135138
6	163463589	163475193	135138,101929239
6	163475193	163736524	101929239
6	163834097	163834992	100526820
6	163835032	163999628	9444
6	165693153	165723096	168090
6	165740776	166322290	10846
6	166322290	166400091	90632,10846
6	166400091	166401536	90632
6	166571144	166582188	6862
6	166650457	166657197	101929297
6	166719168	166721936	285800
6	166733216	166756079	113402
6	166778407	166796486	51660
6	166822852	166874151	6196
6	166874151	166878871	6196,100874353
6	166878871	166922842	100874353
6	166922842	166922921	100302141,100874353
6	166922921	167317186	100302141
6	167317186	167318323	100302141,100861523
6	167318323	167319939	100861523
6	167342992	167370679	8635
6	167411295	167411400	100500857
6	167412670	167466201	11116
6	167525295	167553184	1235
6	167559902	167569759	401285,6953
6	167569759	167571817	2853,401285,6953
6	167571817	167610401	2853
6	167684657	167729507	54346
6	167738574	167770521	83887
6	167770521	167772991	83887,6953
6	167772991	167797998	6953
6	168067520	168079950	401286
6	168224556	168227389	653483
6	168227602	168372703	4301
6	168393502	168396921	100505879
6	168396921	168397757	100505879,3834
6	168397757	168445769	3834
6	168456425	168482237	79981
6	168643618	168663261	101929420
6	168693510	168720434	168002
6	168841831	169073984	64094
6	169434292	169435737	101929460
6	169558187	169563019	101929484
6	169575401	169582835	101929504
6	169615875	169654139	7058
6	169857307	170102159	253769
6	170102233	170104001	387263
6	170104001	170106401	55274,387263
6	170106401	170124151	55274
6	170140210	170151655	6991
6	170151718	170181680	55780
6	170188886	170190417	401288
6	170190417	170198921	401288,80069
6	170198921	170202969	80069
6	170563422	170571657	154449
6	170575757	170581562	285804
6	170581562	170585850	401289,285804
6	170585850	170588975	401289
6	170591294	170599561	28514
6	170599791	170639849	84498
6	170639849	170639932	84498,100616430
6	170639932	170716153	100616430
6	170844205	170862429	5689
6	170863390	170881958	6908
6	170884383	170893780	5134
