7	77038	80418	101930221,101928932
7	149597	155465	100507642
7	192969	300711	56975
7	302918	304070	100996433
7	419325	422678	442497
7	536895	559933	5154
7	560028	564869	441307
7	588834	601595	5575
7	601595	605256	101927000,5575
7	605256	642822	101927000
7	642822	648119	101927000,101926963
7	648119	766338	101926963
7	766338	767287	101926963,54919
7	767287	829190	54919
7	855528	916189	23353
7	916189	936072	23353,51608
7	936072	936073	51608
7	937540	938415	11033
7	938415	995043	90639,11033
7	995043	1015235	90639
7	1022835	1029276	54905
7	1036622	1062569	84310,101930223
7	1062569	1062662	101930223,84310,442907
7	1062662	1084212	442907
7	1084212	1098897	115330,442907
7	1098897	1121844	115330
7	1121844	1133451	115330,2852
7	1133451	1177896	2852
7	1191707	1200010	90637
7	1200010	1200395	90637,101927021
7	1200395	1204903	101927021
7	1272543	1276954	340260
7	1468101	1499138	79778
7	1509913	1545489	26173
7	1570350	1581871	7975
7	1581871	1582679	202915,7975,101927064
7	1582679	1600457	202915,101927064
7	1606966	1609709	84262
7	1609709	1610641	84262,114796
7	1610641	1629262	114796
7	1654226	1654961	260341
7	1727755	1778266	392617
7	1778266	1781927	101927125,392617
7	1781927	1787590	101927125
7	1855429	1878222	8379
7	1878222	1883816	100128374,8379
7	1883816	1883889	100128374,100616160,8379
7	1883889	1889567	100616160
7	1889567	2272878	100128374
7	2273866	2281840	29960
7	2281857	2290781	4521
7	2291405	2393721	29886,102465503
7	2393721	2393953	29886,102465503,8662
7	2393953	2420380	8662
7	2443223	2474242	55501
7	2477398	2487485	101927181
7	2552163	2566708	3955
7	2566708	2566779	100616116,3955
7	2566779	2568811	100616116
7	2577511	2595361	221927
7	2598632	2654368	23288
7	2671585	2704436	80727
7	2719156	2767746	155185
7	2767746	2815134	155185,2768
7	2815134	2883958	2768
7	2945775	2983669	84433
7	2983669	2986725	101927256,84433
7	2986725	3083579	101927256
7	3341080	4308632	221935
7	4683388	4811074	221937
7	4815253	4828196	100616465,9907
7	4828196	4828270	100616465,9907,100616465
7	4828270	4833943	100616465
7	4836686	4897364	55698
7	4897364	4901625	56903,55698
7	4901625	4923350	56903
7	4945620	4998844	221938
7	5013619	5023349	441191
7	5023349	5080306	441191,100533952
7	5080306	5085452	100533952
7	5085452	5109119	100533952,57786
7	5109119	5111756	57786
7	5111756	5112852	389458,57786
7	5112852	5112854	389458
7	5160870	5184177	645700
7	5229819	5273457	26100
7	5314000	5346421	222962
7	5346421	5346501	222962,84629
7	5346501	5465045	84629
7	5465908	5468558	100129484
7	5470966	5535450	80028
7	5535450	5535548	80028,693174
7	5535548	5553429	693174
7	5566782	5603415	60
7	5632439	5646286	6624
7	5659678	5702063	54476
7	5702063	5720092	100874342,54476
7	5720092	5821370	100874342
7	5919458	5925993	654231
7	5938356	5965181	51622,221960
7	5965181	5965605	51622,221960,222967
7	5965605	6010314	222967
7	6012870	6048756	5395
7	6048876	6061881	7965
7	6061881	6063465	7965,27102
7	6063465	6071007	27102
7	6071007	6076017	27102,100310846
7	6076017	6098861	100310846
7	6144515	6201195	84132
7	6201407	6312275	9265
7	6369040	6388612	84792
7	6414154	6443608	5879
7	6448757	6485584	221955
7	6485584	6523821	221955,11014
7	6523821	6523873	11014
7	6537093	6591067	392862
7	6617065	6629005	55146
7	6629648	6648357	79034
7	6655248	6663921	54753
7	6728064	6746554	7559
7	6749759	6793493	441194
7	6793740	6833765	728194,222967
7	6833765	6838996	222967,728194,51622,221960
7	6838996	6866401	51622,221960
7	7106595	7106676	100500886
7	7196565	7288282	56913
7	7294785	7317410	101927354
7	7395834	7575484	340267
7	7589735	7592071	101927391
7	7606503	7648560	54468
7	7676149	7758238	6119
7	7989484	7990340	100505921
7	8008425	8133902	113263
7	8152814	8301863	3382
7	8301863	8302317	100505938,3382
7	8302317	8302451	100505938
7	8473585	8792593	30010
7	10971578	10979883	4697
7	11013499	11209250	9678
7	11409984	11871824	221981
7	12250867	12282993	54664
7	12370511	12443567	221806
7	12610203	12693228	85477
7	12726481	12730559	10124
7	13930853	14031050	2115
7	14184674	15014402	1607
7	15239943	15601640	392636
7	15650837	15726437	4223
7	15728003	15735116	101927524
7	16130817	16250113	729920
7	16250113	16310229	100506025,729920
7	16310229	16460947	100506025
7	16501106	16566505	25928
7	16566505	16570205	25928,100506049
7	16570205	16621193	100506049
7	16639401	16685442	57037
7	16685756	16746148	28969
7	16793160	16824161	27075
7	16831435	16873057	10551
7	16899029	16921611	155465
7	17319458	17338246	101927609
7	17338246	17338981	196,101927609
7	17338981	17385776	196
7	17414491	17503069	102659288
7	17503069	17506288	102659288,101927630
7	17506288	17598533	101927630
7	17830385	17980124	23161
7	18066405	18067486	221823
7	18126572	18166843	9734
7	18166843	18166932	100302140,9734
7	18166932	19042039	100302140
7	19060614	19157295	7291
7	19184405	19185044	222894
7	19735085	19744981	221830
7	19744981	19745059	100422967,221830
7	19745059	19748710	100422967
7	19758933	19813221	256130
7	19958604	20042346	101927668
7	20042346	20042909	100131205,101927668
7	20042909	20174278	100131205
7	20174278	20180076	100131205,346389
7	20180076	20181539	346389
7	20181539	20193154	346389,100874041
7	20193154	20257027	100874041
7	20257200	20261323	100506098
7	20336331	20351335	101927769
7	20367922	20370325	101927811
7	20370325	20371370	3696,101927811
7	20371370	20455377	3696
7	20654830	20816658	340273
7	20823906	20826505	221833
7	20866945	20867372	222901
7	21467652	21510676	6671
7	21510676	21510764	6671,100302122
7	21510764	21554440	100302122
7	21582833	21940518	8701
7	21940518	21941457	55536,8701
7	21941457	21985702	55536
7	22157856	22396763	9771
7	22459063	22602956	256227
7	22602956	22613615	100506178,256227
7	22613615	22672544	100506178
7	22689579	22705152	401312
7	22765503	22771621	3569
7	22852251	22862470	54543
7	22893797	22896232	101927841
7	22896232	22896305	692210,101927841
7	22896305	22901021	692210
7	22980878	23053749	84668
7	23140847	23145322	100775104
7	23145353	23217533	55975
7	23221446	23240630	11097
7	23275586	23314727	10457
7	23338358	23349828	115416
7	23349828	23351348	10643,115416
7	23351348	23510086	10643
7	23530092	23530983	256355
7	23544399	23571660	29896
7	23636998	23684327	90693
7	23719749	23742868	340277
7	23749786	23872132	56164
7	24323782	24331484	4852
7	24612887	24733812	51678
7	24737972	24809244	1687
7	24836158	25021253	26031
7	25159710	25164980	54205
7	25174316	25219975	136895
7	25264189	25268105	64111
7	25632971	25790614	101927945,646588
7	25989539	25989606	406940
7	26191860	26226745	9603
7	26229547	26240782	3181
7	26240782	26241149	3181,11335
7	26241149	26252976	11335
7	26331541	26413949	29887
7	26591441	26596819	100506289
7	26677490	26686889	285941
7	26706681	27034858	8935
7	27132612	27135266	3198
7	27135266	27135615	3198,100506311
7	27135615	27139721	100506311
7	27139721	27139884	3199,100506311
7	27139884	27142430	3199
7	27145803	27147396	3200
7	27147396	27168126	285943,3200
7	27168126	27169596	3200,3201,285943
7	27169596	27170418	3201,100133311
7	27170418	27173921	3201,100133311
7	27173921	27180671	285943,100133311
7	27180671	27183287	285943,3202,100133311
7	27183287	27185015	3202
7	27185015	27190222	3202,3203
7	27190222	27192200	3203
7	27192200	27193335	285943
7	27193335	27195542	3204,285943
7	27195542	27197555	3204
7	27202054	27208238	442920,3205
7	27208238	27209099	442920,100874323,3205
7	27209099	27209183	442920,100874323,3205
7	27209183	27210117	442920
7	27210117	27210210	100874323,442920
7	27210210	27211534	442920,100874323,3206
7	27211534	27219880	3206
7	27221129	27224137	3207
7	27224137	27224842	3207,221883
7	27224842	27228912	221883
7	27233122	27238194	3209
7	27238194	27239725	3209,100316868
7	27239725	27246878	100316868
7	27282164	27290112	2128
7	27565061	27702614	11112
7	27778950	27870192	8887
7	27870192	27884183	221895,8887
7	27884183	28219941	221895
7	28219941	28220362	100128081,221895
7	28220362	28283536	100128081
7	28338940	28865511	9586,401317
7	29019583	29034847	100506497
7	29034847	29052983	54504,100506497
7	29052983	29161890	54504
7	29161890	29235067	1124,54504,644086
7	29235067	29553944	1124,644086
7	29603427	29606911	222171
7	29638411	29689843	646762
7	29689843	29720350	646762,442524
7	29720350	29720444	442524,646762,100616354
7	29720444	29724871	100616354
7	29724871	29782210	442524
7	29846102	29956682	644150
7	29959719	30029905	9805
7	30050203	30066300	55033
7	30067020	30170096	84725
7	30174426	30202378	222166
7	30323923	30329410	223082
7	30329410	30329506	100500883,223082,693133
7	30329506	30410987	100500883
7	30410987	30412357	222161,100500883
7	30412357	30452118	222161
7	30464143	30518400	10392
7	30536237	30555925	79017
7	30555925	30591095	101928623,79017,401320
7	30591095	30634297	101928623,401320
7	30634297	30634425	101928623,401320,2617
7	30634425	30673649	2617
7	30692200	30737601	1395
7	30737601	30739745	11185,1395
7	30739745	30791753	11185
7	30791753	30797218	11185,11185
7	30797218	30811033	11185
7	30811033	30893010	84182,11185
7	30893010	30931696	84182,11185,358
7	30931696	30932002	358,84182
7	30932002	30965131	358
7	30978284	31032869	2692
7	31092076	31151089	117
7	31377075	31380508	63974
7	31553704	31698334	223075
7	31726329	31748069	10842
7	31790793	32338941	5137
7	32496575	32497370	100130673
7	32524951	32534895	23658
7	32535038	32620561	23080
7	32620561	32772593	100129460,23080
7	32772593	32772689	23080,693134,100129460,100500830
7	32772689	32801399	100500830,693134
7	32801399	32907784	100129460
7	32907784	32933743	100129460,25948
7	32933743	32956427	25948
7	32956427	32982788	441212,25948
7	32982788	32997017	441212
7	32997017	33046543	441212,11328
7	33046543	33053742	11328
7	33053742	33078516	11328,51251
7	33078516	33102409	51251
7	33134409	33149013	6100
7	33168856	33645680	27241
7	33944523	34195484	168667
7	34386124	34697851	404744
7	34697851	34911194	387129,404744
7	34911194	34917944	387129
7	34968488	34980372	23333
7	34980372	34980446	23333,100302152
7	34980446	35077883	100302152
7	35242042	35293758	57057
7	35672269	35735181	64224
7	35754644	35774497	100506725
7	35791466	35840226	101928545
7	35840542	35944917	989
7	36134882	36140263	101928618
7	36192758	36341152	80820
7	36363830	36429415	23366
7	36429415	36429734	54443,23366
7	36429734	36493400	54443
7	36552456	36637440	313
7	36637440	36639726	100874264,313
7	36639726	36764154	100874264
7	36893961	36958962	9844
7	36958962	36959037	100302113,9844
7	36959037	37037401	100302113
7	37037401	37053235	100302113,100861514
7	37053235	37488852	100861514
7	37723399	37723446	353345
7	37723446	37873390	353345,54749
7	37873390	37888199	54749
7	37888199	37940003	51314,54749
7	37940003	37945543	51314
7	37945543	37991543	51314,6424
7	37991543	38065297	6424
7	38217824	38270272	83930
7	38297480	38305279	445347
7	38423305	38671167	273
7	38762563	38971994	27072
7	39017598	39444197	11281
7	39444197	39445945	100861520,11281
7	39445945	39532694	100861520
7	39605975	39649919	57002
7	39663082	39747723	5898
7	39773231	39832691	349114,101929038
7	39989636	40136733	8621
7	40165622	40174258	136647
7	40174575	40577726	79783
7	40577726	40586527	79783,101928716
7	40586527	40900362	101928716
7	41004266	41019537	101928744
7	41141202	41173105	101928773
7	41724712	41733514	3624
7	41733514	41742706	285954,3624
7	41742706	41818986	285954
7	42000548	42277469	2737
7	42701325	42746046	101928795
7	42948325	42948872	79020
7	42948872	42951904	79020,5683
7	42951904	42956460	5683
7	42956460	42971773	5683,5683
7	42971773	42971799	5683
7	42971799	42971822	5683,64983
7	42971822	42988557	64983
7	43152198	43190494	23072
7	43190494	43190593	100500829,23072
7	43190593	43548327	100500829
7	43548327	43562141	100500829,100506895
7	43562141	43605600	100506895
7	43622357	43648055	9263
7	43648055	43666385	55744,9263
7	43666385	43769316	55744
7	43798279	43846939	644
7	43906157	43909492	64951,100534592
7	43909492	43915493	100534592
7	43915493	43946188	55665,100534592
7	43946188	43966010	55665
7	43966037	43980494	51619
7	43980494	43995735	84820,51619
7	43995735	44040488	84820
7	44040488	44049721	100310812,285955,729597,84820,441273,442590
7	44049721	44058774	100310812,285955
7	44078770	44081905	255031
7	44084239	44102326	102466985,28988
7	44102326	44105186	102466985,28988,5224
7	44105186	44109055	5224
7	44111846	44122139	27434
7	44143960	44150448	165
7	44150448	44150511	100616346,165
7	44150511	44154161	100616346
7	44154286	44163957	5425
7	44178463	44180931	58498
7	44183872	44237769	2645
7	44240567	44253893	10652
7	44256749	44374176	816
7	44418720	44530479	23386
7	44552134	44580914	29881
7	44605016	44614650	54606
7	44617493	44621886	222068
7	44646171	44748665	4967
7	44788180	44809477	83637
7	44836279	44864163	101060363,5478
7	44866390	44887682	94239
7	44915896	44921347	5814
7	44921347	44921399	5814,100616393
7	44921399	44924960	100616393
7	45002261	45018697	64005
7	45022622	45026560	285958,101928927,677798
7	45039074	45116068	83605
7	45120037	45128513	23148
7	45139699	45143948	9238,677795
7	45143948	45144081	677795,9238,654319
7	45144081	45144505	654319
7	45144505	45144641	654319,677796
7	45144641	45145567	677796
7	45145567	45145698	677796,677795
7	45145698	45151646	677795
7	45197390	45225901	10268
7	45613739	45762715	107
7	45763379	45808617	641977
7	45927956	45933267	3484
7	45951949	45961473	3486
7	47314752	47622156	64759
7	47661537	47669491	101929086
7	47694842	47701246	401335
7	47735328	47801074	3364
7	47801074	47806370	3364,84847
7	47806370	47814250	84847
7	47814250	47834889	84847,168507
7	47834889	47859445	168507,80099
7	47859445	47988088	168507,80099
7	47988088	48019178	168507
7	48026745	48068716	256979
7	48075108	48100901	136288
7	48128225	48148330	7378
7	48211055	48687092	154664
7	49813257	49890017	375567
7	49890017	49961546	11055,375567
7	49961546	50135632	11055
7	50135632	50160925	11055,100130988
7	50160925	50199426	100130988
7	50343720	50472799	10320
7	50511831	50518088	63979
7	50526134	50599457	1644
7	50599457	50611161	100129427,1644
7	50611161	50633154	100129427
7	50657760	50861159	2887
7	51083909	51384515	23242
7	51454060	51454798	729033
7	53103349	53104617	285877
7	53723202	53879624	401337
7	54610018	54624663	222008
7	54624663	54638773	222008,285878
7	54638773	54639419	285878
7	54819943	54827118	23480
7	54827118	54827667	100996654,23480
7	54827667	54872621	100996654
7	55086714	55247443	1956
7	55247443	55256627	100507500,1956
7	55256627	55324313	100507500
7	55433141	55501435	55915
7	55503749	55640681	81552
7	55748767	55780945	360132
7	55861237	55930482	346288
7	55954970	55955169	51373
7	55955169	56009918	51373,349075
7	56009918	56019486	349075
7	56019486	56019512	349075,2631
7	56019512	56022932	51373,2631,2631
7	56022932	56024192	51373,2631
7	56024192	56067874	51373
7	56078744	56119297	5723
7	56119323	56128163	908
7	56128163	56128295	908,677803
7	56128295	56131682	677803
7	56131695	56148363	25870
7	56148440	56160689	5260
7	56169262	56174269	51142
7	56182374	56184093	389493
7	56549798	56550988	100240728
7	56560817	56564978	222029
7	56601923	56605823	101928401
7	56943078	56949839	100130849
7	57023492	57023571	100422917,100422848
7	57187321	57207571	90827
7	57472731	57472796	100422939
7	57509883	57533252	441234
7	57688185	57704895	101928654
7	62693413	62694623	5260
7	62751896	62764434	643955
7	62840844	62846167	101929050
7	62858424	62859335	100506447
7	63081468	63081547	100422917,100422848
7	63361201	63378372	101930193
7	63505821	63538927	442319,442319
7	63538927	63545179	442319
7	63688852	63727309	168417,730291
7	63767837	63815238	728927
7	63894208	63894970	649395
7	63980262	64023484	340252
7	64126511	64171404	51427
7	64254766	64294054	7697
7	64312775	64313732	7697
7	64330550	64391344	101929245,285902,10793
7	64432154	64451187	51351
7	64451187	64467062	51351,2086
7	64467062	64467121	2086
7	64498732	64535091	643180
7	64838712	64866038	168374
7	65220513	65220646	677807
7	65338254	65424550	154807
7	65425671	65447301	2990
7	65540785	65558545	435
7	65579591	65619555	27297
7	65670186	65841031	8460
7	65841031	65866325	285908,8460
7	65866325	65885530	285908
7	65958693	65960461	100289098
7	66093868	66119525	154881,27342
7	66119525	66134842	154881,27342,100996437
7	66134842	66147151	100996437
7	66147151	66274980	27342,100996437
7	66274980	66276446	729156,27342,27342
7	66276446	66276451	729156,27342
7	66276451	66309813	729156
7	66367844	66371284	644794
7	66386212	66423538	55069
7	66452664	66460160	51119
7	66460160	66460588	51119,55253
7	66460588	66579309	55253
7	66579309	66579384	100616310,55253,100616331
7	66579384	66704501	100616310,100616331
7	66752528	66767608	5382
7	66767608	66767894	64940,5382
7	66767894	66786513	64940
7	66800963	66805011	101929736
7	69060944	69062434	100507468
7	69063905	70258054	26053
7	70597155	70772658	64409
7	70772658	70772742	64409,100500920,100500836
7	70772742	71178585	100500836
7	71244476	71912136	83698
7	72162874	72162949	100616310,100616331
7	72300004	72307909	155370
7	72333321	72341076	441251
7	72349936	72418120	9883
7	72418120	72421979	155400,9883,260294
7	72421979	72425329	260294,155400
7	72430016	72439997	378108
7	72440227	72476445	442582
7	72634611	72649979	654816
7	72716514	72722864	55695
7	72726535	72742085	135892
7	72742167	72772634	8468
7	72848109	72850450	8326
7	72854728	72936608	9031
7	72950686	72972332	9275
7	72983262	72993121	26608
7	73007524	73038873	51085
7	73082155	73086442	155382
7	73095299	73097355	84277
7	73097355	73097783	84277,114049
7	73097783	73113536	114049
7	73113536	73119491	6804,114049
7	73119491	73125647	6804
7	73125647	73125727	100422948,6804
7	73125727	73134002	100422948
7	73149368	73150384	171022
7	73150424	73153197	83451
7	73183328	73184600	1365
7	73213872	73247014	1364
7	73248920	73256865	155368
7	73275489	73280223	135886
7	73442119	73484237	2006
7	73497263	73536855	3984
7	73588575	73605528	7458
7	73605528	73605624	693175,7458
7	73605624	73611431	693175
7	73613982	73644161	7462
7	73645829	73668774	5982
7	73703805	73820273	7461
7	73868120	74016931	9569
7	74071994	74103273	2969
7	74103273	74143339	2969,101926943
7	74143339	74175026	101926943
7	74188309	74203659	653361
7	74210483	74267847	84163
7	74306894	74366314	5383,100132832
7	74441226	74490064	653375,81554
7	74508364	74565623	389524
7	74572445	74587848	654817
7	74807499	74867509	389523,729438
7	75021229	75024337	541473
7	75024337	75024708	541473,375593
7	75024708	75039605	375593
7	75039605	75040279	375593,155400
7	75040279	75046066	155400
7	75046066	75115548	100101267
7	75132254	75157478	5387
7	75162621	75368280	3092
7	75398851	75419214	10344
7	75440983	75452674	6369
7	75471920	75518244	57414
7	75528518	75544515	5447
7	75544515	75544587	5447,100616270
7	75544587	75573100	100616270
7	75573100	75573234	100616270,677801
7	75573234	75616155	677801
7	75616155	75616173	83862,677801
7	75616173	75623977	83862
7	75625656	75677322	51657
7	75677369	75696826	4191
7	75700787	75704281	101930475
7	75719749	75738097	101927126
7	75831216	75916605	222183
7	75931861	75933612	3315
7	75956116	75988348	7532
7	76018651	76026835	136853
7	76026835	76039012	136853,7784
7	76039012	76071388	7784
7	76090993	76135312	113878
7	76139745	76178677	80761
7	76178677	76239303	100133091,80761
7	76239303	76256578	80761,100133091,22932
7	76256578	76257299	22932
7	76257299	76531808	100133091
7	76531808	76548508	100133091,101930181
7	76548508	76597514	101930181
7	76597514	76598567	101930181,619190
7	76598567	76610266	619190
7	76610266	76648340	619190,441263
7	76648340	76651635	441263
7	76651635	76661674	389517,441263
7	76661674	76673092	389517
7	76751751	76822688	57639
7	76822688	76829143	10875,57639
7	76829143	76940068	10875
7	76940068	76958850	10875,54103
7	76958850	77045717	54103
7	77045990	77054760	101927243
7	77166592	77269388	5782
7	77286977	77325582	100505854
7	77325760	77412339	222194
7	77423045	77427897	85025
7	77428122	77586818	57157
7	77646393	77976459	9863
7	77976459	77988775	399670,9863
7	77988775	78638304	399670
7	78638304	78641593	399670,100874021
7	78641593	79082198	100874021
7	79082198	79082890	100505881,100874021
7	79082890	79100524	100505881
7	79763271	79848718	2770
7	79959508	79998891	101927269
7	79998891	80014295	101927269,948
7	80014295	80087987	948
7	80087987	80141336	948,346562
7	80141336	80308593	346562
7	80371854	80551675	10512
7	81205702	81255532	100128317
7	81328322	81399754	3082
7	81575760	81638493	781
7	81638493	81659271	100313806,101927356,781
7	81659271	82073114	100313806
7	82383329	82792246	27445
7	82993222	83278326	9723
7	83585093	84122040	10371
7	84161792	84213638	101927378
7	84568665	84569561	101930185
7	84624869	84816171	223117
7	86273230	86494200	2913
7	86506222	86689015	222223
7	86780739	86781677	101927420
7	86781677	86781736	101927420,9988
7	86781736	86825478	9988
7	86825478	86825653	9988,79161
7	86825653	86849903	79161
7	86954541	86974831	11257
7	86974997	87029111	54677
7	87031013	87109751	5244
7	87133175	87256864	5243
7	87256864	87342611	154661,5243
7	87342611	87461611	154661
7	87462883	87505531	55972
7	87505531	87505672	10926,55972
7	87505672	87538856	10926
7	87563458	87832204	53616
7	87834433	87856308	6717
7	87905744	87936206	79689
7	88388682	88423420	219578
7	88423420	88425035	219578,219557
7	88425035	88966346	219557
7	89511667	89748714	100874100
7	89748714	89754914	442523,100874100
7	89754914	89783689	442523
7	89783689	89794143	442523,26872
7	89794143	89796904	26872
7	89796904	89840949	26872,261729
7	89840949	89867451	261729
7	89874488	89940377	79846
7	89964537	90013035	101927446,85865
7	90013035	90020769	101927446,85865,9069
7	90020769	90095738	9069
7	90095738	90142716	9069,5218
7	90142716	90219933	5218
7	90219933	90226667	101930246,101059921,5218
7	90226667	90839905	101930246,101059921
7	90893783	90898123	8321
7	91321323	91510034	7978
7	91570181	91739987	10142
7	91741465	91741473	1595
7	91741473	91772266	1595,401387
7	91772266	91808845	401387
7	91828283	91833329	889
7	91833329	91833412	100302218,889
7	91833412	91875480	100302218
7	91875548	92030698	54467
7	92076767	92088150	57798
7	92097694	92107300	30816
7	92116334	92157845	5189
7	92158087	92167319	84060
7	92190107	92219708	257415
7	92234235	92331022	1021
7	92331022	92331128	1021,100873745
7	92331128	92465797	100873745
7	92465797	92465908	100873745,101927497
7	92465908	92546501	101927497
7	92728829	92747336	54809
7	92759368	92777682	219285
7	92817899	92855837	253012
7	92861653	92988338	55610
7	93053799	93112072	799
7	93112072	93112167	724023,799
7	93112167	93113248	724023
7	93113248	93113331	724023,574442
7	93113331	93204042	574442
7	93220885	93346240	2792
7	93346240	93346317	100616206,2792
7	93346317	93514709	100616206
7	93514709	93520303	100616206,7980
7	93520303	93540577	7980
7	93551011	93557922	2791
7	93592074	93633694	10282
7	94023873	94060544	1278
7	94138531	94186331	64921
7	94214542	94285521	8910
7	94285637	94299007	23089
7	94536514	94925727	55607
7	94926988	94989256	5444
7	94989256	95025673	5446,5444
7	95025673	95025680	5446
7	95034175	95064510	5445
7	95107756	95169544	51666
7	95212811	95225803	5166
7	95401866	95739634	1780
7	95749532	95848974	10165
7	95848974	95849068	10165,693176
7	95849068	95951459	693176
7	96110938	96132835	7979,401388
7	96132835	96251318	7979
7	96251318	96293650	7979,100506136
7	96293650	96339203	100506136
7	96584453	96634860	285987
7	96634860	96640351	1750,285987
7	96640351	96643377	1750
7	96649704	96654409	1749
7	96745902	96811075	57001
7	97361220	97369784	6863
7	97481430	97501854	440
7	97592970	97593038	100847038,100847066
7	97593717	97593793	100847017
7	97613996	97620481	4951
7	97736197	97838945	22853
7	97840739	97842291	168620
7	97843936	97881563	25851
7	97881691	97920963	25798
7	97920963	97937162	55971,25798
7	97937162	98030380	55971
7	98246609	98259180	4885
7	98444111	98468394	222865
7	98475556	98479273	8295
7	98479273	98479352	8295,100500819
7	98479352	98610788	100500819
7	98610788	98610866	101927550,100500819
7	98610866	98625061	101927550
7	98625061	98645863	101927550,57154
7	98645863	98741723	57154
7	98771197	98805129	402569
7	98836417	98908753	84176
7	98923521	98971872	10552
7	98971872	98985787	10552,10095
7	98985787	98989671	10095
7	98989671	98992424	10095,11333
7	98992424	99006264	11333
7	99006264	99006452	11333,8896
7	99006452	99014362	8896
7	99014362	99017239	100526740,8896,26024
7	99017239	99017372	100526740,26024
7	99017372	99036545	100526740,26024,26024
7	99036545	99046098	100526740,10898,26024,26024
7	99046098	99054994	100526740,10898,9551,101929716,26024
7	99054994	99063787	100526740,9551,10898,101929716,26024
7	99063787	99063820	10898,101929716,9551
7	99063820	99063954	101929716,9551
7	99070464	99084142	285989
7	99084142	99097947	84124,285989
7	99097947	99101273	84124
7	99102274	99132323	23660
7	99143931	99156029	221786
7	99156029	99156159	221786,101929496,79027
7	99156159	99174076	79027,101929496
7	99214569	99230030	221785
7	99245817	99277621	1577
7	99302660	99332819	1551,100861540
7	99354604	99381888	1576
7	99425636	99463718	64816
7	99473610	99474581	81392
7	99474581	99474680	89122,81392
7	99474680	99517223	89122
7	99520892	99527243	349149
7	99564343	99573780	563
7	99578385	99585158	646282
7	99613204	99639312	7586
7	99647390	99661656	7589
7	99661656	99662661	7551,7589
7	99662661	99680171	7551
7	99686577	99689823	10980
7	99690351	99691183	4176
7	99691183	99691266	4176,407014
7	99691266	99691391	407014
7	99691391	99691470	407050,407014
7	99691470	99691616	407050
7	99691616	99691697	407050,406900
7	99691697	99699172	406900
7	99699172	99699563	9179,406900
7	99699563	99704693	9179
7	99704693	99707968	6878,9179
7	99707968	99717236	6878
7	99717236	99717464	6878,245812
7	99717464	99723134	245812
7	99724317	99726118	255374
7	99746530	99752043	389541
7	99752043	99753567	55262,389541
7	99753567	99754228	55262
7	99754228	99754292	55262,100616439
7	99754292	99756338	100616439
7	99756867	99766373	79690
7	99767229	99774995	221914
7	99775186	99798276	10734
7	99798276	99798283	10734,352954
7	99798283	99815864	10734,352954,352954
7	99815864	99819111	79037,352954,352954
7	99819111	99819113	79037,352954,352954
7	99819113	99869837	79037,352954
7	99869837	99869855	79037
7	99905325	99919819	441272,442590
7	99933702	99933727	101735302
7	99933727	99933737	101752399,101735302
7	99933737	99949523	101752399,101735302,29990,102466747
7	99949523	99949983	29990,102466747,101752399
7	99949983	99951315	29990,101752399,102466747,101752334
7	99951315	99965153	29990,102466747,101752334
7	99965153	99965356	29990,29992,102466747,101752334
7	99965356	99965454	29992,101752334
7	99965454	99997719	29992
7	99998449	100026413	55063
7	100026413	100026615	56257,55063
7	100026615	100031741	56257
7	100032905	100034188	221908
7	100054238	100060982	402573
7	100060982	100061894	402573,81628
7	100061894	100076902	81628
7	100081550	100092422	222950
7	100136834	100165842	3268
7	100169855	100171270	100316904,4034
7	100171270	100181605	4034
7	100181605	100183776	26261,4034
7	100183776	100187025	26261
7	100187025	100198740	100129845,26261
7	100198740	100199800	100129845
7	100199800	100201829	100129845,5118
7	100201829	100205798	5118
7	100209725	100213007	64598
7	100218039	100240402	7036
7	100240720	100254084	51412
7	100271154	100276797	2783
7	100277130	100287071	64599
7	100303676	100305118	10248
7	100318423	100321323	2056
7	100331249	100395419	7455
7	100400187	100424442	2050
7	100424442	100425121	56996,2050
7	100425121	100464631	56996
7	100464760	100471076	102466755,7205
7	100472733	100486285	51593
7	100486346	100487339	402682
7	100487615	100494594	43
7	100547187	100547257	4584,57876
7	100547257	100550424	57876,4584,100131514,4584
7	100550424	100611118	100131514,4584
7	100612904	100662230	10071
7	100663353	100701580	140453
7	100701580	100701848	140453,140453
7	100701848	100702020	140453
7	100728720	100735017	81844
7	100770370	100782547	5054
7	100797678	100802754	1174
7	100802754	100802836	100616117,1174
7	100802836	100804877	100616117
7	100805790	100808874	7425
7	100813774	100823557	375607
7	100838288	100844302	346606
7	100849258	100860949	8985
7	100860949	100861701	10467,8985
7	100861701	100867471	10467
7	100875373	100882101	24146
7	100882739	100895597	51024
7	100942894	100944551	101927721
7	100951627	100954266	101927746
7	100956975	100965104	64792
7	101006101	101202304	136227
7	101206059	101212286	100506527
7	101256605	101272576	93408
7	101458959	101927249	1523
7	101928405	101936369	10603
7	101936369	101936453	100422858,10603
7	101936453	101962178	100422858
7	102004319	102046189	100630923,79706,100289561
7	102046189	102046302	100630923,79706,100313829,100289561
7	102046302	102067123	100630923,100313829,100289561
7	102073553	102096685	80228
7	102096685	102097268	80228,54784
7	102097268	102105323	54784
7	102105376	102106189	222229,100616367
7	102106189	102106273	222229,100616367,100847073
7	102106273	102111916	100847073
7	102111916	102111978	100847073,100616367
7	102111978	102113565	100616367
7	102113565	102113615	5439,100616367
7	102113615	102119354	5439
7	102122892	102158228	100271927
7	102178365	102191679	100134938,246721,5439,548644
7	102191679	102202755	100134938,548644,246721,5439,442590,441273
7	102202755	102213103	442590,441273
7	102220093	102257204	100271927,10156
7	102277472	102277474	100134938,548644
7	102277474	102277496	100134938,548644,246721
7	102277496	102283238	246721,246721
7	102283238	102290772	246721,246721
7	102290772	102301847	100310812,246721,729597
7	102301847	102312076	100310812,729597
7	102312076	102312088	246721
7	102389418	102449672	222234
7	102453308	102553438	222235
7	102553438	102585396	10234,222235
7	102585396	102715286	10234
7	102715328	102740205	83787
7	102740223	102781796	222236
7	102781796	102782386	100129424,222236
7	102782386	102790007	100129424
7	102815580	102920857	349152
7	102937869	102952921	9512
7	102952921	102969958	9512,27000
7	102969958	102984701	27000
7	102984701	102985320	27000,5701
7	102985320	102993177	5701
7	102993177	103009842	375611,5701
7	103009842	103085654	375611
7	103085654	103086624	375611,101927870
7	103086624	103112231	101927870
7	103112231	103154454	5649,101927870
7	103154454	103629963	5649
7	103766788	103848495	5001
7	103969104	104379044	375612
7	104379044	104444554	645591,375612
7	104444554	104549001	645591
7	104581510	104602781	101927902
7	104654626	104751151	55904
7	104751151	104754808	6733,55904
7	104754808	105039755	6733
7	105080108	105162714	54517
7	105172532	105208124	60561
7	105245514	105517050	222255
7	105517242	105676877	222256
7	105730949	105753022	6856
7	105888731	105926772	10135
7	106297211	106301442	168455
7	106415457	106436010	340340
7	106505723	106547590	5294
7	106685094	106802256	5577
7	106809406	106842000	26959
7	106842000	106842974	26959,10466
7	106842974	107110463	10466
7	107110463	107116098	10466,2845
7	107116098	107203929	2845
7	107203929	107204959	11062,2845
7	107204959	107218906	11062
7	107220422	107269615	55973
7	107294421	107301080	286002
7	107301080	107302596	5172,286002
7	107302596	107358254	5172
7	107384142	107402112	79872
7	107405912	107443670	1811
7	107531415	107564244	1738
7	107564244	107572175	1738,3912
7	107572175	107643700	3912
7	107663993	107770801	22798
7	107788068	108097161	4897
7	108110866	108194987	50640
7	108194987	108210012	50640,168451
7	108210012	108210110	50640,168451,4189
7	108210110	108210194	4189,168451
7	108210194	108215294	4189
7	108524032	108524644	154907
7	109599275	109600241	442720
7	110303110	110731062	83943
7	110731062	110765510	83943,54674
7	110765510	111202573	54674
7	111366166	111448572	9732
7	111448572	111461829	9732,100506413
7	111461829	111846466	100506413
7	111846643	111983151	11179
7	112063023	112120908	3475
7	112120908	112121072	3475,286006
7	112121072	112131117	286006
7	112262433	112348135	101928012
7	112402437	112430647	64418
7	112459202	112579971	154743
7	112594701	112635689	101928036
7	112718386	112727833	54329
7	113516832	113715975	5506
7	113726382	114293400	93986
7	114293400	114293510	93986,100500896
7	114293510	114333827	100500896
7	114562209	114659256	29969
7	115319399	115322672	100506489
7	115575202	115799950	22797
7	115850547	115898837	26136
7	115927434	116148595	858
7	116164839	116201233	857
7	116203648	116211288	100996266
7	116312444	116438440	4233
7	116451124	116562103	830
7	116592500	116593292	93653
7	116593292	116594388	102466616,93653,93655,7982
7	116594388	116712126	102466616,7982,93655
7	116712126	116786534	102466616,93654,101928159,7982,93655
7	116786534	116870157	93654,101928159,7982,93655
7	116916685	116963343	7472
7	117003276	117068177	136991
7	117105838	117350705	1080
7	117350705	117356025	83992,1080
7	117356025	117514193	83992
7	117824086	117832878	51691
7	117854727	117882785	56311
7	119913722	120390385	3751
7	120427376	120498456	23554
7	120590803	120617270	54556
7	120628731	120937498	79974
7	120965421	120981158	51384
7	120988905	121036418	10447
7	121513143	121702090	5803
7	121715701	121784334	10157
7	121941448	121943712	389549
7	121943712	121950131	154860,389549
7	121950131	121950745	154860
7	121958481	122337766	93664
7	122337766	122339210	93664,168433
7	122339210	122341718	168433
7	122341718	122343021	378925,168433
7	122343021	122526813	378925
7	122634759	122635754	50833
7	122753585	122840040	6561
7	123092454	123175131	154865
7	123177051	123198309	4698
7	123207064	123277951	142685
7	123295861	123304344	442721
7	123321989	123389121	8976
7	123454193	123469037	26062
7	123469037	123469306	26062,23553
7	123469306	123517532	23553
7	123565286	123611468	6677
7	123670973	123673523	730130
7	123977434	123989914	101928211
7	124386051	124405681	2861
7	124462440	124570037	25913
7	124812272	124869633	101928283
7	124869633	124904345	101928254,101928283
7	124904345	125019375	101928254
7	126078652	126698142	2918
7	126698142	126698238	693177,2918
7	126698238	126855181	693177
7	126855181	126869975	693177,101928333
7	126869975	126893348	101928333
7	126935674	126936257	100533975
7	126986844	127071978	168850
7	127116937	127125858	100506682
7	127220672	127228399	79571
7	127228399	127231463	79571,381
7	127231463	127231759	29999,79571,381
7	127231759	127233665	29999,381
7	127233665	127242198	29999
7	127250346	127255982	5078
7	127292234	127667124	27044
7	127667124	127672160	64101,27044
7	127672160	127721913	64101
7	127721913	127722012	64101,693178
7	127722012	127732661	693178
7	127847924	127847996	406917
7	127881337	127897681	3952
7	127937738	127946702	55131
7	127946702	127947731	157247,55131
7	127947731	127983962	157247
7	127990379	128001739	401399
7	128032331	128050306	3614
7	128095903	128098472	29923
7	128116783	128146656	55798
7	128171752	128269512	101930494,101930219
7	128312342	128326929	346653
7	128349115	128371797	84691
7	128379346	128411861	813
7	128412545	128415844	611
7	128430811	128462186	64753
7	128470431	128499328	2318
7	128502880	128505898	101927180,9296
7	128577666	128590089	3663
7	128594948	128695198	23534
7	128766572	128770847	407835
7	128784712	128808671	340348
7	128828713	128853386	6608
7	128864864	129070052	23382
7	129074274	129128240	57464
7	129142320	129152773	100287482
7	129251555	129396922	4899
7	129410223	129410332	406958
7	129414532	129414609	407053
7	129414745	129414854	406959
7	129470572	129592789	7328
7	129658126	129691291	51530
7	129710350	129775560	23008
7	129781571	129782455	100128325
7	129804555	129847610	84928
7	129847700	129856683	136263
7	129906667	129929638	1358
7	129932974	129964020	51200
7	129984630	130008571	93979
7	130020180	130027955	1357
7	130033612	130082274	95681
7	130126012	130135635	4232
7	130135635	130135952	442904,4232
7	130135952	130136045	442904,4232,442904
7	130136045	130138268	442904
7	130138268	130146089	442904
7	130146089	130146133	442904,26958
7	130146133	130353488	26958
7	130353488	130353598	114960,26958
7	130353598	130372268	114960
7	130417401	130418888	136259
7	130561495	130598069	407021,646329,407024
7	130794855	130994503	4289
7	130994503	131012981	100506881,4289
7	131012981	131181395	100506881
7	131185021	131242976	5420
7	131582400	131633712	101928782
7	131808091	132333447	91584
7	132333553	132413528	286023
7	132443730	132445392	100506937
7	132469629	132766848	54927
7	132937829	133751342	60412
7	133812052	133949343	136332
7	133974084	134001803	84912
7	134127102	134144036	231
7	134212344	134226160	57016
7	134233888	134264627	441282
7	134331560	134364565	669
7	134429003	134655479	800
7	134671259	134777115	340351
7	134777115	134832715	78996,340351
7	134832715	134832824	78996
7	134832824	134850967	78996,55281
7	134850967	134855547	55281
7	134868590	134896316	29062
7	134916731	134943244	346673
7	135046547	135194875	4850
7	135242667	135333505	23165
7	135347244	135365985	647087,101930655
7	135365985	135378166	647087,101930655,26266
7	135378166	135413096	26266
7	135413096	135414006	389558,26266
7	135414006	135433594	389558
7	135611203	135611509	101928915
7	135611509	135612022	767558,101928915,136319
7	135612022	135612198	101928915,136319,767558
7	135612198	135617629	101928915,136319,767558
7	135617629	135662101	767558,136319
7	136370306	136553416	574443,349160
7	136553416	136587914	574443,349160,1129
7	136587914	136588041	1129,574443,1129
7	136588041	136705002	574443,1129
7	136705002	136866854	1129
7	136912088	137028611	5764
7	137065783	137531838	9162
7	137559725	137686813	64764
7	137687070	137802732	6718
7	137806948	137808504	100616226
7	137808504	137808567	100616226,100616226
7	137808567	137809341	100616226
7	138145079	138274738	8805
7	138279030	138386097	136306
7	138391040	138482695	50617
7	138482695	138484305	155006,50617
7	138484305	138516126	155006
7	138516126	138522846	155006,57670
7	138522846	138666064	57670
7	138710452	138720775	92092
7	138728266	138794465	56829
7	138818490	138876732	79989
7	138915102	138992982	254048
7	139024203	139025105	154791
7	139025105	139026106	154791,51631
7	139026106	139031065	100996928,154791,51631,51631
7	139031065	139107345	100996928,51631,51631
7	139107345	139108198	51631
7	139137436	139168458	346689
7	139208602	139229730	154790
7	139246316	139476850	28996
7	139476850	139477577	28996,6916
7	139477577	139720125	6916
7	139723544	139763521	64761
7	139784546	139876835	80853
7	139877061	139879440	100134229
7	139993493	140103843	84255
7	140103843	140104233	84255,401409
7	140104233	140126050	401409
7	140152840	140179369	23608
7	140218220	140372953	27147
7	140372953	140373793	90956,27147
7	140373793	140390577	90956
7	140390577	140395136	90956,4708
7	140395136	140396061	4708,100134713
7	140396061	140396877	4708,100134713
7	140396877	140419127	100134713
7	140419127	140422590	100134713,673
7	140422590	140624564	673
7	140705854	140715028	51650
7	140774032	141114183	100507421
7	141114183	141116190	100507421,401410
7	141116190	141180180	401410
7	141250989	141355044	55750
7	141356528	141401953	57189
7	141404138	141408153	285962
7	141408153	141431071	494551,285962
7	141431071	141438121	494551
7	141438121	141438146	494551,6742
7	141438146	141463897	6742
7	141463897	141464997	50831,6742
7	141464997	141478242	50831
7	141478242	141479235	50831,50832
7	141479235	141487722	50832
7	141490017	141491166	54429
7	141536086	141541287	136242
7	141607613	141618617	8972
7	141618617	141619709	8972,130075
7	141619709	141627157	130075
7	141627157	141646807	130075,23601
7	141646807	141672431	23601
7	141672431	141673573	23601,5726
7	141673573	141806547	5726
7	141951963	141957878	136541
7	141965650	141972054	730441
7	142374104	142375550	100463482
7	142457319	142460923	5644,5645
7	142478064	142482416	154754
7	142552792	142568847	2051
7	142568956	142583507	55503
7	142605267	142630905	56302
7	142636440	142637955	135927
7	142638201	142659768	3792
7	142723245	142724282	135924
7	142749417	142750444	346517
7	142759427	142760735	89883
7	142829170	142836839	5304
7	142880512	142881528	259285
7	142919130	142920162	259286
7	142941186	142967947	373156
7	142977050	142985141	135932
7	142985308	143004789	835
7	143013219	143049176	1180
7	143050493	143059863	9715
7	143060992	143061322	101928397
7	143078173	143087382	7791
7	143087382	143088204	7791,2041
7	143088204	143104906	2041
7	143104906	143105985	285965,2041,101929942
7	143105985	143140546	285965,101929942
7	143140546	143141502	338398,101929942,285965
7	143141502	143174966	338398
7	143174966	143175889	338398,259287
7	143175889	143220542	259287
7	143268894	143271480	441294
7	143318043	143339348	101928422,285966,101930379
7	143339348	143427502	101928422,154761,101930379,285966
7	143427502	143452182	154761
7	143452182	143454789	154761,340307
7	143454789	143534026	340307
7	143548468	143599291	9747,101930003,100294033
7	143632259	143633372	135948
7	143657027	143658108	26211
7	143701022	143702068	135946
7	143747461	143748473	393046
7	143771275	143772288	392138
7	143792141	143793186	346525
7	143806607	143807657	442361
7	143826151	143827162	135941
7	143880548	143880559	101060696
7	143880559	143883146	100128553,101060696
7	143883146	143883173	100128553
7	143883176	143891951	445328
7	143891951	143929004	445328,101928605,101928492
7	143929004	143929936	445328,101928492,346528,101928605,402317
7	143929936	143947138	445328,346528,101928492
7	143947138	143948357	445328,346528,401428,441295,101928492
7	143948357	143950050	101928492,445328,346528,401428,441295,101928605,101928492
7	143950050	143955700	445328,101928492,401428,441295,101928605,101928492
7	143955700	143956815	401427,101928492,445328,401428,441295,101928605,101928492
7	143956815	143963794	401427,445328,101928492,101928605,101928492
7	143963794	143966381	401427,101928492,445328,100142659,101928605,101928492
7	143966381	143977640	401427,445328,101928492,100142659,101928605,101928492
7	143977640	143991230	100142659,101928492
7	143991230	143991573	101928492
7	143991573	143998027	441295,101928492,401428
7	143998027	144015218	441295,401428
7	144015218	144016150	402317,401428,346528,441295
7	144016150	144052381	402317,346528
7	144052381	144053274	7984,346528,402317
7	144053274	144077725	7984
7	144094333	144107320	135935
7	144149034	144533488	27010
7	145813453	146778026	26047
7	146778026	146794701	26047,101928700
7	146794701	147075109	101928700
7	147075109	147075213	101928700,100313895
7	147075213	147368803	100313895
7	147368803	147370235	100313895,100507538
7	147370235	148118090	100507538
7	148287657	148312952	202865
7	148395006	148498128	8454
7	148504475	148581413	2146
7	148638580	148638658	6090
7	148660407	148660502	6086
7	148680847	148680948	6085
7	148684228	148684340	6084
7	148700154	148725733	9601
7	148766735	148787874	136051
7	148799876	148823438	155054
7	148823508	148880116	57541
7	148892577	148923339	8427
7	148936742	148952700	7988
7	148959262	148982372	100289678
7	148982372	148994393	155060,100289678
7	148994393	148994403	155060
7	149095295	149098547	101928733
7	149128454	149158214	27153
7	149169885	149194908	155061
7	149244245	149321843	79970
7	149411872	149431664	84626
7	149461271	149470568	168544
7	149535456	149564568	643641
7	149564786	149570057	401431
7	149570057	149577699	155066,401431
7	149577699	149577784	155066
7	149588280	149606793	101930608
7	149737610	149773744	100134040
7	149941005	150019728	653857
7	150019728	150020814	653857,65999
7	150020814	150026938	65999
7	150026938	150029808	113763,65999
7	150029808	150035239	113763
7	150035408	150038763	5919
7	150065278	150065879	29803
7	150065879	150071133	285971,29803
7	150071133	150109558	285971
7	150130742	150145228	285972
7	150147718	150176480	155038
7	150211918	150218161	168537
7	150264365	150271041	55303
7	150322463	150329473	474344
7	150382785	150390729	26157
7	150413645	150419341	170575
7	150419341	150421372	100527949,170575,55340
7	150421372	150447121	55340,100527949
7	150488373	150497491	28959
7	150497491	150498448	55365,28959
7	150498448	150502208	55365
7	150521715	150558592	26
7	150642049	150675403	3757
7	150688083	150709297	4846
7	150709297	150711676	285973,4846
7	150711676	150721586	285973
7	150725510	150744869	11194
7	150745379	150749843	9311
7	150750899	150754297	1020
7	150754297	150755617	1020,6522
7	150755617	150773614	6522
7	150773711	150777953	10922
7	150778167	150780633	83590
7	150782918	150841523	116988
7	150845676	150871832	2636
7	150872785	150884919	136371
7	150888067	150902582	392843
7	150904923	150924316	10061
7	150929575	150935507	54480
7	150935507	150935624	768213,54480
7	150935624	150935850	768213
7	150935850	150935908	6604,768213
7	150935908	150974982	6604
7	151038785	151072995	51667
7	151072995	151075535	349136,51667
7	151075535	151106247	349136
7	151106247	151107813	100131176,349136
7	151107813	151110440	100131176
7	151125921	151130575	155051
7	151130575	151130725	100500835,155051
7	151130725	151137899	100500835
7	151163098	151217206	6009
7	151253197	151574210	51422
7	151653464	151717019	168391
7	151722759	151819425	63917
7	151832010	152133090	58508
7	152133980	152140272	220832
7	152160871	152162634	100128822
7	152341864	152373250	7516
7	152456834	152552463	57180
7	153584182	153752670	1804
7	153752670	153756646	1804,101930187,101929998
7	153756646	154685995	101929998
7	154735397	154794794	22976
7	154795158	154797413	202781
7	154858777	154862034	100128264
7	154862034	154863267	100128264,3361
7	154863267	154877459	3361
7	155089486	155101945	3638
7	155250824	155257526	2020
7	155266901	155326557	285888
7	155403925	155437145	100506302
7	155437145	155437899	100506302,155435
7	155437899	155574179	155435
7	155592680	155604967	6469
7	156230483	156238282	285889
7	156264890	156432975	129790,100506380
7	156432975	156433286	129790,140545,100506380
7	156433286	156461646	140545
7	156461646	156469824	64327,140545
7	156469824	156685924	64327
7	156742417	156765876	64434
7	156786745	156803345	3110
7	156803499	156809120	645249
7	156931607	157062066	9690
7	157128075	157210133	10049
7	157258925	157292410	101927914
7	157331750	157367028	5799
7	157367028	157367114	5799,406945
7	157367114	157647221	406945
7	157647221	157658784	406945,100506585
7	157658784	158325410	100506585
7	158325410	158325505	100506585,693180
7	158325505	158380480	693180
7	158384308	158384388	100847032
7	158424003	158497520	54892
7	158523686	158622944	57488
7	158649269	158749438	55112
7	158799213	158820866	154822
7	158820866	158822886	154822,7434,7434
7	158822886	158937649	7434,7434
7	158822886	158937649	7434,7434
