10
100
1000
10000
10005
10007
10008
1001
10010
100101267
100133941
100137049
10015
10019
1002
10020
10023
10026
100288470
100288500
100288562
1003
10038
10039
100505503
100506658
10053
10054
10055
10056
10057
10058
10059
10060
10062
10063
10073
10075
10084
10090
10092
10093
10094
10095
10105
10109
10111
10113
10125
10126
1013
10130
10134
10135
10136
10140
10152
10154
10157
10161
10162
10163
10164
1017
10170
10171
10189
1019
10193
10195
10197
10199
102
1020
10200
10201
10203
10207
10209
1021
10211
10213
1022
10228
10229
10235
10239
10242
10248
10250
10251
10252
10253
10254
10257
1026
10262
10266
10267
10268
1027
10273
10274
10277
1028
10282
10284
10285
10286
10288
10289
1029
10291
10294
10297
10298
10299
103
1030
1031
10312
10316
10317
10319
1032
10326
10327
10331
10332
10333
10335
10342
10344
10347
10349
10350
10351
10352
1036
10368
10369
10371
10376
10379
10380
10381
10382
10383
10390
103910
10392
10393
10398
1040
10400
10401
10402
10411
10419
10423
10427
10434
10436
10437
10438
10449
10450
10451
10452
10454
10455
10458
10459
10460
10465
10468
10476
10477
10478
10479
10482
10483
10484
10488
10490
1050
10500
10501
10505
10507
10509
10512
10523
10525
10528
10533
10535
10540
10552
10554
10555
10556
10557
10558
1056
10560
10563
10569
10577
10580
10585
10587
10588
10594
10599
10603
10605
10606
10607
10617
10621
10622
10623
10627
10629
10632
10637
10645
10652
10654
1066
10663
10666
10667
10671
10672
10673
10678
10681
10682
10683
10686
1069
10690
107
10713
10714
10717
10718
1072
10720
10723
10725
1073
10734
10735
10744
10746
10747
1075
10762
10766
10767
10768
10772
10775
10782
10787
10788
10791
10797
10798
10799
108
1080
10800
10802
10803
10808
1081
10810
10813
10818
10825
10826
10840
10841
10842
10846
10850
10855
10858
10859
10864
10870
10873
10885
10886
10888
10891
10892
10898
109
10901
10905
10907
10910
10912
10913
10914
10915
10919
10921
10926
10928
10929
10938
10940
10941
10945
10946
10947
10950
10952
10956
10960
10961
10963
10965
10970
10971
10975
10978
10990
10991
10992
10993
10998
10999
11001
11006
11009
1101
11014
11015
11017
11019
11024
11025
11026
11027
1103
11031
11035
11036
11037
11040
11041
11044
11051
11052
11059
11060
11065
11069
11072
1109
11097
111
11102
11108
1111
11112
11128
11136
11151
11154
11157
1116
11164
11171
1118
11181
11184
11185
11186
1119
11194
11197
112
1120
11200
11211
11213
11218
11221
11224
11226
11227
11231
11232
11238
112398
112399
112483
11253
11255
11260
11261
11264
11267
112714
112755
11277
1128
11282
11285
1129
113
113026
1131
11311
11313
11315
11317
113189
1132
11320
113235
11325
113278
1133
11332
11336
11337
11338
1134
11340
11343
11345
113451
113457
1135
1136
113612
1137
1138
113878
1139
114
1140
114049
1141
114112
1142
1143
1144
1145
114548
1146
114609
1147
114805
115
115111
1152
115201
1154
115650
115653
115727
1158
1159
1160
1161
116285
1163
116379
116443
116444
116519
116841
116983
116984
116985
116986
116987
117
117157
117178
117247
117248
1173
1174
1175
1176
1179
118424
118460
118672
118788
1188
119391
119548
119678
119679
119682
119687
119692
119694
119695
119749
119764
119765
119772
119774
1200
120065
120066
1201
120227
1203
120586
1207
120775
120776
120787
120793
120796
1208
120892
1211
121130
1212
121275
121278
1213
121364
1215
121504
122011
122042
122481
122622
122706
122740
122742
122748
122809
122970
1230
123099
1232
123263
123264
123283
1233
1234
1235
1236
1237
123745
123876
124
1241
1244
124454
124538
124540
124583
124975
125
125061
1258
1259
125958
125962
125963
125965
125981
126
126014
1261
126129
1262
126328
126370
126541
126792
1268
1269
126961
127
1270
127059
127062
127064
127066
127068
127069
127074
127077
1271
127124
1272
127385
127623
1277
1278
128
1280
1281
1282
128239
128312
128360
128367
128368
128371
128372
1284
1286
1287
1288
128866
128869
1289
1290
1291
1292
1293
129401
129607
129642
1297
1298
129807
1299
130
130013
130075
1301
1302
1303
130340
130367
130399
130589
1306
1308
131
1311
1312
131669
131873
131890
131965
132
132158
132430
1326
1327
132789
1329
133121
1337
1339
134
1340
134083
134111
134147
134430
1345
134526
1346
1347
134860
134864
1349
135
1350
1351
135152
1352
135250
1353
1355
1356
1357
1358
1359
135924
135941
135946
135948
136
1360
1361
1363
1364
1365
1366
137075
1371
1373
1374
137492
1375
1376
1378
137964
137970
1380
138050
1384
138429
138474
1385
1386
1387
138716
138799
1388
138802
138803
138804
138805
138881
138882
138883
1392
1394
1395
139596
1398
1399
140
140465
1407
140735
140739
1408
140801
140838
140885
140886
1409
1410
142
143
1431
143187
1432
143471
143496
1435
143502
143503
1436
143630
143686
143689
1437
1438
1439
1440
1441
144124
144125
144165
144193
1442
144245
1445
144983
145173
1452
145226
1453
1454
1455
1456
1457
1459
145957
146
1460
1462
146664
146754
1468
1469
146956
147
1470
1471
1472
1473
1477
1478
1479
148
148022
148327
148581
1487
1488
1489
1491
149233
1493
149461
1495
1496
1497
1499
15
150
1500
150084
1503
1504
1506
150681
150763
1508
1509
151
1510
151056
1511
1512
1513
1514
151449
1515
151531
151636
151648
1519
151903
152
1520
1521
1522
1524
1525
153
1535
153527
1536
1537
154
1540
154064
154141
1543
1544
1545
154664
1548
154810
1549
155
155066
1551
1553
155382
1555
1557
1558
1559
156
1562
1565
157
1571
1572
1573
157506
1576
1577
157855
1579
158
1581
158131
1582
1583
1584
1585
1586
1588
158835
1589
158983
159
1592
1593
1594
1595
16
160
1601
160287
1603
1604
160428
1605
1606
1607
1608
160851
1609
161
1610
1612
1613
1615
1616
161742
162
1621
1622
162417
162466
1629
162998
163
1630
1632
1633
1634
1635
1636
163688
163702
1638
1639
164
1642
1643
1644
1645
1646
1647
1649
1650
1654
1655
1656
165829
1659
166012
166336
166378
1665
166929
167227
1674
1675
1676
1677
168391
168620
169355
170506
170712
171558
171568
1716
1717
1718
1719
1723
1727
1729
1730
1731
1736
1737
1738
1739
1742
1743
175
1755
1756
1757
1759
1763
1777
1778
178
1780
1781
1783
1785
1786
1787
1788
1789
1791
1793
1794
1798
18
1803
1806
1807
1808
181
1811
1812
1813
1814
1815
1816
182
1824
1828
1829
183
1832
1839
1840
1841
1843
1844
1845
1846
1847
1848
1849
185
1850
1852
1854
1855
1856
1857
186
1869
187
1870
1871
1874
1875
189
1890
1891
1892
1896
19
1901
1902
1903
1906
1909
191
1910
1915
1917
192134
1942
1943
1944
1945
1946
1947
1948
1949
1950
1956
1958
1962
196294
196335
1964
196403
1965
196513
1967
196743
1968
196883
1969
197257
197258
1973
1974
1975
1977
1978
1981
1982
1983
1991
1992
199857
2
20
2002
2005
200576
2006
200734
200916
200931
2010
201163
201562
201595
2017
2021
2023
2026
2027
2028
203
203068
2033
2034
2035
2036
2037
204
2041
2042
2043
2044
2045
2046
2047
2048
2049
205
2050
2051
2052
2053
2054
2056
2057
2058
2060
206358
2064
2065
2066
2067
2068
2069
207
2071
2072
2073
2074
208
2081
2091
21
210
2107
211
2113
2114
212
2120
2122
2131
2132
2134
2135
2137
214
2147
2149
215
2150
2151
2152
2153
2155
2157
2158
2159
216
2160
2161
2162
2165
2167
2168
2169
217
2170
2171
2172
2173
218
2180
2181
2182
2184
2185
219
2193
2194
219417
219428
219429
219431
219432
219436
219437
219438
219447
219453
219464
219469
219473
219477
219479
219482
219484
219487
219493
219699
2197
219858
219865
219869
219870
219873
219874
219875
219931
219952
219954
219956
219957
219958
219959
219960
219965
219968
219981
219982
219983
219986
219988
22
220
2203
2204
2205
2206
2207
2208
2209
220988
221
2212
221223
2213
221357
2214
2215
221613
221823
222
2222
2224
222537
223
223117
2235
2237
224
2241
2242
2243
2244
2245
2246
2247
2248
2249
225
2250
2251
2252
2253
2254
2255
2256
2257
2258
2259
226
2260
2261
2263
2264
2266
2268
2271
2272
2274
2277
22794
22798
22800
22801
22802
22803
22808
22824
22827
22841
22845
22854
22856
22861
22871
22872
22885
22888
22894
229
22900
22901
22905
22914
22916
22925
22926
22928
22929
22934
22938
22943
22953
22954
22978
22985
22987
22989
230
23002
23016
23019
23020
23049
23052
23057
23062
23067
2308
2309
23096
231
23114
23118
23127
23136
2316
23160
23162
23163
23165
2317
23171
2318
23186
2319
23191
23192
23193
23195
23198
2321
2322
23220
23221
23225
2323
23236
2324
2326
23265
2327
23275
23279
2328
23283
2329
23291
23293
23295
2330
23305
23308
23324
23327
2335
23350
23362
23365
23380
23381
23382
23385
23395
23396
23401
23404
23417
23428
23431
23433
23436
23438
23439
23450
23451
23456
23457
2346
23460
23461
23464
23471
23475
23478
2348
23480
23483
23495
23498
2350
23500
23509
23511
23517
2352
23521
23527
23529
2353
23530
23533
23538
2354
23542
23545
23547
2355
23550
23553
23556
2356
23560
23562
23566
2357
2358
23583
23586
2359
23590
23594
23595
23600
23604
23607
23620
23621
23624
23632
23636
23640
23643
23644
23645
23649
23654
23658
23659
23673
23705
23708
23710
23759
23761
23765
239
24
240
24146
24148
242
245711
245972
245973
246
246175
246184
246243
246721
247
2475
248
2488
249
2492
2494
2495
25
250
251
2512
2517
2519
2520
2523
2524
2525
2526
2527
2528
2529
252969
2530
2531
2532
253260
253314
2534
253430
2535
253558
2538
2539
2542
254531
2547
254783
254786
2548
254879
2549
254958
254973
2550
255027
255189
2554
2555
2556
255626
2557
255725
2558
2559
255967
2560
2561
256144
256148
2562
2563
2564
256435
256471
2565
2566
2567
2568
256892
2569
2570
2571
257194
2572
257202
257397
25759
25766
25780
25788
25791
25796
258010
25804
2581
2582
25824
25825
2583
25834
2584
25847
2585
2587
25873
2588
25885
2589
25898
2590
25902
25904
2591
259197
2592
259230
259285
259286
259287
259289
25929
259290
259291
259292
259294
259295
259296
2593
259307
25942
25945
25949
2595
25956
2597
25970
25973
25974
25978
25981
25989
25996
26
26007
26019
26035
260425
260434
26047
26052
26056
26060
26061
26063
26084
26088
26091
26119
26121
26154
2617
2618
26188
26189
2619
262
26211
26212
26219
26224
26227
26229
26230
26232
26245
26246
26248
26259
26270
26271
26272
26275
26279
2628
26281
26285
26286
26289
2629
26290
26291
26301
2632
26330
26333
26338
26339
26354
2639
2642
2643
2645
26476
2648
26492
26493
26494
26496
2650
26503
2651
26528
26529
26531
26532
26533
26534
26538
26539
26648
26658
26659
26664
266722
26682
26683
26686
26689
26692
26696
267
26707
26716
2673
26735
26737
26740
2678
268
2683
2686
2687
26873
2688
2689
269
2690
2692
2693
2694
2696
2697
26985
26986
26999
27
270
27006
27010
27018
27019
27030
27034
27035
27040
27068
27071
27074
27087
27089
27090
27091
27092
27094
27097
271
2710
27101
27102
27113
27115
2712
27121
27123
27124
27127
27134
27148
27159
27165
2717
27183
27190
272
2720
27232
27235
27242
27243
27244
27248
27257
27258
27289
2729
27294
273
2730
27301
27304
27306
2731
27316
27330
27334
27338
27339
2734
27341
27343
27345
27349
2735
2736
2737
2739
2740
2741
2742
27429
2743
27430
27434
2744
2746
2747
275
2752
276
2760
2762
2766
2767
2768
2769
277
2770
2771
2773
2774
2775
2776
2778
2779
278
2780
2781
2782
2783
2784
2785
2786
2787
2788
279
2790
2791
2792
2793
2796
2797
2798
2799
28
280
2805
2806
2810
2811
2812
2814
2815
2819
2820
2821
2822
28227
28234
2826
282616
282617
282618
282763
282770
282775
2829
283092
283093
2831
283111
283159
283160
283162
283189
2832
283208
283209
283297
2833
283365
2834
283464
283694
2837
283748
283871
284
284004
284098
284217
284288
284383
284433
284521
284532
284541
2846
2847
285126
28514
285220
285362
285659
2859
2861
286151
2862
286362
286365
286436
286530
286749
2868
2869
2870
2872
2875
2876
2877
2878
2879
2880
2882
2885
2889
2890
2891
2892
2893
2894
2895
28960
28964
28965
2897
28972
2898
28987
2899
28998
290
2900
2901
2902
2903
2904
2905
2906
29071
29072
2908
29082
29085
2909
291
29102
29107
29108
2911
29110
29119
2912
29126
2913
2914
2915
2916
2917
2918
2919
292
2920
2921
2923
2925
293
2931
2932
2934
2935
2936
2937
2938
2939
2940
2941
2944
2946
2947
2948
2949
2950
2952
2953
2954
2956
2957
2958
2959
2960
2961
2962
2963
2965
2966
2967
2968
2969
29760
2977
2978
29780
29785
2979
29796
2982
2983
2984
29850
29851
2986
2987
29880
29881
29882
29883
29889
29894
29895
29896
2990
29906
29920
29922
29924
29925
29926
29927
29929
2993
29935
2994
29940
29945
29947
29949
2995
29954
29958
29968
2997
29978
29979
2998
29984
30
3000
30001
3001
30011
3002
3012
3013
3014
3015
3017
3018
3020
3021
3028
3029
3030
3032
3033
3034
3035
3039
3040
3043
3045
3052
3053
3055
3059
3061
3062
3064
3065
3066
3067
3071
3073
3074
3075
3081
30814
30815
3082
30833
30834
30835
30837
3084
30844
30845
30846
30849
3087
3091
3092
3093
3098
3099
31
3101
3105
3106
3107
3108
3109
3110
3111
3112
3113
3115
3117
3118
3119
3122
3123
3125
3126
3127
3133
3134
3135
314
3141
3145
3146
3155
3156
3157
3158
316
3161
3162
3163
3164
317
3170
3171
3172
3174
3175
3176
317749
317772
3178
318
3183
3190
319100
3192
32
322
324
3242
3250
3251
326
3265
326625
3269
3274
328
3280
3283
3284
329
3290
3291
3292
3293
3294
3295
33
330
3300
3301
3303
3304
3305
3306
3308
3309
331
3310
3312
3313
3315
332
3320
3326
3329
3337
3339
333932
3340
3346
335
3350
3351
3352
3354
3355
3356
3357
3358
336
3360
3361
3362
3363
337
3371
3373
3375
3376
337876
338
3381
3382
3383
338376
338382
338398
3384
3385
338662
338674
338675
338751
338755
339221
3397
3398
3399
34
3400
340024
340061
340273
340485
340529
340665
340980
341152
341276
341392
341416
341418
341568
3416
3417
341799
3418
3419
341947
3420
3421
3422
3423
3425
3426
343
343169
343171
343172
343173
3434
343406
343563
3439
3440
3441
3442
3443
3444
3445
3446
3447
3448
3449
345
3451
3452
3454
345456
3455
3456
345611
3458
3459
3460
346517
346525
346528
346562
346606
3467
347168
347169
347468
347688
347733
3479
348
3480
348158
348180
3482
3486
348995
349565
35
351
3516
353
353091
353164
353376
353500
354
3543
3549
355
3551
3552
3553
3554
3556
3558
3559
356
3560
3561
3562
3563
3565
3566
3567
3568
3569
3570
3572
3574
3575
3576
3577
3578
3579
358
3581
3586
3587
3588
3589
359
3590
3592
3593
3594
3595
3596
3597
3598
36
360
3600
3601
3604
3605
3606
361
3611
3612
3613
3614
3615
362
3620
3624
3625
3626
3627
3628
3630
3631
3632
3633
3635
3636
364
3643
3645
3646
3651
3654
3655
3656
3659
366
3661
3663
3665
3667
367
3672
3673
3674
3675
3676
3678
3679
368
3680
3681
3682
3683
3684
3685
3687
3688
3689
369
3690
3691
3692
3693
3694
3695
3696
37
3702
3703
3704
3705
3706
3707
3708
3709
3710
3712
3714
3716
3717
3718
3725
3726
3727
3728
373156
3732
3735
374
374291
374378
3745
375
375189
375790
3758
3759
376497
3766
3767
3769
3772
3773
3776
377677
3778
377841
3779
3781
3783
3784
378884
3791
3795
38
3802
3803
3804
3805
3806
3808
3809
3810
3811
3812
3815
3818
382
3820
3821
3822
3823
3824
3827
383
3837
384
3845
3858
387
387082
387332
3875
387748
387778
387787
387893
388372
388585
389015
389090
389692
3897
389898
39
390036
390037
390038
390054
390058
390059
390061
390063
390064
390066
390067
390072
390075
390077
390078
390079
390081
390083
390084
390093
390113
390142
390144
390151
390152
390154
390155
390157
390162
390167
390168
390174
390181
390191
390195
390197
390199
390201
390243
390260
390261
390264
390265
390275
390321
390323
390326
390327
390429
390431
390433
390436
390437
390439
390442
390445
390538
3906
390648
390649
390748
3908
390882
390883
390892
3909
390916
391
3910
391013
3911
391107
391109
391112
391114
391189
391190
391191
391192
391194
391195
391196
3912
391211
3913
3914
3915
3916
3918
3920
3921
392138
392255
392309
392376
392390
392391
392392
3925
3929
393046
3931
3932
3937
3938
3939
394
3945
3948
3949
3952
3953
3955
396
397
3972
3973
3976
3977
3978
3980
3981
3983
3984
3985
3988
399
3990
3991
3992
3993
3996
399694
3998
40
4000
4008
4012
401427
401665
401666
401667
401992
401993
401994
402135
4023
402317
4025
403239
403253
403257
403282
403284
4035
4036
4040
4041
404672
4047
4048
4049
405
4050
4051
4052
4055
4056
406
4067
4068
4069
4074
408
4082
4085
4086
4087
4088
4089
409
4090
4091
4092
4093
4099
410
411
4116
412
4121
4122
4123
4124
4125
4126
4128
4129
4137
414062
4141
4142
4143
4144
4149
415117
4153
4157
4158
4159
4160
4161
4166
4171
4172
4173
4174
4175
4176
4179
4190
4191
4193
4194
4199
4200
4208
4210
4214
4215
4216
4217
4218
4224
4225
4233
4242
4245
4247
4248
4249
4254
4257
4258
4259
4261
4267
427
4277
4281
4282
4283
4286
4287
4292
4296
43
4301
4306
4311
4312
4313
4314
4316
4318
4323
4329
4331
4337
4338
434
4342
435
4350
4351
4352
4353
4357
4358
4359
4360
4361
4363
438
439996
440
440073
440093
440138
440275
440567
440689
440822
441024
441531
441608
441639
441669
441670
441911
441933
442117
442184
442186
442191
442194
442361
443
4436
4437
4440
445
445329
4478
4481
4507
4508
4509
4511
4512
4513
4514
4519
4522
4524
4535
4536
4537
4538
4539
4540
4541
4543
4544
4547
4548
4549
4550
4553
4555
4556
4558
4563
4564
4565
4566
4567
4568
4569
4570
4571
4572
4573
4574
4575
4576
4577
4578
4579
4583
4589
4591
4594
4595
4597
4598
4607
4609
4615
4616
4619
462
4620
4621
4622
4624
4625
4626
4627
4628
4629
4633
4634
4636
4637
4638
4651
4659
4660
4668
4669
4670
4671
4677
468
4683
4684
4685
4686
4688
4689
4690
4691
4694
4695
4696
4697
4698
47
4700
4701
4702
4704
4705
4706
4707
4708
4709
471
4710
4711
4712
4713
4714
4715
4716
4717
4718
4719
472
4720
4722
4723
4724
4725
4726
4728
4729
4731
4734
4736
4741
474381
474382
4744
4747
4756
4758
4759
476
4760
4763
477
4772
4773
4775
4776
478
4780
479
4790
4791
4792
4793
4794
48
480
4800
4801
4802
4803
4804
4809
481
482
4821
4824
4825
4829
483
4830
4831
4832
4833
4837
4838
4842
4843
4846
4848
4849
4850
4851
4852
4853
4854
4855
486
4860
4862
4864
487
488
4881
4882
4886
4887
4889
489
4891
4893
4897
4899
490
4905
4907
4908
4909
491
4913
4914
4915
4916
4917
492
4923
4927
4928
493
4931
4938
4939
493911
4940
494115
4942
494551
495
4952
4953
496
4967
4968
4973
498
4982
4985
4986
49861
4987
4988
4991
4992
4993
4994
4995
4998
4999
50
5000
5001
5008
5009
501
5010
5018
5019
5021
5023
5024
5025
5026
5027
5028
5029
5030
5031
5032
5033
5034
504189
5042
5048
50484
50487
5049
5050
50508
50509
5051
50515
5052
5053
5054
5055
5058
506
50604
50613
50614
50615
50616
50617
5062
50628
5063
50649
50674
50700
5071
5073
5078
5080
50807
50808
50814
50831
50832
50833
50834
50835
50836
50837
50838
50839
50840
50846
50848
50855
509
5091
5093
50940
5095
5096
51
51004
51005
51009
51010
51013
51028
51032
5104
5105
51056
5106
51060
51065
51067
51068
51071
51074
51077
51079
51082
51084
51091
51094
51095
51096
51100
51102
51107
51109
5111
51111
51119
51121
51128
51129
51135
51143
51144
51160
51164
51166
51172
51176
51179
51181
51187
51196
51205
51206
51208
51227
51246
51251
51268
51272
51284
51292
51295
513
5130
51301
51302
51311
5132
5133
51330
51340
51343
51347
5136
51360
51362
51363
51366
51367
5137
51371
5138
51380
51382
51384
5139
514
5140
51409
5141
5142
51422
5143
51433
51434
5144
5145
51451
5146
51465
5147
51477
51478
5148
5149
515
5150
51503
5151
51510
51512
51513
5152
51520
51529
5153
51534
5154
51540
5155
5156
51561
5158
51585
51588
5159
516
5160
51601
51602
51604
51606
5161
51616
51619
5162
51626
5163
51639
51645
51652
5167
5168
51684
5169
51690
51691
51692
517
5170
51700
51701
51703
51706
51715
51719
51726
51727
51728
51729
51733
51744
5175
51763
51764
51776
518
51805
51806
51807
51808
51809
5187
5189
5190
5191
5192
5193
5194
5195
5196
5197
5198
52
5207
5208
5209
521
5210
5211
5213
5214
5216
5217
522
5222
5223
5224
5226
5228
523
5230
5232
5236
5238
5241
5243
5244
525
5255
5256
5257
526
5260
5261
5264
5265
5268
5269
527
5272
5273
5275
5277
5279
528
5281
5283
5284
5286
5287
5288
5289
529
5290
5291
5292
5293
5294
5295
5296
5297
5298
53
5300
5305
5308
5313
5315
5318
5319
5320
5321
5322
5327
5328
5329
533
5330
5331
5332
5333
53343
5335
53354
53358
5336
5337
53371
5338
534
5340
53407
5345
5346
5347
535
5350
5351
5352
5356
5360
5361
5362
53630
53632
53637
5364
5365
5366
537
5371
5372
5373
53828
53829
53832
53833
53842
539
53918
5393
5394
53944
53947
5395
53981
54
5406
5407
5408
5409
54106
54107
5411
5413
54187
54205
54207
54209
5422
5423
5424
5425
5426
5427
5428
5430
5431
5432
5433
54331
5434
54344
5435
5436
54361
54363
5437
5438
5439
5440
54407
5441
54413
54429
5443
54431
54433
54434
54437
5444
5445
54457
5446
54464
54472
54480
54490
545
54512
54539
54541
54552
54567
54575
54576
54577
54578
54579
54583
54600
5464
5465
54657
54658
54659
5467
54675
54677
5468
5471
5473
5476
54766
54788
54802
5481
54831
548596
548644
54872
54884
54898
549
54904
54910
54913
54926
54938
5494
54941
54947
5495
54960
54961
54963
54965
5498
54981
54988
5499
54995
55
5500
5501
55012
55014
5502
55040
55048
5506
5507
55070
55081
5509
551
55110
55119
55120
55124
55127
55131
5515
55157
5516
55163
55176
5518
5519
55191
552
5520
5521
55217
5522
55224
55226
55229
5523
55236
55240
55247
5525
55256
5526
5527
55272
55276
5528
55284
5529
55294
553
5530
55300
55301
55304
55312
5532
5533
55331
5534
55341
55349
5535
55353
5536
55361
55367
5538
554
5540
5542
55423
554313
55432
55454
5547
55500
55501
55503
55504
55505
55506
5551
55512
55520
5553
55534
5554
55540
5555
55558
55567
55568
5557
55577
5558
55584
55585
55586
55593
55616
5562
55624
55627
5563
5564
5565
55650
55651
5566
55660
55666
5567
55670
5568
55687
55696
55699
55703
55706
5571
55711
5573
55738
55740
55741
55742
55746
5575
55750
55753
55757
5576
55766
55768
5577
5578
55781
55788
5579
55790
55798
55799
5580
55801
55802
55808
5581
55811
55813
5582
55821
55825
55829
5583
5584
55844
55845
55850
55851
55870
55879
5588
5589
5590
55902
55907
5591
55914
55916
5592
5593
5594
5595
55958
55967
55968
55970
5598
5599
55998
5600
56001
5601
5602
5603
56034
5604
5605
56052
5606
5607
5608
5609
5610
5611
5613
5617
5618
5621
5624
5625
56259
56267
5627
56288
5630
5631
5634
5641
56413
5644
5645
5646
56474
56475
56477
5648
5649
56548
5660
56603
56604
56605
5662
56623
56624
5663
5664
56655
56656
56681
567
56776
5682
5683
56832
5684
56848
5685
5686
5687
5688
56886
5689
56893
56894
56895
56896
56898
5690
56901
56903
56904
56907
5691
56913
56915
5692
56920
56922
56923
56924
5693
5694
56940
56949
5695
56953
56954
5696
5698
56983
56985
5699
56994
56998
570
5700
57007
5701
57016
5702
57026
57038
5704
5705
57053
5706
5707
5708
5709
5710
57103
57105
57107
57122
5713
57132
57134
5714
57144
57154
5717
57171
57176
5718
57187
5719
57192
572
5720
5721
57216
5723
5724
5726
5727
5728
5729
57292
573
5730
5731
5732
5733
5734
57369
5737
57379
5739
5740
57403
5742
5743
57448
5745
57452
574537
57455
5746
57461
5747
57472
57486
57498
575
57502
57505
57506
57510
57521
57522
57530
57551
57552
57555
57556
57580
57644
57678
57679
57680
57689
5770
57715
57733
5777
5778
578
57804
5781
57818
57819
57834
57835
57863
5787
5788
5792
5795
5797
5798
5799
5801
5803
5805
581
5817
5818
5819
58191
5822
5824
5825
5826
5827
5828
5829
5830
5831
5832
5833
5834
5836
5837
58477
58478
58484
58494
58497
58498
58510
58511
58517
5859
586
5860
5865
5867
5868
5869
587
5871
5872
5874
5878
5879
5880
5881
5885
5886
5887
5888
5889
5890
5892
5893
5894
5896
5897
5898
58985
5899
59
5900
5901
5903
5905
5906
59067
5908
59082
5914
5915
5917
5921
5922
5923
5924
5925
59272
59277
59283
59284
59285
593
5933
5934
59340
59343
59345
59350
594
5948
595
5957
5959
596
5961
5962
5970
5971
5972
5973
5976
5978
5979
598
5980
5981
5982
5983
5984
5985
5986
5993
5994
5998
60
6009
6010
6011
6037
60401
6041
60412
6048
60481
60487
60490
60495
60528
60559
60682
608
6091
6092
6093
6095
6096
6097
6117
6118
6119
6120
6121
6122
6123
6124
6125
6128
6129
613
6130
6132
6133
6134
6135
6136
6137
6138
6139
6141
6142
6143
6144
6146
6147
6152
6154
6155
6156
6157
6158
6159
6160
6161
6164
6165
6166
6167
6168
6169
6170
6171
6173
6175
6176
6181
6184
6185
6187
6188
6189
6191
6192
6193
6194
6195
6196
6197
6198
6199
6201
6202
6203
6204
6205
6206
6207
6208
6209
6210
6217
6218
622
6222
6223
6224
6227
6228
6229
623
6230
6231
6232
6233
6234
6235
6237
6238
624
6240
6241
6256
6257
6258
6261
6262
6263
627
6272
629
6296
6300
6301
6303
63036
6307
6309
6317
6318
6319
6337
6338
6340
6342
6344
6346
6347
6348
6349
635
6351
6352
6354
6355
6356
6357
6358
6359
6360
6361
6362
6363
6364
6366
6367
6368
6369
637
6370
6372
6373
6374
6375
6376
6382
63826
6383
6385
6387
6389
63893
6390
6391
63917
6392
63923
63928
6396
63970
6400
6401
6402
6403
6404
6405
64064
64065
64077
64080
64087
64098
641
64106
64109
64127
64131
64132
64135
64137
641371
64145
6416
64170
6419
64215
64218
6422
64221
64223
6423
6424
64240
64241
6425
6426
6427
6428
6429
643
6430
6431
6432
64321
64324
64326
6434
64343
64374
643834
643847
64393
64398
64399
644
64409
6441
64411
6442
64421
64422
64425
6443
6444
64446
6445
6446
6448
645
64506
6452
6455
6456
6457
64579
64581
645974
64600
6464
646625
64682
6469
6470
6472
64744
64750
6476
64764
64768
6477
64772
64781
6480
64802
64806
64816
6482
6483
6484
64840
64841
6487
6489
64895
64902
6494
6499
650
6500
65018
6502
6505
6506
65083
6510
65108
65109
65110
6513
6514
6517
6518
6519
652
6520
6521
6522
65220
6523
65263
65264
653
6531
653247
653361
653509
653604
654
6543
654364
6546
6547
6548
655
6550
6554
6555
6556
6558
656
6564
657
6570
6571
6573
6579
658
6580
6585
6586
659
6591
65985
6606
6607
6608
6609
661
6610
6611
6612
6613
6614
6615
6616
662
6622
6625
6626
6627
6628
6629
6631
6632
6633
6634
6635
6636
6637
6646
6647
6648
6652
6654
6655
6667
6675
6677
6688
669
6693
6696
6697
6709
6713
6714
6715
6716
6718
672
6720
6722
6723
6726
6727
6728
6729
673
6730
6731
6734
6737
6738
6741
6742
6745
6746
6747
6748
675
6750
6751
6752
6753
6754
6755
6772
6773
6774
6775
6776
6777
6778
6779
6783
6788
6789
6790
6794
6799
680
6804
6809
6810
6811
6817
6818
6820
6821
6822
683
6833
6839
6843
6844
6845
6846
685
6850
686
6865
6868
6869
6870
6872
6873
6874
6875
6877
6878
6879
6880
6881
6882
6883
6884
6885
6888
6890
6891
6892
6897
6898
6900
6901
6907
6908
6915
6916
6921
6923
6927
6928
6932
6934
694
6948
6949
695
699
6996
6999
70
7006
701
7010
7019
7027
7029
7035
7037
7038
7039
7040
7042
7043
7044
7046
7048
7052
7054
7056
7057
7058
7059
706
7060
7064
7066
7067
7068
7070
7074
7082
7083
7084
7086
7094
7095
7096
7097
7098
7099
71
710
7100
7108
7114
7117
712
7122
7124
7125
7128
713
7132
7133
7134
7137
7139
714
7143
7148
715
7156
7157
716
7161
7166
7167
7168
7169
717
7170
7171
7172
7173
7175
718
7184
7185
7186
7187
7188
7189
719
72
720
7201
7205
721
722
7220
723790
7248
7249
725
7251
7252
7253
7263
7264
727
7272
7273
7277
7278
727897
727936
728
7280
728343
729
729020
7292
729230
7293
7294
7296
7297
7298
7299
730
7305
7306
7307
731
7311
7314
7316
7317
7318
7319
732
7320
7321
7322
7323
7324
7325
7326
7327
7328
7329
733
7332
7334
7337
7341
7345
735
7350
7353
7357
7358
7360
7363
7364
7365
7366
7367
7368
7371
7372
7373
7374
7378
7381
7384
7385
7386
7388
7389
7390
7407
7408
7409
7410
7412
7414
7415
7416
7417
7419
7422
7423
7424
7428
7430
7433
7434
7442
7448
7450
7453
7454
7465
7466
7468
7471
7472
7473
7474
7475
7476
7477
7478
7479
7480
7481
7482
7483
7484
7494
7498
7507
7508
7512
7514
7515
7516
7517
7518
7520
7525
7529
7531
7532
7533
7534
7535
7546
759
760
761
762
763
765
766
767
768
768239
7704
7706
7709
771
773
774
775
776
777
778
7786
779
7791
7802
7805
781
782
783
7832
784
7841
7846
7849
785
7850
7852
7855
786
7867
7869
7879
78989
790
79017
79023
79053
79071
79087
79132
79139
79143
7915
79158
79168
79178
7919
79228
7923
79290
79295
79310
79317
7932
79324
79339
79345
79365
79369
7941
79465
79473
79501
79541
79544
79586
79587
79602
79611
79621
79623
79631
79643
79644
79646
79658
79659
79660
79661
79671
79695
79709
79717
79718
79720
79723
79731
79748
7976
79760
79784
7979
79796
79799
79813
79814
79833
79837
79840
79861
79868
79869
79888
79897
799
79902
7991
79944
79947
79966
800
8001
80025
80031
80055
801
80142
80143
80145
80146
80153
80168
80198
80201
8021
80222
80223
80230
80235
80267
8027
80270
8029
8030
80301
80308
8031
80310
80319
80326
80328
80329
80331
80336
80339
80347
80349
80380
80381
805
8050
8061
8065
80700
80704
8074
80781
808
80824
80834
80835
80854
8086
80896
81
810
81027
81029
81030
81035
81050
8106
81061
81099
811
81127
81168
8120
81282
81285
81300
81309
81318
81327
81328
81392
81399
814
81442
81448
81469
81470
81472
81490
815
81537
81567
81579
816
81605
81607
81608
81616
81617
81624
81696
81697
817
8174
8175
81797
818
81839
81848
81849
81873
81888
8189
81929
820
8200
821
8218
8228
823
824
8243
8277
8288
8290
8294
8302
8309
8310
8312
8313
8317
8318
8321
8322
8323
8324
8325
8326
8329
833
8330
8331
8332
8334
8335
8336
8337
8338
8339
834
8340
8341
8342
8343
83439
8344
83440
83443
83447
8345
8346
8347
8348
8349
8350
8351
8352
8353
8354
83544
83547
83549
8355
83551
8356
8357
8358
8359
83593
83594
836
8360
8361
8362
8363
8364
8365
8366
83660
83667
8367
8368
8369
8370
83700
8372
83729
83732
83737
83740
83756
8379
838
8382
8383
83852
8386
8387
8388
839
8390
8392
8394
83943
8395
8396
8398
8399
840
84002
84076
8408
841
8411
84128
84134
84135
84153
8417
84172
84186
84188
842
8424
84245
84249
84254
84264
84265
84274
84284
843
84305
8431
84313
84321
8435
84364
8438
8440
8443
84433
84440
84441
84444
84447
84448
8449
8450
84501
8451
84516
8452
8453
84532
84539
8454
84552
84572
84612
84617
84618
84620
84634
84647
84649
84674
84693
84699
847
84701
84706
8471
84720
8473
84735
84787
84790
8480
84803
84812
8482
8484
84844
84867
8487
84890
8491
84916
84920
8493
84938
84950
84957
84971
84991
84992
8503
8504
8506
8509
8513
8515
8516
8517
8519
85235
85236
8525
8526
8527
8528
8529
8531
85320
8534
85365
85366
8540
85407
85409
85417
8542
8546
85464
85465
85477
85479
85480
8550
8553
8554
8555
8556
8559
8560
8563
8564
8565
8566
8569
857
8573
858
859
8590
8600
8607
8608
861
8611
8612
8613
862
8622
8625
8630
8633
8639
8643
8644
8645
8646
8647
8649
8650
8651
8653
8654
8655
8659
8660
8661
8662
8663
8664
8665
8666
8667
8668
8669
867
8671
8672
8673
8674
8675
8676
8677
8678
868
8681
8683
8685
8692
8693
8694
8697
8698
87
8702
8703
8704
8705
8706
8707
8708
8714
8717
87178
8718
8720
8722
873
8731
8732
8733
8735
8737
874
8740
8741
8742
8743
8744
875
8760
8761
8763
8764
8766
8767
8771
8772
8773
8776
8777
8784
8787
8789
8790
8792
8793
8794
8795
8797
8799
88
8800
8801
8802
8803
8807
8809
8811
8813
8817
8818
8821
8822
8823
8824
8826
8829
883
8833
8835
8836
8837
8850
8851
8853
8854
886
8863
8864
8867
8869
887
8871
8874
8875
8876
8877
8878
8879
8881
8883
8884
8890
8891
8892
8893
8894
8896
8898
89
890
8900
8905
8907
891
8911
8912
8913
8915
8916
8924
8925
8930
8936
894
8940
8942
8943
8945
896
8968
8969
8970
8972
8973
8974
8976
89780
898
89845
89846
8985
89853
8986
89869
89910
8992
8995
9
90
900
9001
9002
901
90161
9019
902
9020
9021
9023
90249
90293
90353
9037
9038
9039
9040
90423
9045
9047
9051
9054
9056
9060
9061
9063
9064
90665
90701
9071
9073
9074
9075
9076
9080
9086
90865
9087
9088
909
9091
9092
90952
90993
91
910
9101
9103
9107
9108
911
9114
91181
912
9125
9126
9127
9128
9129
913
9131
91319
9133
9134
9135
91373
9138
914
9140
9146
915
9156
916
9162
9167
917
9170
91703
91734
9175
9179
9180
91807
9181
9184
91869
9187
919
9197
92
920
9200
921
9218
9223
9227
923
9230
9232
92335
92359
924
9241
92421
9245
9246
9248
92483
9249
925
9252
9253
9254
92552
926
9261
9271
928
92815
92856
9287
929
92912
92935
9294
9296
92960
93
930
93010
93034
931
93183
9320
9322
933
9331
9334
93343
9337
9340
93408
9341
9342
9343
9344
9348
9349
9350
9351
9353
9354
93589
93643
93650
9369
9370
9372
9373
9374
9376
9377
9378
9379
9380
9388
939
9394
940
94005
9402
94026
94033
9409
941
9410
9414
9415
9416
94160
942
9420
9423
94235
94239
94274
9429
943
9435
9436
9437
944
9446
9447
9448
945
9451
9453
9459
9468
9469
947
9470
9474
9475
9476
9479
948
9482
9486
9487
9488
9489
949
9491
95
950
9500
951
9514
9517
9519
952
9524
9525
9527
953
9532
9533
9536
9538
954
9540
9541
9542
9545
9547
955
9550
9551
9554
9555
956
9560
9562
9563
9564
9568
9569
957
9570
9572
9575
958
9583
9586
9588
959
960
9601
961
9612
9615
9616
9618
9619
962
9626
9627
9630
9631
9632
9635
9636
9641
965
9652
9653
9655
966
9669
967
9672
96764
968
9688
9690
9693
9695
97
970
9700
9706
9709
971
9716
972
9723
9724
9727
973
9739
974
9741
9744
9748
975
9755
9765
9775
978
9785
9789
9790
9791
9794
98
9815
9817
9818
9820
9826
9829
983
9836
9844
9846
9855
9861
9863
9869
9871
9879
988
9883
9886
9887
9899
990
9900
9901
9902
991
9915
9922
9924
9926
993
9934
9939
994
9941
9942
9945
995
9953
9955
9956
9957
996
9963
9965
9966
997
9971
9972
9973
9978
998
9984
9985
999
9992
