10
100
1000
10000
10001
10002
100049587
10005
10006
1001
10010
100124696
100129543
100129669
100129842
10013
100130863
100130934
100131539
100131827
100131980
100132285
100133941
100137049
10014
10015
10018
100187828
100188893
10019
1002
10021
10022
10023
10025
10026
100271849
100287226
100287932
100289635
1003
100313923
1004
10046
10048
1005
100506658
100507436
10051
10052
10053
10054
10055
10056
10057
10058
10059
1006
10060
10062
10063
1007
10071
10073
10075
10076
10079
1008
10082
10087
10089
1009
10090
10092
10093
10094
10096
10097
101
1010
10101
10106
10109
10110
10111
10112
10113
1012
10120
10121
10125
10126
10127
1013
10130
10133
10134
10135
10142
10144
10152
10154
10155
10157
10159
1016
10161
10162
10163
10165
10166
10168
1017
10170
10172
10174
10181
10189
1019
10193
10195
10197
102
1020
10203
10207
1021
10213
10219
1022
10224
10225
10228
10229
10235
10236
1024
10242
10243
10245
10249
1025
10250
10252
10253
10254
10257
1026
10262
10266
10267
10268
1027
10272
10273
10274
10276
10287
10288
1029
10291
10298
103
1030
10302
10308
10309
1031
10312
10316
10319
1032
10326
10331
10333
10335
10345
10347
10349
10350
10351
10352
1036
10362
10368
10369
10371
10376
10379
10380
10381
10382
10383
10388
10390
103910
10392
10393
10395
10396
10398
104
1040
10400
10402
10403
10410
10411
10413
10419
10421
10423
10425
10426
10427
10434
10437
10440
1045
10451
10452
10454
10458
10459
10461
10468
10469
10471
10476
10477
10478
10479
10482
10484
10486
10487
10489
10491
10497
10498
10499
1050
10507
1051
10516
10517
1052
10520
10525
10528
10533
10536
10540
10552
10554
10555
10558
10559
1056
10560
10563
10564
10568
10570
10574
10575
10576
1058
10580
10581
10589
10592
10594
10599
10603
10605
10606
10610
10616
10618
1062
10621
10622
10623
10628
1063
10632
10636
10637
10640
10642
10643
10644
10651
10654
10663
10666
10667
10671
10672
10675
10678
10681
10682
10686
1069
10692
10694
10695
107
1071
10714
10715
10717
10718
1072
10720
10723
10726
10728
10733
10734
10735
10747
1075
10750
10752
10762
10776
10780
10781
10782
10783
10786
10787
10793
10794
10795
10798
108
1080
10800
10802
10803
10804
10806
10808
1081
10810
10815
10817
10818
1082
10825
10841
10844
10846
10850
10855
10856
10858
10859
10861
10864
10870
10874
10878
10886
10887
10890
10891
10892
10893
10894
10897
10898
109
10905
10907
10910
10911
10914
10919
10921
10926
10928
10938
10941
10946
10949
10952
10954
10959
10971
10975
10978
10979
10988
10990
10991
10992
10998
10999
11001
11004
11006
11010
11015
11024
11025
1103
11035
1104
11041
11046
11051
11052
11059
11064
11065
11069
11081
11083
11085
1109
11095
11096
11097
111
11100
11105
11108
1111
11112
11116
11126
11127
11128
11130
11136
11140
11144
11145
11157
11163
11164
11165
11167
11168
11171
11178
11181
11182
1119
11190
11194
11198
112
1120
11200
11211
11213
11214
11216
11218
11224
11226
11227
1123
11238
112398
112399
1124
11243
11251
11253
11254
11255
11258
11267
11274
112755
11277
1128
112812
11282
11283
11285
1129
112950
113
113026
11309
113091
1131
11311
113130
11316
113177
113189
1132
11320
113235
113278
11328
1133
11335
11336
11338
11339
1134
11340
11343
113451
1135
1136
113612
1137
1138
113835
113878
1139
114
114026
114088
1141
114134
1142
1143
1144
1145
114548
1146
114609
1147
114791
114799
114805
114814
114876
114971
115
115004
115019
115111
115196
1152
115290
115361
115362
1154
1155
115509
115557
115584
115677
115703
115727
1158
116
1160
116085
1161
116138
116285
1163
116519
116984
116985
116986
117
117144
117145
117155
117156
117247
117248
117283
117285
117289
1173
1174
1175
117579
1176
117608
118
1180
1181
1182
1183
1184
118424
118430
118460
1185
1186
1187
118788
1188
1191
1193
119391
119678
119679
119682
119687
119692
119694
119695
119749
119764
119765
119772
119774
1200
120065
120066
120227
120425
120586
1207
120775
120776
120787
120793
120796
1208
1211
121129
121130
1212
121214
121260
121274
121275
121278
1213
121364
121441
1215
121512
121601
121642
122042
122618
122622
122706
122740
122742
122748
122769
123
1230
123041
123099
1232
1233
1234
1235
1236
1237
123745
123876
124
1241
1244
124411
124454
124538
124599
124935
124975
125
125061
125111
1258
1259
125919
125958
125962
125963
125981
126
126068
126070
126123
126231
126328
126370
126375
126382
126410
126433
126541
126792
1268
1269
126969
127
127059
127062
127064
127066
127068
127069
127074
127077
127124
1272
127247
127281
127385
127396
127534
127544
127608
127617
127623
1277
1278
127833
1280
1281
1282
128312
128360
128366
128367
128368
128371
128372
1284
1285
1286
128674
1287
1288
128866
128869
1289
1290
1291
1292
1293
1294
129401
1295
129521
1296
129642
1297
1298
129807
1299
130
1300
130013
130075
1301
1302
1303
130340
130367
130399
1305
1306
1307
1308
131
1310
131096
1311
131118
1312
1314
131450
131474
1315
131669
1317
131870
131873
132
1326
132660
1327
1329
133
133308
133522
1337
134
1340
134083
134266
134353
134429
1345
134860
134864
1349
135
1350
1351
135152
1352
135250
1355
1356
1359
135924
135941
135946
135948
136
1360
136051
1361
1362
136227
1363
136371
1364
1365
1366
1369
137075
1371
1373
1374
137492
1375
1376
1378
137872
137964
137970
1384
1385
1386
1387
138799
138802
138803
138804
138805
138881
138882
138883
139189
1392
139285
1394
1395
139760
1398
139818
1399
140
1400
1401
1404
140453
140456
140458
140459
140460
140461
140462
140465
140596
140609
140612
140628
140679
140687
1407
140735
140739
140766
1408
140803
140850
140881
140885
142
142678
142680
142685
142686
142689
1431
1432
143471
143496
143502
143503
143662
1437
1438
1439
144124
144125
144193
1442
144245
144348
144453
1445
1447
144715
1452
145226
1453
1454
1455
1457
1459
145957
146
1460
146198
1462
1463
1464
146434
146540
146542
146712
1468
146802
146850
147
1471
147179
147323
147657
147686
147687
147694
1477
147700
147741
1478
147837
147841
1479
147923
147929
147945
147948
147949
148
148022
148103
148156
148203
148206
148213
148229
148254
148266
148268
148581
148738
148867
1490
1491
1493
149371
149461
1495
1496
1499
15
150
1500
150159
150274
1503
1504
150681
150763
1508
1509
151
1510
151056
1511
1512
151246
1513
151306
151531
151636
151648
151742
151888
1519
152
1520
1522
1523
1524
1525
152503
152687
1528
152831
153
153201
1535
1536
153642
1537
154
1540
154091
154141
1543
1544
1545
154796
1548
154810
1549
155
155054
155061
155066
1551
155184
1553
155382
1555
1557
1558
1559
156
1562
1565
1571
1572
1573
157506
157570
1576
1577
157855
1579
158
1580
158078
1581
158131
1582
1583
158399
1584
158431
1585
1586
158763
1588
1589
159
1591
1592
1593
1594
1595
16
160
1601
1603
1604
1605
1606
1607
160728
1608
160851
1609
161
1610
1612
1613
1615
161823
161882
162
1621
162239
162417
162466
162514
162655
1628
1629
162963
162966
162967
162972
162998
163
1630
163049
163050
163051
163059
163071
163081
163087
1632
163223
163227
163255
1633
163351
1634
1635
1636
1639
164
1641
1642
1643
1644
1645
1646
1649
1650
165140
1656
1660
166012
1663
1666
1667
166785
1668
1669
166929
1670
1671
1672
167227
1673
1674
1675
1676
1677
1678
168374
168391
168417
169026
169044
169270
169355
169522
169841
170506
170572
170685
170690
170692
170850
170959
170960
171177
171392
171568
1716
1717
1718
1719
1723
1725
1727
1728
1733
1734
1735
1736
1737
1738
1739
1741
1742
1743
1756
1758
1759
176
1763
177
1777
1778
178
1780
1781
1783
1785
1793
1794
1795
1796
1798
18
1800
1803
1806
1807
1808
1809
1811
1812
1813
1814
1815
1816
182
1826
1828
1829
183
1830
1831
1832
1834
1836
1839
1840
1841
1845
1846
1848
1849
185
1854
1856
1859
186
1869
187
1870
1871
1874
1875
1879
189
1890
1892
1894
19
190
1901
1902
1903
1906
1907
1908
1909
191
1910
1911
1912
1915
1917
192134
192669
192670
1933
1936
1937
1938
1950
1956
1958
1959
196051
196335
1964
1965
196513
196527
1967
196743
1968
196883
197131
197257
1973
197320
1974
1975
1977
1978
1981
1982
1983
1984
1991
1994
199692
199704
199777
199857
2
20
200010
2002
200576
2006
200895
200909
200958
200959
2010
201164
2015
201514
2023
2026
2027
2028
2029
203
2030
203068
2033
2034
2036
203859
204
204219
2048
204962
2053
2054
205564
2056
2058
2060
2063
206358
2064
2065
2066
2067
2068
2069
207
2071
2072
2073
2074
2077
208
2081
2099
21
210
2100
2101
2103
2104
2107
2108
2109
211
2110
2113
2114
212
213
2131
2132
2137
214
2146
2147
2149
215
2150
2151
2152
2153
2155
2157
2158
2159
216
2160
2161
2162
2165
2167
2168
217
2172
2175
2176
2177
2178
2180
2181
2182
2184
2185
2187
2188
2189
2192
2193
2194
219417
219428
219429
219431
219432
219436
219437
219438
219447
219453
219464
219469
219473
219477
219479
219482
219484
219487
219493
219541
219578
219699
2197
219749
219770
219858
219865
219869
219870
219873
219874
219875
2199
219931
219952
219954
219956
219957
219958
219959
219960
219965
219968
219970
219981
219982
219983
219986
219988
22
2200
2201
220134
2202
2203
2205
2206
2207
2208
2209
220988
220992
2210
221037
221120
2212
2213
221357
221391
2214
221472
221496
221687
221785
221823
2219
221914
221955
2220
2222
222236
2224
222537
222545
222962
223
2230
2232
2235
2237
2239
2241
2242
2243
2244
2245
2246
2247
2248
2249
225
2250
2251
2252
2253
2254
2255
226
2260
2261
2262
2263
2264
2266
2268
2271
2274
2277
22794
22795
2280
22801
22803
22818
22820
22826
22835
22841
22845
22856
22861
22869
22872
22885
22888
22894
22897
229
22901
22908
22914
22915
22916
22917
22919
22920
22926
22927
22934
22937
22938
22948
22949
22954
22955
22978
22981
22985
22986
22989
22994
22995
22999
230
23007
23016
23019
23020
23028
23035
23043
23047
23049
2305
23054
23057
23063
2308
2309
23092
23097
23098
231
23108
23112
23114
23118
23120
23122
23127
23129
23135
23141
2316
23165
23166
23169
2317
23171
23173
23175
23179
2318
23186
23193
23198
23200
23203
2321
23216
23220
23221
23224
23225
23229
23236
23239
2324
23244
23250
2326
23262
23263
23265
2327
23279
2328
23286
23291
23293
23295
23304
23305
23308
23309
2331
23315
23327
23332
23345
23348
2335
23352
23353
23365
23370
23380
23381
23383
23385
23389
2339
23395
23396
23397
23401
23404
23405
23414
23415
23416
23417
2342
23421
23426
23428
23431
23433
23438
23443
23446
23450
23451
23456
23460
23462
23466
23468
23471
23474
23475
23478
23479
23480
23493
23498
23509
23511
23512
23516
23521
23523
23526
2353
23530
23533
23538
23539
23545
23556
23557
2356
23562
23563
23566
2357
2358
23583
23586
2359
23590
23592
23594
23595
23596
23600
23601
23604
23607
23608
23619
23620
23626
23632
23636
23643
23644
23645
23646
23649
23657
23658
23660
23673
23678
23705
23708
23759
23760
23761
23764
23779
239
2395
24
240
241
24137
24145
24146
24148
242
245908
245909
245910
245911
245913
245915
245927
245928
245929
245930
245931
245932
245934
245936
245937
245938
245939
245940
245972
245973
246
246175
246184
246213
246330
247
2475
2488
2491
2492
2494
2495
25
2512
2515
2516
2520
2521
2530
253017
2531
2532
253260
2533
2534
253430
2535
253558
253559
253639
2537
253782
2538
2539
2542
254428
254531
2547
254783
254786
254879
2549
254973
2550
255189
255231
2554
255403
255488
2555
2556
255626
255631
2557
255725
2558
2559
255967
2560
256051
256076
2561
256126
256144
256148
2562
256297
256435
2566
2567
256892
2569
256933
2570
257062
2571
257106
2572
257313
257397
25759
25769
25777
25780
25791
25796
25799
2580
25800
25802
25804
25805
2581
25813
25819
2582
25820
25830
25834
25836
2584
25842
25847
2587
25870
25873
25874
25885
25888
2589
25898
259
2590
25904
25909
2591
25913
2592
25920
259230
259232
259285
259286
259287
259289
25929
259290
259291
259292
259293
259294
259295
259296
2593
259307
25936
25937
25942
25945
2597
25970
25973
25974
25977
25978
26003
26007
26018
26019
26020
26035
26048
26052
26060
26061
26085
26118
26119
26127
26133
26149
26152
26153
26154
2617
261729
261734
2618
26184
26188
26189
26190
262
2620
2621
26211
26212
26219
26224
26227
26229
2623
26230
26232
26234
2624
26245
26246
26248
2625
26251
26258
26259
2626
26266
2627
26270
26271
26272
26273
26275
26277
26279
2628
26281
26285
26289
2629
26290
2632
2633
26330
26333
26338
26339
2634
26341
2635
2638
2639
2641
2642
2643
2644
2645
2646
2647
26476
2648
2649
26492
26493
26494
26495
26496
26497
2650
26503
26508
26515
26517
26519
2652
26520
26521
26523
26524
26529
26531
26532
26533
26534
26538
26539
2657
26574
26575
26577
26595
2664
26648
2665
26658
26659
26664
266675
266722
2668
26682
26683
26686
26687
26689
26692
26693
26696
2670
26707
2671
26716
2673
26735
26737
2674
26740
2675
2677
2678
2683
2686
2687
26873
2688
2689
2690
2691
2692
2693
2694
2695
2696
2697
26974
26985
26986
26999
27
270
2700
27006
2701
27010
27012
27018
2702
2703
27030
27032
27033
27034
27040
2705
2706
27063
27068
2707
27071
27087
27089
2709
27090
27092
27094
271
2710
27113
27115
2712
27124
27127
2713
27131
27133
27153
27154
27158
27161
27165
2717
27173
27175
27183
2719
27198
27199
272
2720
27202
27229
27230
27233
27235
27237
27242
27243
27249
27252
27255
27257
27258
27284
27289
2729
2730
27300
27302
27304
27306
27316
27327
27330
27334
27335
27338
27345
2740
2741
2742
2743
27430
2744
2745
2746
2752
276
2760
2766
2767
2768
2769
277
2770
2771
2773
2774
2775
2776
2778
2779
2780
2781
2782
2783
2784
2785
2786
2787
2788
279
2790
2791
2792
2793
2796
2797
2798
2799
280
2801
2805
2806
2810
2811
2812
2814
2815
2817
2819
2820
2821
28227
28231
28232
28234
2826
282679
282763
282770
282775
2828
282890
2829
28299
283092
283093
2831
283110
283111
283120
283159
283160
283162
283189
2832
283297
2833
283337
283365
283375
2834
283463
283464
283617
283652
283694
2837
283748
28378
283869
284
2840
284098
2841
284111
284119
284217
284266
284306
284307
284309
284359
284370
284383
284433
284443
284459
284521
284525
284532
284541
2846
2847
285
28514
285175
285195
285242
285267
285268
2853
285335
285349
285362
285643
285659
285676
285704
28577
285971
286
286075
286133
2862
2863
286362
286365
28639
2864
286410
286451
2865
2867
286826
2869
287
2875
28755
2876
2877
28770
28772
28774
28775
28776
28781
28783
28784
28785
28786
2879
28791
28793
28795
28799
288
28802
28811
28813
28814
28816
28823
28825
28826
28834
2885
2886
2887
2888
2889
2890
28908
2891
2892
2893
28960
28962
28965
2897
28972
2898
28982
28988
2899
29
290
2900
2901
2902
2903
2904
2905
2906
29071
29079
2908
29082
29089
2909
29090
291
29102
29106
29108
2911
29110
2912
29126
29127
2913
2914
2915
2916
2917
2918
2919
292
2920
2921
2922
2923
2925
2926
293
2931
2932
2934
2936
2937
2938
2939
2940
2941
2944
2946
2947
2948
2949
2950
2952
2953
2954
2957
2958
2959
2960
2961
2962
2963
2965
2966
2967
2968
2971
2972
2974
2975
2976
29760
2977
2978
29780
29785
2979
29796
2982
2983
29841
29843
29850
29851
29855
2986
2987
29880
29881
29882
29883
29893
29894
2990
29904
2992
29924
29925
29926
29927
29928
29929
29933
29935
29940
29945
29956
29959
29967
29968
2997
29974
2998
29982
29984
29985
29986
29988
2999
30
3000
30001
30008
30011
3002
3004
3005
3006
30061
3007
3008
3009
301
3013
3014
3015
3017
3018
3020
3024
3028
3030
3032
3033
3034
3035
3036
3037
3038
3039
3043
3046
3047
3048
3055
3060
3061
3062
3065
3066
3067
3068
3073
3074
3075
3081
30814
30817
3082
30827
30832
30833
3084
30845
30846
30849
3091
3093
3098
3099
31
3101
3105
3106
3107
3108
3109
3111
3112
3113
3115
3117
3118
3119
3120
3122
3123
3125
3126
3127
3133
3134
3135
3141
3145
3146
3148
3155
3156
3157
3158
3159
316
3161
3162
3163
3164
317
3170
3171
3172
3174
3175
317649
3177
3178
3181
3183
3184
3185
3187
3188
3190
3191
319100
3192
32
324
3240
3242
3248
325
3250
3251
3263
3265
326625
3269
3273
3274
328
3280
3283
3284
329
3290
3292
3293
3295
33
330
3303
3306
3309
331
3312
3313
3315
332
3320
3326
3329
3339
333932
3340
335
3350
3351
3352
3354
3355
3356
3357
3358
3359
336
3360
3361
3362
3363
3364
337
3371
3373
3375
3376
337876
338
3381
3383
338398
3384
338440
338442
3385
338557
338567
338596
3386
338662
338674
338675
338751
338755
339
339221
339327
3394
339403
339500
339559
3397
34
340024
340061
340075
340252
340267
340273
340385
340481
340485
340665
340980
341152
341276
341392
341416
341418
341568
3417
341799
3418
3419
3420
3421
342132
3422
3423
3425
342510
3426
3428
3429
342926
343
3430
343169
343170
343171
343172
343173
3433
3434
343406
343563
343578
3437
3439
344
3440
3441
3442
3443
3444
3445
3446
344787
3448
3449
345
3451
3452
345274
3454
3455
3456
3458
3459
3460
346517
346525
346528
346562
347148
347168
347169
347468
347527
347732
347733
347734
3479
348
3480
3481
348158
3482
348235
3483
348327
3484
3485
3486
3487
3488
3489
348932
348980
348995
3490
349075
3493
3494
3495
349565
3497
35
3500
3501
3502
3503
3507
351
3514
3516
353
353088
353164
353189
353274
353355
353376
3537
3538
3539
354
3542
3549
355
3551
3552
3553
3554
3556
3557
3558
3559
356
3560
3561
3562
3563
3567
3568
3569
3570
3572
3574
3575
3576
3577
3579
358
359
36
360
3606
361
3611
3612
3613
3614
3615
3619
362
3620
3623
3624
3625
3626
3627
3628
363
3630
3631
3632
3633
3635
3636
3638
364
3640
3642
3643
3646
3651
3654
3655
3656
3659
366
3660
3661
3662
3663
3664
3665
3667
3669
367
3670
3672
3673
3674
3675
3676
3678
3679
368
3680
3681
3682
3683
3684
3685
3687
3688
3689
3690
3691
3693
3694
3695
3696
37
3702
3703
3704
3705
3706
3707
3708
3709
3710
3712
3714
3716
3717
3718
372
3725
3726
3728
3735
3736
3737
3738
373856
3739
3741
3742
374291
3743
374378
3744
3745
3746
374655
3747
3748
374868
374879
3749
374900
374907
374928
375
3750
3751
3752
3754
3755
375519
3756
3757
375790
3758
3759
3760
3761
3762
3763
3764
376497
3765
3766
3767
3768
377
3770
3772
3773
3775
3776
377677
3777
3778
3779
3780
3781
3782
3783
3784
3785
3786
3787
378708
3788
378807
378884
3790
3791
3795
3796
3797
3798
3799
38
3800
3801
3802
3803
3804
3805
3806
3809
3810
3811
3812
3813
3814
3815
3816
3817
3818
3821
3822
3824
3827
383
3831
3832
3833
3835
3836
3837
3838
3839
384
3840
3841
3842
3843
3845
387
387032
387129
387748
388
388531
388536
388552
388561
388566
388567
388569
388585
388646
388761
389
389015
389090
389114
389434
389692
3897
390036
390037
390038
390053
390054
390058
390059
390061
390063
390064
390066
390067
390072
390073
390075
390077
390078
390079
390081
390082
390083
390084
390093
390113
390134
390142
390144
390148
390151
390152
390154
390155
390157
390162
390167
390168
390174
390181
390190
390191
390195
390197
390199
390201
390260
390261
390264
390265
390266
390271
390275
390321
390323
390326
390327
390429
390431
390432
390433
390436
390437
390439
390441
390442
390445
390538
390648
390649
390756
3908
390874
390882
390883
390892
390894
3909
390927
391
3910
3911
391107
391109
391112
391114
391121
391189
391190
391191
391192
391194
391195
391196
3912
391211
3913
3914
3915
3918
392
3920
3921
392133
392138
392309
392376
392390
392391
392392
3929
393
3930
393046
3931
3932
3937
3938
3939
394
394263
3945
3949
395
3952
3953
3955
3958
396
397
3972
3973
3978
398
3980
3981
3983
3984
3985
3987
399
3990
3991
3992
399687
3998
40
4000
4001
400569
400709
400720
400830
401036
4012
401427
4015
401505
401509
401541
4016
401663
401665
401666
401667
4017
4018
401973
401992
401993
401994
402135
4023
402569
403239
403244
403253
403257
403273
403274
403277
403278
403282
403284
403339
4035
4036
4038
4047
4048
405
4051
4052
4053
4054
4056
4057
406
4060
4064
4067
4069
406942
406957
406984
406985
406989
407012
407013
407015
407016
407028
407040
407041
407042
4074
408
4082
4085
4086
4087
4088
4089
409
4090
4091
4092
4093
4097
4099
41
410
411
4116
412
4121
4122
4124
4128
4129
4137
414
4141
4143
414325
4144
4145
4146
4148
4149
415
4153
4157
4158
4159
416
4160
4161
4166
4168
417
4171
4172
4173
4174
4175
4176
4179
4189
4190
4191
4192
4193
4199
4205
4208
4209
4210
4214
4215
4217
4218
4221
4233
4236
4237
4238
4239
4240
4242
4245
4247
4248
4249
4254
4255
4257
4258
4259
4261
427
4277
4283
4284
4292
4295
43
4301
4303
4306
4308
4311
4312
4313
4314
4316
4317
431704
4318
4319
4320
4321
4322
4323
4324
4325
4326
4327
4329
4331
4337
4338
4343
4345
435
4350
4351
4352
4360
4361
4363
438
440
440077
440138
440387
440515
440519
440915
441234
441308
441509
441608
441639
441669
441670
441911
441932
441933
442117
442179
442184
442185
442186
442191
442194
442197
442319
442361
4438
4439
445
4478
4481
4502
4507
4521
4522
4524
4534
4543
4544
4547
4548
4552
4580
4582
4583
4584
4585
4586
4588
4589
4591
4593
4594
4595
4597
4598
4599
4600
4602
4604
4605
4606
4607
4609
4615
4617
4618
4619
462
4620
4621
4622
4624
4625
4626
4627
4628
4629
4632
4633
4634
4635
4637
4638
4641
4644
4645
4646
4647
4649
4650
4651
4654
4656
4659
466
4660
4663
4669
467
4670
4677
468
4682
4683
4684
4686
4688
4689
4690
4694
4695
4696
4697
4698
47
4700
4701
4702
4703
4704
4705
4706
4707
4708
4709
471
4710
4711
4712
4713
4714
4715
4716
4717
4718
4719
472
4720
4722
4723
4724
4725
4726
4728
4729
4731
4734
4736
4738
474382
4747
4751
4756
4758
4759
476
4760
477
4772
4773
4774
4775
4778
478
4781
4782
4784
479
4790
4791
4792
4793
4794
480
4800
4801
4802
4803
4804
4809
481
4811
482
4821
4825
4828
4829
483
4830
4831
4833
4836
4837
4838
4842
4843
4846
4848
4849
4850
4851
4852
4853
4854
4855
486
4860
4862
4868
4869
487
4878
488
4886
4887
4889
489
4891
4893
4897
4899
49
490
4902
4904
4905
4907
491
4913
4914
4915
4917
492
4921
4922
4923
4926
4927
4928
4929
493
4938
4939
4940
4942
4946
4947
495
4952
4953
4957
4958
496
4967
4968
4969
4973
4974
498
4983
4985
4986
49861
4987
4988
4991
4992
4993
4994
4995
4998
4999
50
5000
5001
5002
5007
5009
501
5010
5016
5019
5020
5021
5023
5027
5028
5029
5030
5031
5032
5034
504189
504190
504191
5045
5046
5048
50484
50486
50487
50488
50489
50509
50511
50515
5053
5054
5055
5058
506
50614
50617
5062
50628
5063
50636
50640
50649
50650
50674
5069
50700
5071
5073
5078
5080
50801
50808
50814
50831
50832
50833
50834
50835
50836
50837
50838
50839
50840
50846
50848
50852
50855
50865
509
5091
5092
5093
50937
5094
50940
5095
5096
50999
51
51000
51003
51004
51010
51013
51025
51028
51046
5105
51052
51053
51058
5106
51067
51070
51074
51079
5108
51082
51083
51085
51099
51107
51109
5111
51121
51123
51128
51129
51130
51135
51141
51144
5116
51160
51164
51166
5118
51191
51196
51206
51208
5122
51227
5125
51251
5126
51276
51284
51289
51291
51292
51293
51295
51296
513
5130
51301
51302
51305
51306
51311
51312
51317
5133
51332
51333
51343
5136
51360
51362
51363
5137
51377
51378
5138
51380
51382
51384
51385
5139
51393
51399
514
5140
5141
5142
51421
51422
51428
51429
5143
51433
51434
5144
51444
51447
5145
51455
51458
51465
51466
51477
51478
5148
51497
515
5150
5151
51510
51517
5152
51520
51529
5153
51534
5154
5155
51552
5156
51564
5158
51582
51585
51586
5159
51592
516
5160
51604
51606
51619
5162
51626
5163
51639
5164
51647
5165
51652
51659
5166
51660
51665
51666
5167
51676
51686
51690
51692
51699
5170
51703
51719
5172
51726
51727
51728
5173
51733
51738
51741
51744
5175
51750
51752
51761
51763
51764
51765
51773
5179
51802
51805
51808
51809
5187
5196
5197
5198
5201
5202
5203
5204
5205
5207
5208
5209
521
5210
5211
5213
5214
5216
5217
522
5223
5224
5226
5228
523
5230
5236
5238
5241
5243
5244
525
5255
5256
5257
526
5260
5261
5264
5265
5269
527
5270
5271
5277
5279
528
5281
5283
5286
5287
5288
5289
529
5290
5291
5293
5294
5295
5296
5297
5298
5300
5305
5306
5313
5315
5317
5319
5320
5321
5322
5327
5328
5329
533
5330
5331
5332
5333
53343
5335
53354
53358
5336
5337
53371
53373
5338
5339
534
5340
5341
5345
5346
5347
5348
5349
535
5351
5352
5360
5361
5362
53630
53632
53637
5364
5365
5366
5367
5368
5371
5372
5373
538
53822
53826
53828
53829
53842
539
53919
5393
53981
54
540
5406
54069
5407
5408
5409
54106
54145
54205
54207
54209
54210
5422
5423
5424
5425
5426
5427
5429
5430
5431
5432
5433
54331
5434
54344
5435
5436
54361
54363
5437
5438
54386
5439
5440
54407
5441
5442
54429
5443
54461
54464
54472
54480
54487
54490
54492
54498
545
54509
5451
54512
54518
54536
54539
54543
54567
54576
54577
54578
54579
54583
54600
5464
5465
54657
54658
54659
5467
54675
54677
5468
5469
54700
54704
5471
54716
5473
54739
5475
54751
54756
5476
54778
5478
5479
54795
54797
54807
54811
54820
54821
54822
54829
54831
548596
54872
54885
54898
549
54905
54908
54925
54926
54938
5494
54941
54947
5495
54959
54965
5498
54988
54989
5499
5500
5501
55033
55034
55048
55055
55062
55066
5507
55070
55089
55090
551
55107
55114
55117
55120
55125
55129
55135
55142
55143
5515
55157
5516
55163
55166
55176
5518
55181
55182
5519
55190
55191
552
5520
55214
55215
55217
55224
55229
55233
55236
55240
55243
55244
5525
55256
5526
5527
55270
55276
5528
55283
55284
55288
5529
55290
55294
553
5530
55300
55304
55312
55315
5532
55320
55326
5533
55330
55331
5534
55343
55355
55356
55361
55388
5539
554
5540
554213
55422
55423
55437
55454
5547
5549
55500
55501
55503
55512
55515
5552
55521
55534
55558
55568
5557
55571
55576
5558
55584
55585
55588
55593
55604
55619
5562
55627
5563
55630
55634
5564
5565
55650
55651
55657
55659
5566
55662
55663
55669
5567
55676
55679
5568
55690
55697
55699
55703
5571
55711
55713
55718
55722
5573
55737
55738
55740
55741
55742
55746
55748
55749
5575
55755
55757
5576
55762
55763
5577
55770
55775
55778
5578
55786
55788
55789
5579
55790
55799
5580
55800
55802
5581
55814
5582
55824
5583
55835
55839
5584
55843
55844
55845
55851
55867
55869
5587
5588
55888
5589
5590
55900
55902
5591
55914
5592
55920
5593
5594
5595
55957
55958
55967
55970
5598
5599
55997
5600
56005
56006
5601
5602
5603
56034
5604
5605
56052
5606
5607
5608
5609
5610
5611
56154
56158
5617
5618
5621
5623
5624
56242
5625
56253
56261
56267
5627
56288
56301
56302
5631
56339
5634
5641
56413
5644
5645
5646
56474
56477
56479
5648
5650
56548
5660
56603
56605
56606
56616
56623
56624
5663
5664
56648
56656
56659
56666
56667
56670
567
5682
5683
5684
56848
5685
5686
5687
5688
56886
5689
56894
56895
56896
5690
5691
56913
56915
5692
56922
56923
56924
5693
56937
56938
5694
56949
5695
56953
5696
56963
5697
56979
5698
56983
5699
56992
56993
56994
56999
570
5700
5701
57016
57019
5702
57030
57038
5704
5705
5706
5707
5708
57082
57084
5709
5710
57101
57104
57105
57107
5711
57113
57121
57122
57126
57127
57128
5713
57134
5714
57142
57144
57148
5715
57153
57154
5716
57161
57162
57165
5717
57171
57176
5718
57181
57186
5719
57192
57194
57198
572
5720
57205
57209
5721
5723
5724
5725
5726
5727
5728
57282
5729
5730
5731
5732
5733
57332
57335
57336
5734
57343
57348
57369
5737
57381
5739
5740
57405
5741
57419
5742
5743
5744
57449
5745
57452
57453
5746
57468
5747
57472
57474
57498
57505
57506
57510
57514
57521
57522
57530
57534
57541
57546
57547
57551
57556
57569
57572
57573
57578
57615
57636
57642
57644
57657
57677
57678
57690
57693
57697
57698
5770
57704
5771
57711
57719
57731
57733
57761
5777
57794
578
57804
5781
57818
57819
57828
57829
57834
57835
5786
57863
57876
5788
5802
5805
581
5810
5817
5818
5819
58191
5824
5825
5829
5831
5832
5833
5834
5836
5837
58472
58477
58478
58480
58484
58491
58492
58494
58500
58504
58513
5859
586
5860
5861
5862
5864
5867
5868
587
5870
5872
5873
5878
5879
5880
5881
5883
5884
5885
5887
5888
5889
5890
5893
5894
5898
5899
59
590
5900
5901
5902
5903
5905
5906
5908
5909
5914
5915
5916
5917
5921
5923
5924
5925
59272
59277
5928
59283
593
59307
5931
5932
5933
5934
59340
59341
59343
59345
59348
59350
594
5947
5948
594857
5949
595
5950
5956
5957
5959
596
5962
5966
5970
5972
5976
598
5981
5982
5983
5984
5985
5986
5995
5996
5997
5999
60
6000
6001
6002
6005
6009
6010
6011
6014
6015
6016
6017
6019
6041
60412
60436
6045
6047
60481
60482
60485
60489
6049
60490
60495
60496
60559
60675
60676
6091
6092
6093
6095
6096
6097
610
611
6117
6118
6119
6120
6121
6122
6123
6124
6125
6128
6129
613
6130
6132
613209
613210
613211
6133
6134
6135
6136
6137
6138
6139
6141
6142
6143
6144
6146
6147
6152
6154
6155
6156
6157
6158
6159
6160
6161
6164
6165
6167
6168
6169
617
6170
6171
6173
6175
6176
6181
6184
6185
6187
6188
6189
6191
6192
619279
6193
619373
6194
6195
6196
6197
6198
6199
6201
6202
6203
6204
6205
6206
6207
6208
6209
6210
6217
6218
622
6222
6223
6224
6227
6228
6229
623
6230
6231
6232
6233
6234
6235
6237
624
6240
6241
6249
6251
6256
6257
6258
6261
6262
6263
6272
6283
6285
6288
629
6295
6300
6301
6303
6304
6307
6309
6323
6324
6326
6327
6328
6329
633
6331
6332
6334
6335
6337
6338
6339
6340
6342
6343
6344
6347
6348
6349
635
6351
6352
6354
6356
6360
6361
6363
6364
6366
6367
6368
637
6370
6372
6373
6374
6375
6376
6382
63827
6383
6385
6386
6387
6389
63891
63893
6390
6391
63916
63917
6392
63923
63934
6396
63967
63971
63982
640
6400
6401
6402
6403
6404
6406
64061
64078
64087
64096
641
64105
64106
64116
64127
64135
64137
64145
64147
64151
6416
64167
64170
64174
64175
6418
642
64210
64216
64218
64219
64220
64221
64223
64240
64241
6426
6427
6428
6429
643
6430
6431
6432
64320
64326
64333
64344
64386
64388
64398
644
64403
64407
644076
64409
64411
644150
64419
64428
644378
644414
6446
6448
645
6453
6456
64579
64600
6464
6468
64682
64689
6469
6470
64711
64750
6476
64768
6477
6478
64781
648
6480
64802
64805
64816
6482
6483
64834
64837
6484
64840
64841
64849
64857
6487
649
64900
64902
64924
6494
64946
6497
6498
6499
650
6500
65010
6502
6505
65057
6506
6507
6508
6509
6510
65109
6511
65110
6512
65125
6513
6514
6515
6517
6518
6519
652
6520
6521
6522
65220
6523
6524
65243
65251
6526
65264
65266
65267
65268
6527
6528
6529
6530
6531
653166
6533
653361
653365
6534
6535
6536
653689
6538
6539
6540
6541
6542
654254
6543
6546
6547
6548
6549
655
6550
6553
6554
6555
6556
6557
6558
6559
6560
6561
6563
6564
6565
6566
6568
6569
657
6570
6571
6572
6573
6574
6575
6576
6578
6579
658
6580
6581
6582
6583
6584
6585
6586
659
65944
65988
660
66002
66035
6604
6606
6608
6609
661
6610
6611
6612
6613
6616
6617
6618
6619
6621
6622
6625
6626
6627
6628
6629
663
6632
6633
6634
6635
6636
6637
6643
6647
6654
6655
6667
667
6672
6675
6677
6678
6693
6696
6697
6708
6709
6710
6711
6712
6713
6714
6715
6716
6718
672
6720
6721
6723
6725
6726
6727
6728
6729
673
6730
6731
6734
6737
6741
6745
6746
6747
6748
6749
675
6750
6751
6752
6753
6754
6755
677
6770
6772
6773
6774
6776
6777
6778
6783
6785
6786
6788
6789
6790
6794
6799
680
6804
6809
6810
6811
6812
6814
6817
6818
6819
682
6820
6821
6822
6827
6829
6833
6837
6843
6844
6845
6846
6847
685
6850
6853
6854
6857
686
6861
6863
6865
6866
6868
6869
6870
6872
6874
6875
6877
6878
688
6880
6881
6882
6883
6884
6885
6888
6890
6891
6892
6895
6897
6898
6900
6901
6902
6903
6904
6905
6907
6908
6910
6915
6916
6917
6921
6923
6924
6925
6927
6928
6929
693123
6934
6938
6940
6945
6947
6948
695
6950
699
6996
6997
6999
7003
7004
7005
701
7010
7013
7014
7015
7016
7018
7019
7025
7026
7027
7029
7035
7037
7040
7042
7043
7044
7045
7046
7048
7050
7054
7056
7057
7058
7059
7060
7066
7067
7068
7074
7076
7077
708
7082
7083
7084
7086
7088
7089
7090
7091
7092
7093
7094
7096
7097
7098
7099
71
710
7100
7101
7108
7111
7112
7114
712
7122
7124
7125
7128
713
7132
7134
7135
7136
7137
7138
7139
714
7140
7143
7148
715
7153
7156
7157
7158
716
7163
7164
7166
7167
7168
7169
717
7170
7171
7172
7173
7174
7175
7177
7179
718
7181
7182
7184
7186
7187
7189
719
72
720
7200
7201
7203
7204
721
722
7220
7222
7223
7224
7225
7226
7248
7249
725
7251
7252
7253
7263
727
7270
7273
7276
7277
7278
727897
727936
728
7280
728294
7283
728441
728642
728927
728957
729
7290
729230
7294
7295
7296
7297
7298
729944
730
730087
730291
7305
7307
731
7311
7314
7316
7317
7318
7319
732
7320
7321
7322
7323
7324
7325
7326
7327
7328
7329
733
7332
7334
7335
7336
7337
7341
7343
735
7350
7351
7352
7355
7357
7358
7360
7363
7364
7365
7366
7367
7371
7372
7373
7376
7378
7381
7384
7385
7386
7388
7389
7390
7398
7407
7408
7409
7410
7411
7412
7414
7416
7421
7422
7423
7424
7428
7430
7431
7432
7433
7434
7439
7442
7443
7444
7448
7450
7453
7454
7456
7458
7462
7465
7466
7469
747
7471
7472
7473
7474
7475
7476
7477
7478
7479
7480
7481
7482
7483
7484
7494
7498
7507
7508
7514
7515
7518
7520
7525
7529
7531
7532
7533
7534
7535
7538
7539
7549
7551
7552
7556
7559
7561
7562
7565
7566
7567
7568
7571
7574
7576
7581
7582
7586
7587
759
7592
7594
7596
760
761
7618
762
7621
7625
7626
7627
763
7633
7638
765
7652
766
7673
7678
768
7692
7694
7695
7697
7699
7700
7702
7704
7706
7709
771
7710
7711
7712
7728
773
7733
7738
774
7743
7745
7748
775
7750
7752
7753
7755
7757
776
7760
7761
7762
7766
7767
7768
7769
777
7770
7773
7779
7780
7781
7783
7784
779
780
7804
7809
781
782
783
784
7840
7841
7846
785
7850
7852
7855
7867
7879
788
7881
7884
78989
790
79001
79003
79017
79019
79023
79027
7903
79053
79054
79058
79071
79084
79087
79088
790969
79109
79132
79143
7915
79155
79172
79175
79178
7922
79230
79274
79290
79295
79296
79310
79317
7932
79324
79334
79339
79345
79346
7936
79365
79369
7941
79411
79465
79470
79473
79482
79490
79501
79541
79544
79549
7957
79586
79587
796
79603
79623
79642
79643
79644
79646
7965
79654
79658
79659
79671
79682
79694
79695
797
79709
79717
79718
79720
79728
79731
79744
7975
79754
79755
79759
7976
79760
7978
79784
79788
79796
79813
79814
79818
79820
79822
79833
79862
79866
79868
79869
79873
79876
7988
79885
79887
79888
79891
79895
79898
799
79901
79902
7991
79924
79943
79944
79959
79970
79971
79973
79980
79986
79993
800
80005
8001
80012
80025
80031
80032
80036
80055
80095
801
80108
80110
8013
80139
80143
80152
80153
80176
80184
80196
80205
8021
80222
80254
80264
80267
8027
80270
80271
80273
8029
80308
80310
80317
80321
80326
80329
80331
80339
8034
80347
8038
80380
8050
8065
80704
80727
80728
80736
8074
8076
80765
80776
80778
80781
80818
80834
80835
80852
8086
81
81025
81027
81029
81030
81031
81033
81034
81035
81050
8106
81061
81099
811
8111
81127
81168
81169
81193
81228
81248
8125
8128
81282
81285
813
81300
81309
81315
81318
81327
81328
81341
8139
81392
814
8140
81406
81431
81442
81448
81458
81466
81469
81470
81472
81490
815
81537
81539
81559
81565
81567
81578
81579
816
81607
81617
81620
81622
81623
8165
81693
81696
81697
817
8170
81704
8174
8175
8178
81793
81797
818
81844
81856
81857
81876
81894
81928
81929
81930
820
8200
8202
821
8218
8224
823
8237
8239
8243
826
829
8290
830
8301
8309
8310
8312
8317
8318
832
8321
8322
8323
8324
8325
8326
833
8331
8334
8335
8337
8338
834
8340
83401
8341
8342
83443
8345
83464
8347
83475
83478
8348
8349
835
8350
83539
83540
83547
83549
83551
8359
836
83697
837
83700
8372
83729
83737
83744
83752
83756
8379
83795
8383
8386
8387
8388
83884
8389
839
8390
8391
8392
83933
8394
8395
8396
8398
83988
8399
83990
840
84002
8402
84033
84057
84062
84063
841
84102
84109
8411
84124
84126
84131
84144
84152
84166
8417
84171
84172
84188
842
8424
84245
84246
8425
84254
84261
84265
8427
84274
8428
84282
84296
843
8431
84313
84329
84335
8440
8443
84432
84433
84436
84441
84447
84448
84449
84467
84513
84515
84516
8452
84527
8453
84532
84539
8454
84552
84570
846
84612
84617
84618
84623
84626
8463
84634
84643
84649
84658
8467
84671
84676
84679
8468
84693
84694
84695
847
84706
8471
84720
84727
84733
84752
84765
8477
84775
84790
8480
84803
8481
8482
84838
8484
84844
8487
84874
84876
84889
84894
84911
84912
84914
84920
84924
84930
84962
84967
84986
8501
8503
8504
8506
8509
8514
8515
8516
8517
8519
85236
8525
8526
8527
8529
85301
85320
8534
8535
85360
85365
85378
85397
8540
85413
8542
85440
85441
85456
8546
85465
8547
8548
8550
8553
8554
8556
8557
8560
8564
8565
8566
8569
857
8570
8573
8575
8578
8590
860
8601
8604
8605
8607
8608
8611
8612
8613
8615
8620
8622
8630
8633
8636
8638
8643
8644
8647
8648
8650
8651
8654
8655
8659
8660
8661
8662
8663
8664
8665
8666
8667
8668
8669
867
8671
8672
8673
8675
8676
8677
868
8683
8685
8692
8693
8694
8697
8698
87
8702
8703
8704
871
8714
8717
8720
8722
8724
8726
8729
873
8731
8732
8733
8735
8737
8741
8743
8747
8748
875
8751
8754
8760
8764
8766
8767
8772
8773
8775
8776
8785
8786
8787
8788
8789
8795
88
8800
8801
8802
8803
8805
8811
8813
8815
8817
8818
8821
8822
8823
8826
8828
8829
883
8832
8833
8835
8837
8841
8843
885
8850
8851
8856
8858
886
8862
8864
8867
887
8871
8874
8877
8878
8879
8881
8884
8887
8890
8891
8892
8893
8894
8897
8898
89
890
8900
8905
8907
8908
891
8911
8912
8913
8915
892
8924
8928
8930
8932
8935
8936
894
8942
8945
896
8970
8972
8973
8976
89780
898
89822
89839
89845
89846
8985
8986
89869
89872
89874
8989
89910
8992
89941
89953
8997
9
9002
90075
9013
90134
9014
9015
90161
902
9020
9021
9023
90233
90249
9026
90293
90317
90333
90338
9034
9037
9038
9039
90390
904
9040
90411
90423
90427
9043
9045
9046
9048
905
9051
9054
9056
9057
90576
9058
90589
90592
90594
9060
9061
90627
90649
90678
9069
90701
9071
9073
9074
9075
9076
908
9080
90827
90874
9088
9091
90952
91
9101
91012
9107
9108
9110
91120
9113
9114
9123
9125
9126
9128
9132
9133
9134
9138
914
9140
9146
9148
915
9150
9152
91522
9153
9154
91584
916
91614
9162
91653
9167
91687
917
9170
91734
91750
91754
91768
9177
91782
9181
9183
9184
91851
91869
9187
919
9194
9196
9197
91975
92
920
9208
9212
92126
9217
9218
9227
92283
92285
92292
9232
92335
92359
92369
9241
92421
9245
9246
9249
925
9252
9254
9255
92579
92591
92595
92597
926
92609
9261
92737
92745
9276
928
9282
9287
9288
929
9290
92912
92935
9294
9295
9296
93
930
93010
93034
9306
9310
93100
93107
9311
9312
9313
93134
9314
93183
9320
9322
9328
9329
9330
9331
9332
9334
9337
9340
93426
9343
93474
9348
9349
93492
9350
9353
9354
9356
93611
9365
93663
9370
9371
9372
9376
9377
9378
9380
9391
9394
9397
940
94005
94015
9402
94025
94039
941
9410
9411
9412
94134
9414
9415
9416
942
9420
9422
9423
94233
94235
9424
9429
9435
9436
9439
9440
9441
9442
9443
9445
9446
9447
9448
9450
9451
9453
9459
9463
9468
9469
947
9470
9474
9475
9477
948
9482
9487
9488
9489
949
9491
9493
9495
9497
9498
9500
9507
9508
9509
9510
9512
9514
9517
9520
9521
9524
9525
9533
9534
9536
9542
9550
9551
9559
9562
9564
9568
95681
9570
9572
9575
958
959
960
961
9611
9612
9615
9619
962
9626
9628
9630
9631
9632
9636
9641
965
9651
9653
9656
966
9662
9663
9666
9668
9669
967
9672
96764
9677
9685
9688
9690
9695
9698
9700
9702
9709
971
972
9723
973
9730
9732
9734
9735
9738
974
9743
975
9754
9759
976
9761
9765
977
9775
978
9785
9789
9791
9793
9794
9797
9804
9807
9814
9817
9818
9820
9824
9826
9828
9829
983
9837
984
9843
9844
9846
9855
9861
9862
9863
9867
9868
9871
9882
9883
9886
9887
9896
990
9901
9902
9903
991
9912
9914
9918
9924
9926
9927
993
9934
9938
9939
994
9945
9948
995
9951
9953
9955
9956
9957
9958
996
9962
9963
9965
9968
9969
997
9970
9971
9972
9975
9978
998
9985
999
9990
