18	158698	158713	9097
18	163307	163452	9097
18	166786	166818	9097
18	178932	179036	9097
18	180235	180338	9097
18	192841	192899	9097
18	196636	196766	9097
18	197615	197695	9097
18	198046	198131	9097
18	199201	199315	9097
18	202879	202944	9097
18	203097	203189	9097
18	204563	204691	9097
18	209970	210030	9097
18	210385	210492	9097
18	211132	211283	9097
18	214625	214920	9984
18	215428	215503	9984
18	216485	216632	9984
18	218885	218968	9984
18	223439	223504	9984
18	224083	224178	9984
18	224923	224993	9984
18	225088	225138	9984
18	225336	225402	9984
18	226800	226900	9984
18	246323	246454	9984
18	247848	247956	9984
18	252538	252611	9984
18	254272	254354	9984
18	259179	259274	9984
18	259681	259729	9984
18	260185	260303	9984
18	264025	264091	9984
18	265302	265362	9984
18	265456	265529	9984
18	267965	268018	9984
18	320044	320063	81035
18	321661	321806	81035
18	331667	331776	81035
18	333006	333142	81035
18	334741	335229	81035
18	346294	347340	81035
18	348064	348162	81035
18	357399	357521	81035
18	480706	480756	81035
18	500507	500513	81035
18	580408	580926	1068
18	618000	618105	27098
18	619212	619360	27098
18	624864	625031	27098
18	627096	627528	27098
18	633297	633434	27098
18	641326	641540	27098
18	644909	645096	27098
18	649897	649900	27098
18	657742	657875	7298
18	657875	657946	494514,7298
18	657946	658246	494514
18	659640	659713	7298
18	662145	662319	7298
18	669071	669172	7298
18	670691	670866	7298
18	671379	671450	7298
18	672859	672996	7298
18	674304	674405	55556
18	675320	675401	55556
18	677344	677443	55556
18	677742	677871	55556
18	678695	678736	55556
18	683245	683379	55556
18	685920	686007	55556
18	688573	688607	55556
18	690548	690630	55556
18	691067	691105	55556
18	691203	691275	55556
18	693881	693907	55556
18	694247	694333	55556
18	697239	697354	55556
18	706469	706531	55556
18	706531	706577	55556
18	712359	712503	55556
18	712503	712505	55556
18	712505	712586	55556
18	724423	724631	7525
18	732833	732964	7525
18	736807	736960	7525
18	739734	739810	7525
18	742917	743096	7525
18	743259	743414	7525
18	745707	745856	7525
18	745947	746050	7525
18	747919	748017	7525
18	751704	751803	7525
18	756556	756826	7525
18	905387	905496	116
18	907659	907790	116
18	908265	908363	116
18	909446	909635	116
18	2538998	2539143	64863
18	2544193	2544284	64863
18	2544651	2544757	64863
18	2547353	2547527	64863
18	2552693	2552762	64863
18	2554667	2555036	64863
18	2563795	2563857	64863
18	2566819	2567214	64863
18	2572984	2573084	10403
18	2574987	2575064	10403
18	2577744	2577867	10403
18	2577967	2578139	10403
18	2578925	2579027	10403
18	2585111	2585200	10403
18	2587828	2587921	10403
18	2589202	2589308	10403
18	2590016	2590160	10403
18	2595414	2595619	10403
18	2599017	2599169	10403
18	2601394	2601483	10403
18	2606413	2606505	10403
18	2608698	2608828	10403
18	2610757	2610859	10403
18	2616435	2616572	10403
18	2656074	2656259	23347
18	2666155	2666230	23347
18	2666868	2667029	23347
18	2673279	2673361	23347
18	2674013	2674143	23347
18	2688391	2688505	23347
18	2688625	2688744	23347
18	2694524	2694690	23347
18	2697029	2697119	23347
18	2697828	2698038	23347
18	2700536	2700656	23347
18	2700732	2700915	23347
18	2703689	2703883	23347
18	2705691	2705804	23347
18	2706361	2706467	23347
18	2707560	2707642	23347
18	2707804	2707917	23347
18	2718155	2718232	23347
18	2718312	2718431	23347
18	2722516	2722660	23347
18	2724896	2724992	23347
18	2726449	2726521	23347
18	2728454	2728593	23347
18	2729272	2729406	23347
18	2732262	2732489	23347
18	2738394	2738542	23347
18	2739429	2739517	23347
18	2740700	2740818	23347
18	2743758	2743925	23347
18	2747519	2747644	23347
18	2750040	2750119	23347
18	2750347	2750504	23347
18	2751275	2751390	23347
18	2752485	2752549	23347
18	2760649	2760736	23347
18	2762102	2762233	23347
18	2763634	2763786	23347
18	2769691	2769817	23347
18	2769986	2770105	23347
18	2771530	2771615	23347
18	2772247	2772369	23347
18	2775731	2775921	23347
18	2777803	2777912	23347
18	2778166	2778236	23347
18	2784447	2784618	23347
18	2795946	2796104	23347
18	2796404	2796518	23347
18	2802525	2802549	23347
18	2847186	2847319	84034
18	2847806	2847928	84034
18	2884961	2885136	84034
18	2890558	2892483	84034
18	2906780	2907082	84034
18	2908940	2908972	84034
18	2909688	2909816	84034
18	2913064	2913401	84034
18	2920290	2920434	9663
18	2920775	2920878	9663
18	2921530	2921644	9663
18	2922044	2922196	9663
18	2923772	2923858	9663
18	2924395	2924543	9663
18	2925221	2925365	9663
18	2926720	2926802	9663
18	2927719	2927808	9663
18	2928588	2928657	9663
18	2929062	2929155	9663
18	2931253	2931440	9663
18	2934348	2934447	9663
18	2937689	2938034	9663
18	2939477	2939600	9663
18	2940602	2940709	9663
18	2951052	2951353	9663
18	2954501	2954596	9663
18	2960646	2960837	9663
18	3067259	3067552	8736
18	3071831	3071886	8736
18	3075451	3075473	8736
18	3075722	3075758	8736
18	3079176	3079339	8736
18	3083786	3083891	8736
18	3083986	3084024	8736
18	3085042	3085129	8736
18	3086035	3086148	8736
18	3089171	3089238	8736
18	3089534	3089593	8736
18	3090655	3090799	8736
18	3094167	3094303	8736
18	3100156	3100200	8736
18	3100317	3100423	8736
18	3102471	3102627	8736
18	3112295	3112409	8736
18	3116328	3116512	8736
18	3119866	3119992	8736
18	3126698	3126894	8736
18	3129229	3129516	8736
18	3131372	3131493	8736
18	3134647	3134821	8736
18	3135544	3135727	8736
18	3141936	3142060	8736
18	3149142	3149198	8736
18	3151691	3151890	8736
18	3154944	3155085	8736
18	3164275	3164436	8736
18	3168814	3168978	8736
18	3173935	3173997	8736
18	3174117	3174205	8736
18	3176039	3176131	8736
18	3187477	3187634	8736
18	3188745	3189084	8736
18	3193815	3193955	8736
18	3214931	3215220	8736
18	3253245	3253425	10627
18	3253886	3254047	10627
18	3255743	3255915	10627
18	3272896	3273079	103910
18	3277250	3277411	103910
18	3277762	3277934	103910
18	3447737	3447794	7050
18	3450487	3450502	7050
18	3451977	3452379	7050
18	3456351	3456577	7050
18	3457362	3457937	7050
18	3499182	3499391	9229
18	3502490	3502642	9229
18	3508567	3508658	9229
18	3534191	3534612	9229
18	3567487	3567578	9229
18	3581872	3582245	9229
18	3729134	3729374	9229
18	3742334	3742511	9229
18	3814058	3814272	9229
18	3845231	3845281	9229
18	3879111	3880067	9229
18	5145560	5145753	642597
18	5197036	5197051	642597
18	5290856	5292202	7541
18	5293242	5293244	7541
18	5394681	5394791	23136
18	5395065	5395145	23136
18	5395607	5395705	23136
18	5396199	5396330	23136
18	5397056	5397424	23136
18	5398019	5398141	23136
18	5406775	5406966	23136
18	5407699	5407734	23136
18	5410564	5410617	23136
18	5415816	5416376	23136
18	5419709	5419875	23136
18	5423376	5423551	23136
18	5424260	5424357	23136
18	5428311	5428463	23136
18	5433467	5433554	23136
18	5433901	5434119	23136
18	5438033	5438108	23136
18	5443836	5443878	23136
18	5445138	5445242	23136
18	5478239	5478436	23136
18	5488999	5489181	23136
18	5890196	5892061	645369
18	5956218	5956385	91133
18	5960092	5960154	91133
18	5969391	5969560	91133
18	6046726	6046752	91133
18	6080879	6080949	91133
18	6093353	6093526	91133
18	6138192	6138294	91133
18	6171826	6171940	91133
18	6213147	6213257	91133
18	6215748	6215833	91133
18	6237962	6238038	91133
18	6239716	6239870	91133
18	6241356	6241447	91133
18	6243292	6243427	91133
18	6244482	6244586	91133
18	6263945	6264036	91133
18	6301901	6301955	91133
18	6311552	6311623	91133
18	6837347	6837412	79822
18	6851032	6851124	79822
18	6859806	6859895	79822
18	6868148	6868232	79822
18	6870588	6870730	79822
18	6873407	6873572	79822
18	6873682	6873773	79822
18	6876129	6876206	79822
18	6882135	6882297	79822
18	6887155	6887237	79822
18	6889886	6890083	79822
18	6890428	6890541	79822
18	6894833	6894889	79822
18	6896500	6896624	79822
18	6898434	6898572	79822
18	6908958	6909022	79822
18	6912058	6912152	79822
18	6942077	6942237	284217
18	6943178	6943400	284217
18	6947161	6947294	284217
18	6948401	6948554	284217
18	6949099	6949257	284217
18	6950780	6950969	284217
18	6955351	6955463	284217
18	6956634	6956763	284217
18	6958475	6958660	284217
18	6959339	6959490	284217
18	6961584	6961757	284217
18	6961943	6962057	284217
18	6964660	6964801	284217
18	6965286	6965430	284217
18	6966145	6966295	284217
18	6971855	6971979	284217
18	6973055	6973205	284217
18	6974901	6975034	284217
18	6975935	6976078	284217
18	6977725	6977879	284217
18	6978194	6978376	284217
18	6980519	6980635	284217
18	6982495	6982588	284217
18	6983097	6983232	284217
18	6985235	6985398	284217
18	6985525	6985641	284217
18	6986135	6986345	284217
18	6992559	6992718	284217
18	6993639	6993750	284217
18	6995355	6995444	284217
18	6997740	6997882	284217
18	6999443	6999636	284217
18	6999909	6999995	284217
18	7002262	7002383	284217
18	7007137	7007274	284217
18	7008486	7008606	284217
18	7009237	7009364	284217
18	7010198	7010383	284217
18	7011298	7011477	284217
18	7011993	7012136	284217
18	7013813	7014049	284217
18	7015720	7015856	284217
18	7016489	7016669	284217
18	7017276	7017382	284217
18	7023162	7023373	284217
18	7024378	7024464	284217
18	7025977	7026104	284217
18	7032064	7032174	284217
18	7032982	7033093	284217
18	7034477	7034688	284217
18	7035985	7036086	284217
18	7037576	7037749	284217
18	7038808	7038948	284217
18	7040074	7040234	284217
18	7042143	7042248	284217
18	7043225	7043403	284217
18	7044720	7044837	284217
18	7046276	7046365	284217
18	7049076	7049255	284217
18	7050692	7050934	284217
18	7079973	7080085	284217
18	7080285	7080455	284217
18	7117658	7117718	284217
18	7231136	7232041	339291
18	7567816	7567888	5797
18	7774146	7774268	5797
18	7888103	7888374	5797
18	7906502	7906580	5797
18	7926565	7926680	5797
18	7949178	7949352	5797
18	7955118	7955411	5797
18	8069683	8069991	5797
18	8076452	8076561	5797
18	8085668	8085869	5797
18	8088746	8088848	5797
18	8113483	8113756	5797
18	8114788	8114824	5797
18	8143644	8143776	5797
18	8244055	8244206	5797
18	8247842	8247916	5797
18	8253224	8253411	5797
18	8296365	8296452	5797
18	8314778	8314854	5797
18	8319175	8319211	5797
18	8343420	8343517	5797
18	8370887	8371003	5797
18	8376043	8376197	5797
18	8376459	8376594	5797
18	8378262	8378411	5797
18	8379164	8379337	5797
18	8380293	8380424	5797
18	8384558	8384683	5797
18	8387069	8387232	5797
18	8394473	8394608	5797
18	8406106	8406159	5797
18	8609725	8609950	201475
18	8624935	8624995	201475
18	8633186	8633324	201475
18	8635530	8635619	201475
18	8636250	8636354	201475
18	8638146	8638259	201475
18	8718448	8718645	23255
18	8720335	8720493	23255
18	8777830	8777889	23255
18	8783527	8784840	23255
18	8785933	8786088	23255
18	8792995	8793117	23255
18	8796229	8796459	23255
18	8798094	8798288	23255
18	8806890	8807057	23255
18	8812976	8813230	23255
18	8818960	8819256	23255
18	8821464	8821495	23255
18	8824696	8826229	23255
18	8828905	8828943	23255
18	9102741	9102794	4729
18	9117835	9117900	4729
18	9119323	9119385	4729
18	9119471	9119587	4729
18	9122510	9122678	4729
18	9124871	9124980	4729
18	9126828	9126904	4729
18	9134183	9134276	4729
18	9182430	9182516	23253
18	9195548	9195695	23253
18	9204473	9204541	23253
18	9208654	9208800	23253
18	9211581	9211781	23253
18	9216755	9216897	23253
18	9221849	9221996	23253
18	9254208	9258928	23253
18	9263787	9263885	23253
18	9275521	9275664	23253
18	9279546	9279641	23253
18	9280938	9281123	23253
18	9337227	9337349	57045
18	9359969	9360068	57045
18	9396277	9396543	57045
18	9399343	9399524	57045
18	9513043	9513286	10928
18	9516842	9517300	10928
18	9522157	9522506	10928
18	9524591	9524752	10928
18	9525717	9525848	10928
18	9530831	9530938	10928
18	9533332	9533453	10928
18	9533700	9533823	10928
18	9535668	9535934	10928
18	9547786	9547949	9989
18	9549194	9549335	9989
18	9550049	9550183	9989
18	9550275	9550395	9989
18	9553319	9553419	9989
18	9557218	9557379	9989
18	9559416	9559601	9989
18	9561977	9562072	9989
18	9563375	9563547	9989
18	9570154	9570680	9989
18	9577061	9577188	9989
18	9583114	9583272	9989
18	9584512	9584577	9989
18	9584718	9584825	9989
18	9588086	9588232	9989
18	9588708	9588850	9989
18	9593765	9593871	9989
18	9595015	9595099	9989
18	9595099	9595150	9989
18	9614223	9614267	9989
18	9614475	9614481	9989
18	9708402	9708440	11031
18	9775274	9775353	11031
18	9792150	9792231	11031
18	9814016	9814087	11031
18	9815112	9815218	11031
18	9845578	9845687	11031
18	9859224	9859321	11031
18	9886171	9886279	84203
18	9886585	9888137	84203
18	9914253	9914331	9218
18	9931806	9931958	9218
18	9936106	9936209	9218
18	9936982	9937062	9218
18	9944920	9945054	9218
18	9950391	9950564	9218
18	9954049	9954207	9218
18	10454978	10455035	147495
18	10468465	10468648	147495
18	10471526	10472057	147495
18	10485458	10485779	147495
18	10487586	10488034	147495
18	10526099	10526154	8774
18	10530766	10530833	8774
18	10532707	10532791	8774
18	10533532	10533549	8774
18	10534462	10534492	8774
18	10539758	10539867	8774
18	10539984	10540050	8774
18	10540325	10540395	8774
18	10546322	10546400	8774
18	10548295	10548374	8774
18	10548963	10549092	8774
18	10550073	10550216	8774
18	10671523	10671775	63895
18	10672686	10672869	63895
18	10675205	10675284	63895
18	10677743	10677871	63895
18	10680195	10680367	63895
18	10681657	10681749	63895
18	10689652	10689799	63895
18	10691222	10691380	63895
18	10696071	10696285	63895
18	10696389	10696536	63895
18	10697745	10697797	63895
18	11689562	11689937	2774
18	11752432	11752576	2774
18	11752851	11752923	2774
18	11753626	11753680	2774
18	11753824	11753943	2774
18	11824916	11825013	2774
18	11851510	11852109	57132
18	11862393	11862447	2774
18	11864531	11864604	2774
18	11867166	11867224	2774
18	11868541	11868661	2774
18	11872266	11872396	2774
18	11875027	11875041	65258
18	11875674	11875814	65258
18	11876497	11876619	65258
18	11876619	11876686	2774
18	11876711	11876776	65258
18	11876915	11877023	65258
18	11878667	11878741	65258
18	11879385	11879488	65258
18	11880987	11881133	2774
18	11883466	11883574	65258
18	11884443	11884625	65258
18	11885674	11885814	65258
18	11886497	11886619	65258
18	11886711	11886776	65258
18	11886915	11886982	65258
18	11886982	11887023	65258
18	11887023	11887262	65258
18	11888667	11888741	65258
18	11889385	11889488	65258
18	11893466	11893574	65258
18	11896982	11897262	65258
18	11981668	11981763	3613
18	11999052	11999185	3613
18	12009881	12009985	3613
18	12012168	12012213	3613
18	12014263	12014371	3613
18	12028041	12028149	3613
18	12028840	12028991	3613
18	12030341	12030456	3613
18	12254382	12254419	1149
18	12254815	12254954	1149
18	12262823	12262967	1149
18	12264305	12264451	1149
18	12274091	12274272	1149
18	12277121	12277268	1149
18	12308291	12308347	84617
18	12308685	12308793	84617
18	12310941	12311051	84617
18	12325065	12326128	84617
18	12329563	12329781	10939
18	12337339	12337533	10939
18	12340199	12340399	10939
18	12344130	12344245	10939
18	12348271	12348381	10939
18	12351083	12351208	10939
18	12351304	12351411	10939
18	12353003	12353156	10939
18	12356692	12356829	10939
18	12358668	12358941	10939
18	12359925	12360049	10939
18	12363780	12363854	10939
18	12366963	12367115	10939
18	12367274	12367380	10939
18	12370847	12370924	10939
18	12371590	12371689	10939
18	12376967	12377080	10939
18	12407974	12408005	10650
18	12420323	12420491	10650
18	12421538	12421627	10650
18	12427039	12427109	10650
18	12427219	12427321	10650
18	12429348	12429401	10650
18	12449636	12449894	56907
18	12452253	12452389	56907
18	12452483	12452510	56907
18	12453066	12453136	56907
18	12454344	12454481	56907
18	12463349	12463491	56907
18	12464866	12464956	56907
18	12479697	12479869	56907
18	12485957	12485998	56907
18	12493070	12493199	56907
18	12496014	12496100	56907
18	12506475	12506639	56907
18	12512452	12512529	56907
18	12535474	12535599	56907
18	12546672	12546902	56907
18	12635060	12635071	56907
18	12635071	12635094	56907
18	12657528	12657864	56907
18	12673363	12673501	79959
18	12674534	12674751	79959
18	12678107	12678440	79959
18	12680660	12680826	79959
18	12686260	12686448	79959
18	12691357	12691485	79959
18	12695252	12695349	79959
18	12697221	12697406	79959
18	12698977	12699201	79959
18	12699828	12699903	79959
18	12700956	12701111	79959
18	12702484	12702546	79959
18	12703106	12703162	56984
18	12706548	12706719	56984
18	12712700	12712758	56984
18	12718515	12718633	56984
18	12720508	12720681	56984
18	12724497	12724617	56984
18	12725437	12725529	56984
18	12785821	12785842	5771
18	12794276	12794483	5771
18	12801968	12802149	5771
18	12814201	12814353	5771
18	12817154	12817363	5771
18	12825808	12825942	5771
18	12830941	12831039	5771
18	12836789	12836889	5771
18	12859162	12859252	5771
18	12884071	12884139	5771
18	12948120	12948230	81929
18	12951853	12951903	81929
18	12955461	12955607	81929
18	12963158	12963369	81929
18	12971151	12971249	81929
18	12978750	12978890	81929
18	12982516	12982673	81929
18	12984038	12984188	81929
18	12985238	12985250	81929
18	12986860	12987055	81929
18	12999423	12999586	55125
18	13001455	13001580	55125
18	13008454	13008629	55125
18	13012971	13013023	55125
18	13015326	13015446	55125
18	13017186	13017334	55125
18	13018478	13018613	55125
18	13019080	13019204	55125
18	13029661	13030000	55125
18	13030463	13030606	55125
18	13037235	13037299	55125
18	13038368	13038577	55125
18	13040828	13040954	55125
18	13042202	13042332	55125
18	13048857	13049679	55125
18	13049763	13049889	55125
18	13052917	13053088	55125
18	13055778	13056696	55125
18	13057583	13057731	55125
18	13059080	13059310	55125
18	13067829	13067954	55125
18	13068092	13068235	55125
18	13068357	13068420	55125
18	13068850	13068989	55125
18	13069087	13069179	55125
18	13069736	13069854	55125
18	13071037	13071210	55125
18	13072753	13072843	55125
18	13073007	13073183	55125
18	13087015	13087275	55125
18	13087529	13087644	55125
18	13089454	13089563	55125
18	13092375	13092525	55125
18	13095501	13095679	55125
18	13096182	13096305	55125
18	13099474	13099579	55125
18	13100303	13100510	55125
18	13103507	13103586	55125
18	13104982	13105077	55125
18	13113584	13113703	55125
18	13114128	13114249	55125
18	13116375	13116501	55125
18	13117583	13117641	55125
18	13124630	13124768	55125
18	13387721	13387760	753
18	13438242	13438382	753
18	13612703	13612772	753
18	13621108	13621269	753
18	13643357	13643410	753
18	13645125	13645655	753
18	13666478	13666711	125228
18	13671860	13671971	125228
18	13681603	13682075	125228
18	13731516	13731932	8731
18	13734462	13734597	8731
18	13737008	13737133	8731
18	13740165	13740277	8731
18	13741508	13741689	8731
18	13742486	13742650	8731
18	13746218	13746335	8731
18	13752324	13752425	8731
18	13754112	13754145	8731
18	13759940	13759977	8731
18	13825764	13826741	4161
18	13884623	13885516	4158
18	14104915	14106407	162655
18	14124348	14124474	162655
18	14132273	14132275	162655
18	14169537	14169595	440482
18	14173650	14173764	440482
18	14173927	14174106	440482
18	14511896	14511991	388468
18	14513660	14513783	388468
18	14522252	14522418	388468
18	14523461	14523505	388468
18	14524911	14524981	388468
18	14530481	14530551	388468
18	14533059	14533196	388468
18	14534899	14535005	388468
18	14537799	14537972	388468
18	14538133	14538247	388468
18	14542624	14543144	388468
18	14748418	14748638	374860
18	14752564	14752678	374860
18	14752837	14753010	374860
18	14754897	14755003	374860
18	14757813	14757950	374860
18	14760552	14760616	374860
18	14763684	14764088	374860
18	14769341	14769371	374860
18	14772154	14772226	374860
18	14777983	14778073	374860
18	14779958	14780019	374860
18	14782525	14782612	374860
18	14784334	14784362	374860
18	14784461	14784533	374860
18	14787037	14787098	374860
18	14791399	14791489	374860
18	14796219	14796247	374860
18	14796341	14796413	374860
18	14797659	14797687	374860
18	14797780	14797852	374860
18	14799099	14799127	374860
18	14799221	14799293	374860
18	14802215	14802276	374860
18	14803732	14803822	374860
18	14808549	14808577	374860
18	14822603	14822675	374860
18	14828276	14828306	374860
18	14831381	14831453	374860
18	14837209	14837287	374860
18	14837613	14837674	374860
18	14840586	14840676	374860
18	14842895	14842923	374860
18	14843022	14843094	374860
18	14848714	14848927	374860
18	14850212	14850380	374860
18	14851507	14852478	374860
18	18248590	18248814	64693
18	18531344	18531347	6093
18	18533538	18533745	6093
18	18534743	18535004	6093
18	18535127	18535205	6093
18	18539800	18539888	6093
18	18540096	18540166	6093
18	18546877	18547036	6093
18	18547712	18547900	6093
18	18548732	18548820	6093
18	18549075	18549168	6093
18	18550308	18550473	6093
18	18559870	18559964	6093
18	18562723	18562792	6093
18	18564311	18564495	6093
18	18566910	18567070	6093
18	18571136	18571286	6093
18	18572791	18572897	6093
18	18586311	18586557	6093
18	18586659	18586750	6093
18	18588019	18588154	6093
18	18595391	18595439	6093
18	18600111	18600199	6093
18	18603580	18603640	6093
18	18608736	18608895	6093
18	18619432	18619523	6093
18	18622057	18622195	6093
18	18622525	18622669	6093
18	18624062	18624146	6093
18	18625252	18625427	6093
18	18629052	18629189	6093
18	18629740	18629840	6093
18	18650492	18650573	6093
18	18690778	18690870	6093
18	18963479	18963635	80000
18	18964166	18964363	80000
18	18975345	18975521	80000
18	18981110	18981286	80000
18	18983832	18983954	80000
18	19019481	19019597	80000
18	19020229	19020348	80000
18	19021360	19021497	80000
18	19024184	19024369	80000
18	19029470	19029796	80000
18	19030983	19031111	80000
18	19032043	19032177	80000
18	19034326	19034523	80000
18	19052991	19053171	80000
18	19057124	19057316	80000
18	19065580	19065713	80000
18	19069972	19070311	80000
18	19075630	19075745	80000
18	19076414	19076658	80000
18	19079689	19080266	80000
18	19080500	19080602	80000
18	19085372	19085527	80000
18	19085770	19085909	80000
18	19088078	19088239	80000
18	19088347	19088551	80000
18	19093781	19093946	80000
18	19095377	19095604	80000
18	19096573	19096714	80000
18	19097994	19098194	80000
18	19100648	19100783	80000
18	19102618	19102781	80000
18	19110303	19110450	114799
18	19112433	19112620	114799
18	19116002	19116145	114799
18	19119880	19119969	114799
18	19140819	19140950	114799
18	19144163	19144277	114799
18	19146106	19146166	114799
18	19147940	19148054	114799
18	19153274	19154803	114799
18	19192390	19192403	6632
18	19202685	19202761	6632
18	19203708	19203899	6632
18	19209022	19209098	6632
18	19231551	19231723	171586
18	19236821	19236986	171586
18	19237064	19237112	171586
18	19239130	19239303	171586
18	19244078	19244190	171586
18	19263880	19263925	171586
18	19282276	19282458	171586
18	19283544	19283707	171586
18	19284464	19284625	171586
18	19321544	19321772	57534
18	19345732	19345903	57534
18	19348583	19348712	57534
18	19353584	19353688	57534
18	19358063	19358129	57534
18	19359441	19359645	57534
18	19371334	19371517	57534
18	19378044	19378188	57534
18	19379801	19379934	57534
18	19383867	19383974	57534
18	19395576	19395773	57534
18	19399455	19399606	57534
18	19418325	19418457	57534
18	19423091	19423177	57534
18	19424052	19424213	57534
18	19426904	19427085	57534
18	19429156	19429348	57534
18	19433100	19433178	57534
18	19437090	19437203	57534
18	19438506	19438606	57534
18	19444486	19444626	57534
18	19751105	19752239	2627
18	19756915	19757081	2627
18	19761413	19761538	2627
18	19762717	19762804	2627
18	19762900	19763003	2627
18	19780618	19780785	2627
18	19995536	19997773	64693
18	20516814	20516922	5932
18	20526406	20526448	5932
18	20529580	20529675	5932
18	20548768	20548880	5932
18	20555115	20555181	5932
18	20562180	20562355	5932
18	20564848	20564952	5932
18	20569183	20569280	5932
18	20570899	20571011	5932
18	20572710	20573601	5932
18	20573683	20573809	5932
18	20576336	20576424	5932
18	20577582	20577696	5932
18	20581548	20581691	5932
18	20586325	20586394	5932
18	20596790	20596886	5932
18	20602091	20602232	5932
18	20606105	20606202	5932
18	20606202	20606209	5932
18	20715726	20716570	91768
18	20735866	20735915	91768
18	20768801	20768872	91768
18	20774411	20774503	91768
18	20793940	20794017	91768
18	20814571	20814667	91768
18	20815858	20816014	91768
18	20817105	20817208	91768
18	20832923	20833029	91768
18	20833692	20833899	91768
18	20837190	20837330	91768
18	20877970	20878030	85019
18	20889643	20889707	85019
18	20932159	20932252	85019
18	20936557	20936626	85019
18	20945597	20945631	85019
18	20948678	20948713	85019
18	20950179	20950224	85019
18	20951385	20951433	85019
18	20953675	20953726	85019
18	20957609	20957634	85019
18	20964953	20965030	85019
18	20979529	20979610	85019
18	21001330	21001407	85019
18	21010594	21010640	85019
18	21017744	21017815	85019
18	21033403	21033465	8780
18	21042927	21043042	8780
18	21043930	21044075	8780
18	21044169	21044276	8780
18	21044482	21044591	8780
18	21046096	21046239	8780
18	21047362	21047489	8780
18	21053392	21053589	8780
18	21054911	21055070	8780
18	21056969	21057049	8780
18	21057142	21057231	8780
18	21059280	21059387	8780
18	21061135	21061242	8780
18	21083582	21083683	29919
18	21084334	21084410	29919
18	21086933	21087017	29919
18	21087948	21088004	29919
18	21089156	21089242	29919
18	21095819	21095959	29919
18	21096283	21096386	29919
18	21098853	21098942	29919
18	21099032	21099137	29919
18	21100165	21100276	29919
18	21104093	21104137	29919
18	21104392	21104445	29919
18	21106600	21106728	29919
18	21107758	21107864	29919
18	21109142	21109261	29919
18	21109598	21109675	29919
18	21109991	21110095	29919
18	21110192	21110260	29919
18	21110350	21110575	29919
18	21111588	21111667	29919
18	21112165	21112247	4864
18	21113318	21113480	4864
18	21114409	21114522	4864
18	21115432	21115663	4864
18	21116636	21116839	4864
18	21118505	21118634	4864
18	21119318	21119433	4864
18	21119774	21119964	4864
18	21120411	21120500	4864
18	21121031	21121171	4864
18	21121269	21121396	4864
18	21123418	21123532	4864
18	21124307	21124489	4864
18	21124923	21125112	4864
18	21127969	21128071	4864
18	21131590	21131690	4864
18	21134721	21134947	4864
18	21136206	21136576	4864
18	21137080	21137153	4864
18	21140194	21140443	4864
18	21141323	21141490	4864
18	21148786	21148961	4864
18	21152037	21152143	4864
18	21153415	21153537	4864
18	21166250	21166306	4864
18	21181189	21181272	147463
18	21192055	21192153	147463
18	21197695	21197790	147463
18	21199494	21199592	147463
18	21209816	21209914	147463
18	21214014	21214112	147463
18	21218812	21218910	147463
18	21226152	21226250	147463
18	21229046	21229156	147463
18	21242673	21242693	147463
18	21269647	21269940	3909
18	21293883	21294035	3909
18	21327906	21328023	3909
18	21329391	21329509	3909
18	21330881	21331051	3909
18	21333684	21333775	3909
18	21338359	21338474	3909
18	21343368	21343486	3909
18	21353460	21353550	3909
18	21355755	21355886	3909
18	21357520	21357582	3909
18	21363986	21364120	3909
18	21390329	21390466	3909
18	21393020	21393066	3909
18	21394366	21394465	3909
18	21395151	21395203	3909
18	21395431	21395536	3909
18	21396351	21396450	3909
18	21399804	21399960	3909
18	21402215	21402338	3909
18	21404386	21404528	3909
18	21406665	21406762	3909
18	21407277	21407430	3909
18	21413791	21413951	3909
18	21416944	21417052	3909
18	21418744	21418841	3909
18	21419748	21419892	3909
18	21422358	21422484	3909
18	21422574	21422713	3909
18	21424972	21425087	3909
18	21426260	21426471	3909
18	21427427	21427631	3909
18	21437807	21437951	3909
18	21438652	21438792	3909
18	21441609	21441770	3909
18	21444748	21444846	3909
18	21447797	21447880	3909
18	21451394	21451624	3909
18	21453008	21453178	3909
18	21456257	21456370	3909
18	21461899	21462008	3909
18	21464736	21464816	3909
18	21469974	21470080	3909
18	21474261	21474311	3909
18	21474870	21475021	3909
18	21478701	21478811	3909
18	21478917	21479028	3909
18	21479251	21479418	3909
18	21481090	21481286	3909
18	21482972	21483088	3909
18	21483896	21484050	3909
18	21484516	21484657	3909
18	21485485	21485587	3909
18	21487513	21487629	3909
18	21487719	21487898	3909
18	21489116	21489258	3909
18	21492674	21492844	3909
18	21494373	21494524	3909
18	21494661	21494823	3909
18	21495252	21495385	3909
18	21496514	21496658	3909
18	21500898	21501017	3909
18	21501415	21501548	3909
18	21508086	21508203	3909
18	21508588	21508728	3909
18	21511025	21511164	3909
18	21512123	21512254	3909
18	21513745	21513898	3909
18	21519186	21519349	3909
18	21523751	21523934	3909
18	21526107	21526247	3909
18	21529728	21529887	3909
18	21529992	21530122	3909
18	21531647	21531740	3909
18	21532953	21533072	3909
18	21534466	21534611	3909
18	21594835	21595001	125488
18	21644103	21644151	125488
18	21645975	21646103	125488
18	21649120	21649234	125488
18	21660548	21660902	125488
18	21662876	21663044	125488
18	21694517	21694610	125488
18	21698088	21698195	125488
18	21703797	21703906	125488
18	21705390	21705513	125488
18	21708849	21708946	125488
18	21710276	21710380	125488
18	21711845	21711883	125488
18	21712448	21712537	125488
18	21723078	21723222	26256
18	21723323	21723376	26256
18	21735664	21735759	26256
18	21735759	21736005	26256
18	21736005	21736946	26256
18	21739435	21740032	26256
18	21743142	21743244	114876
18	21745028	21745118	114876
18	21746542	21746665	114876
18	21747292	21747408	114876
18	21750290	21750416	114876
18	21751372	21751461	114876
18	21752339	21752446	114876
18	21757976	21758158	114876
18	21759701	21759798	114876
18	21761108	21761242	114876
18	21776088	21776163	114876
18	21805005	21805066	114876
18	21805066	21805161	114876
18	21819183	21819345	114876
18	21860805	21860911	114876
18	21883600	21883681	114876
18	21891947	21892069	114876
18	21894212	21894310	114876
18	21897112	21897175	114876
18	21897290	21897363	114876
18	21898564	21898608	114876
18	21898711	21898772	114876
18	21912905	21913049	114876
18	21914208	21914293	114876
18	21921510	21921621	114876
18	21946855	21946929	114876
18	21948250	21948335	114876
18	21957376	21957496	114876
18	22006720	22006755	55364
18	22007882	22008010	55364
18	22008832	22008884	55364
18	22010285	22010347	55364
18	22017918	22018003	55364
18	22020459	22020581	55364
18	22023012	22023115	55364
18	22025356	22025429	55364
18	22028056	22028146	55364
18	22029782	22029916	55364
18	22030742	22030810	55364
18	22040692	22040884	59340
18	22048751	22048914	59340
18	22056710	22057525	59340
18	22642675	22642704	25925
18	22669428	22669543	25925
18	22671913	22672044	25925
18	22764739	22764784	147429
18	22766954	22767083	147429
18	22767577	22767710	147429
18	22768241	22768326	147429
18	22775123	22775207	25925
18	22804308	22807660	25925
18	22901971	22902150	25925
18	22930870	22930909	25925
18	23598317	23598343	6760
18	23612362	23612495	6760
18	23614968	23615090	6760
18	23615794	23615886	6760
18	23618518	23618622	6760
18	23619252	23619419	6760
18	23632587	23632808	6760
18	23637552	23637705	6760
18	23658039	23658123	6760
18	23667464	23667540	6760
18	23670464	23670532	6760
18	23713929	23714030	143471
18	23724522	23724534	143471
18	23724534	23724648	143471
18	23731803	23731945	143471
18	23738085	23738207	143471
18	23758793	23758912	143471
18	23759031	23759093	143471
18	23772282	23772374	143471
18	23806897	23807239	6875
18	23845133	23845278	6875
18	23847479	23847586	6875
18	23854626	23854787	6875
18	23854894	23855016	6875
18	23861934	23862023	6875
18	23865845	23866462	6875
18	23872209	23872344	6875
18	23873389	23873494	6875
18	23895192	23895361	6875
18	23901033	23901163	6875
18	23906978	23907103	6875
18	23915138	23915194	6875
18	23937653	23937757	6875
18	23969808	23969975	6875
18	24035706	24035864	284252
18	24039583	24039888	284252
18	24056478	24056622	284252
18	24081035	24081198	284252
18	24081198	24081213	284252
18	24126691	24128499	284252
18	24436174	24436452	361
18	24440735	24440815	361
18	24441094	24441258	361
18	24442145	24442559	361
18	24445621	24445652	361
18	24496222	24497313	83539
18	24524292	24524329	83539
18	24604079	24604120	83539
18	24628428	24628466	83539
18	24722652	24722772	83539
18	25532116	25532322	1000
18	25543320	25543484	1000
18	25562907	25563046	1000
18	25564963	25565196	1000
18	25565491	25565724	1000
18	25568487	25568629	1000
18	25570060	25570313	1000
18	25572618	25572803	1000
18	25573463	25573600	1000
18	25582960	25583132	1000
18	25585812	25585956	1000
18	25589680	25589835	1000
18	25591809	25591955	1000
18	25593646	25593872	1000
18	25727636	25727747	1000
18	25756926	25756985	1000
18	28574140	28574337	1825
18	28574435	28574461	1825
18	28576756	28577013	1825
18	28581583	28581704	1825
18	28584107	28584331	1825
18	28586872	28587096	1825
18	28587981	28588123	1825
18	28588234	28588490	1825
18	28598036	28598221	1825
18	28598631	28598765	1825
18	28602301	28602467	1825
18	28604314	28604458	1825
18	28605725	28605880	1825
18	28609474	28609593	1825
18	28610938	28611137	1825
18	28612157	28612241	1825
18	28622557	28622625	1825
18	28647980	28648177	1824
18	28648274	28648309	1824
18	28648859	28649116	1824
18	28650691	28650815	1824
18	28651570	28651806	1824
18	28654648	28654872	1824
18	28659812	28659954	1824
18	28660061	28660317	1824
18	28662203	28662388	1824
18	28662891	28663025	1824
18	28666538	28666704	1824
18	28667631	28667775	1824
18	28669401	28669556	1824
18	28670990	28671109	1824
18	28672063	28672262	1824
18	28673521	28673605	1824
18	28681865	28681933	1824
18	28710476	28710673	1823
18	28710765	28710800	1823
18	28711556	28711804	1823
18	28712530	28712651	1823
18	28713853	28714092	1823
18	28714534	28714746	1823
18	28719710	28719852	1823
18	28720004	28720263	1823
18	28721961	28722146	1823
18	28723619	28723753	1823
18	28725573	28725739	1823
18	28728460	28728604	1823
18	28734736	28734891	1823
18	28736005	28736124	1823
18	28737333	28737535	1823
18	28739407	28739491	1823
18	28742494	28742556	1823
18	28898263	28898310	1828
18	28906543	28906578	1828
18	28906836	28906967	1828
18	28908151	28908306	1828
18	28909854	28909998	1828
18	28911663	28911829	1828
18	28913551	28913685	1828
18	28913979	28914164	1828
18	28916316	28916575	1828
18	28918277	28918416	1828
18	28919706	28919987	1828
18	28923412	28923545	1828
18	28923888	28923957	1828
18	28925952	28926160	1828
18	28934259	28935308	1828
18	28956874	28956921	147409
18	28965098	28965133	147409
18	28966650	28966781	147409
18	28968329	28968484	147409
18	28968836	28968980	147409
18	28970618	28970784	147409
18	28971040	28971174	147409
18	28972117	28972302	147409
18	28979234	28979505	147409
18	28980843	28980982	147409
18	28983378	28983596	147409
18	28986039	28986335	147409
18	28989414	28989553	147409
18	28989707	28989770	147409
18	28991072	28991410	147409
18	28992790	28993557	147409
18	29027840	29027887	1830
18	29036402	29036437	1830
18	29036955	29037086	1830
18	29038407	29038562	1830
18	29038995	29039139	1830
18	29039807	29039973	1830
18	29040795	29040923	1830
18	29041189	29041374	1830
18	29044073	29044344	1830
18	29045280	29045419	1830
18	29046492	29046716	1830
18	29049051	29049311	1830
18	29052246	29052385	1830
18	29052687	29052750	1830
18	29054083	29054366	1830
18	29055608	29056222	1830
18	29078214	29078258	1829
18	29098201	29098236	1829
18	29099765	29099899	1829
18	29100765	29100926	1829
18	29101061	29101205	1829
18	29102045	29102211	1829
18	29104410	29104547	1829
18	29104665	29104850	1829
18	29110949	29111214	1829
18	29115232	29115374	1829
18	29116164	29116391	1829
18	29118713	29118940	1829
18	29121155	29121276	1829
18	29122482	29122814	1829
18	29125683	29126705	1829
18	29171865	29171933	7276
18	29172858	29172988	7276
18	29175082	29175217	7276
18	29178530	29178637	7276
18	29205576	29205723	9331
18	29206245	29206346	9331
18	29206961	29207083	9331
18	29210921	29211108	9331
18	29218606	29218722	9331
18	29225317	29225441	9331
18	29237938	29238051	9331
18	29246218	29246334	9331
18	29264274	29264388	9331
18	29339730	29340623	147407
18	29410717	29410951	22878
18	29412046	29412135	22878
18	29419274	29419419	22878
18	29426678	29426779	22878
18	29429528	29429701	22878
18	29432408	29432466	22878
18	29432557	29432625	22878
18	29433811	29433907	22878
18	29435622	29435769	22878
18	29437502	29437944	22878
18	29444589	29444743	22878
18	29446811	29446937	22878
18	29447364	29447438	22878
18	29450334	29450464	22878
18	29450888	29451082	22878
18	29453392	29453500	22878
18	29454442	29454666	22878
18	29470697	29470828	22878
18	29477748	29477853	22878
18	29480887	29480987	22878
18	29487422	29487572	22878
18	29488265	29488380	22878
18	29488716	29488972	22878
18	29489629	29489722	22878
18	29493331	29493484	22878
18	29496234	29496408	22878
18	29497540	29497629	22878
18	29511291	29511485	22878
18	29522570	29522726	22878
18	29598826	29598989	54941
18	29617078	29617231	54941
18	29622141	29622235	54941
18	29625604	29625694	54941
18	29645864	29645971	54941
18	29648260	29648346	54941
18	29672739	29672848	51444
18	29691716	29691881	51444
18	29693707	29693822	51444
18	29703480	29703536	51444
18	29704696	29704807	51444
18	29706655	29706762	51444
18	29709081	29709149	51444
18	29770033	29770095	4225
18	29771784	29771802	4225
18	29772608	29772652	4225
18	29772736	29772779	4225
18	29775369	29775447	4225
18	29782855	29782972	4225
18	29784144	29784322	4225
18	29787214	29787432	4225
18	29788081	29788233	4225
18	29790463	29790678	4225
18	29793078	29793521	4225
18	29795044	29795223	4225
18	29796953	29797079	4225
18	29797723	29797927	4225
18	29800193	29800207	4225
18	29847833	29848727	64762
18	29850179	29850345	64762
18	29866993	29868165	64762
18	29890155	29890285	64762
18	29972857	29972997	64762
18	30050270	30050390	64762
18	30254619	30254759	57565
18	30257135	30257292	57565
18	30260131	30260289	57565
18	30260371	30260561	57565
18	30267117	30267195	57565
18	30275425	30275514	57565
18	30321890	30322011	57565
18	30349607	30350553	57565
18	30517974	30518054	374864
18	30554510	30554644	374864
18	30672724	30672873	374864
18	30791859	30792018	374864
18	30795513	30795658	374864
18	30803069	30803182	374864
18	30804738	30804899	374864
18	30806756	30806818	374864
18	30825208	30825391	374864
18	30846879	30847015	374864
18	30847165	30847260	374864
18	30873122	30873275	374864
18	30903454	30903596	374864
18	30913137	30913357	374864
18	30926174	30926374	374864
18	30928853	30928938	374864
18	30936287	30936309	374864
18	30950013	30950152	374864
18	30969503	30969592	374864
18	30977112	30977171	374864
18	30991994	30992051	374864
18	31140586	31141857	10778
18	31158595	31158648	80816
18	31187557	31187639	80816
18	31224857	31224965	80816
18	31226208	31226316	80816
18	31241579	31241700	80816
18	31250636	31250753	80816
18	31251710	31251829	80816
18	31263368	31263531	80816
18	31311931	31312027	80816
18	31314273	31314378	80816
18	31318450	31320406	80816
18	31322851	31326558	80816
18	31432805	31432998	8715
18	31463207	31463387	8715
18	31523028	31523141	8715
18	31537289	31537480	8715
18	31538202	31538381	8715
18	31599281	31599564	8715
18	31673428	31673560	8715
18	31684010	31684122	8715
18	31685012	31685123	8715
18	31709834	31709983	8715
18	31802953	31803216	8715
18	32335940	32336006	1837
18	32345924	32346004	1837
18	32374000	32374213	1837
18	32386182	32386267	1837
18	32391922	32392076	1837
18	32395872	32395977	1837
18	32398127	32398293	1837
18	32400754	32400878	1837
18	32405230	32405238	1837
18	32407556	32407639	1837
18	32409004	32409034	1837
18	32418057	32418134	1837
18	32418708	32418800	1837
18	32428259	32428346	1837
18	32431794	32431891	1837
18	32438248	32438361	1837
18	32443929	32444025	1837
18	32446074	32446124	1837
18	32455202	32455361	1837
18	32457682	32457771	1837
18	32459514	32459682	1837
18	32462032	32462164	1837
18	32464691	32464708	1837
18	32558481	32558504	10982
18	32585455	32585516	10982
18	32621503	32621624	10982
18	32650158	32650285	10982
18	32677409	32677554	10982
18	32681909	32682122	10982
18	32706911	32707050	10982
18	32711995	32712153	10982
18	32720258	32720332	10982
18	32822434	32822847	84307
18	32823115	32823256	84307
18	32825225	32825314	84307
18	32825314	32826273	84307
18	32833413	32834195	100101467
18	32834195	32834344	100101467,84307
18	32834344	32834365	84307
18	32837891	32837901	84307
18	32843476	32843620	100101467
18	32843908	32844315	100101467
18	32917195	32917733	7572
18	32919792	32919939	7572
18	32920194	32920613	7572
18	32948314	32948408	252884
18	32949279	32949623	252884
18	32953419	32953563	252884
18	32953839	32954255	252884
18	33048574	33048705	125476
18	33058245	33058312	125476
18	33059263	33059374	125476
18	33060416	33060526	125476
18	33067349	33067402	125476
18	33069295	33069348	125476
18	33077682	33077837	125476
18	33234626	33234764	2589
18	33243591	33243765	2589
18	33257554	33257720	2589
18	33263354	33263561	2589
18	33266979	33267149	2589
18	33269136	33269253	2589
18	33270975	33271155	2589
18	33272144	33272283	2589
18	33282860	33282958	2589
18	33283472	33283606	2589
18	33289587	33289733	2589
18	33552691	33552767	83608
18	33552847	33552869	83608
18	33554858	33555057	83608
18	33557372	33557562	83608
18	33558797	33558968	83608
18	33573113	33573262	55197
18	33606862	33607037	55197
18	33607146	33607272	55197
18	33610770	33610867	55197
18	33610953	33611059	55197
18	33613670	33613799	55197
18	33647216	33647366	55197
18	33689555	33689707	25800
18	33691009	33691211	25800
18	33692463	33692543	25800
18	33694059	33694436	25800
18	33696636	33696741	25800
18	33702014	33702232	25800
18	33703457	33703626	25800
18	33704482	33704626	25800
18	33704626	33704662	25800
18	33706181	33706969	25800
18	33709896	33710033	55250
18	33713200	33713278	55250
18	33716269	33716339	55250
18	33718232	33718388	55250
18	33718757	33718834	55250
18	33721099	33721163	55250
18	33722243	33722309	55250
18	33722788	33722928	55250
18	33724901	33724996	55250
18	33725910	33726010	55250
18	33726212	33726343	55250
18	33734812	33734961	55250
18	33736428	33736616	55250
18	33738797	33738866	55250
18	33739697	33739792	55250
18	33739920	33739977	55250
18	33740894	33740966	55250
18	33744437	33744629	55250
18	33747063	33747184	55250
18	33750025	33750158	55250
18	33751009	33751122	55250
18	33754447	33754603	55250
18	33767502	33767643	55034
18	33775219	33775308	55034
18	33778652	33778718	55034
18	33779645	33780286	55034
18	33783075	33783151	55034
18	33785039	33785238	55034
18	33793328	33793444	55034
18	33795478	33795939	55034
18	33800017	33800179	55034
18	33828884	33828962	55034
18	33831121	33831245	55034
18	33836930	33837035	55034
18	33839999	33840137	55034
18	33846711	33846815	55034
18	33848495	33848647	55034
18	33877798	33877962	80206
18	33935501	33935607	80206
18	33952642	33952706	80206
18	34081894	34081961	80206
18	34092400	34092505	80206
18	34156413	34156507	80206
18	34174749	34174860	80206
18	34182636	34182730	80206
18	34191914	34192057	80206
18	34205473	34205711	80206
18	34238037	34238150	80206
18	34261398	34261532	80206
18	34267090	34267140	80206
18	34273171	34273385	80206
18	34289057	34289353	80206
18	34297794	34298677	80206
18	34310608	34310766	80206
18	34320618	34320800	80206
18	34322699	34322818	80206
18	34323994	34324155	80206
18	34326907	34327097	80206
18	34335081	34335273	80206
18	34340570	34340744	80206
18	34349227	34349388	80206
18	34359410	34359492	80206
18	34376767	34377012	25941
18	34378411	34378571	25941
18	34380160	34380273	25941
18	34385336	34385464	25941
18	34387809	34387896	25941
18	34398856	34398935	25941
18	34408645	34408729	25941
18	34409101	34409158	57536
18	34414282	34414317	57536
18	34415196	34415338	57536
18	34424170	34424264	57536
18	34465519	34465634	57536
18	34539270	34539397	57536
18	34646852	34647507	57536
18	34740162	34740343	57536
18	34752935	34753043	57536
18	34801979	34802189	57536
18	34833773	34833900	56853
18	34839143	34839226	56853
18	34844636	34844719	56853
18	34846495	34846560	56853
18	34850730	34850879	56853
18	34852978	34853122	56853
18	34853122	34853125	56853
18	34854273	34854416	56853
18	34854767	34854846	56853
18	34855077	34855202	56853
18	34855202	34855205	56853
18	34901765	34901843	56853
18	35065487	35065569	56853
18	35145318	35145603	56853
18	39535256	39535323	5289
18	39537534	39537722	5289
18	39542453	39542596	5289
18	39550290	39550419	5289
18	39567775	39567861	5289
18	39570422	39570517	5289
18	39573233	39573304	5289
18	39575853	39575957	5289
18	39576601	39576693	5289
18	39584319	39584504	5289
18	39593405	39593559	5289
18	39595439	39595529	5289
18	39600601	39600668	5289
18	39607406	39607511	5289
18	39609288	39609404	5289
18	39613789	39613920	5289
18	39617655	39617783	5289
18	39618744	39618813	5289
18	39620640	39620704	5289
18	39623696	39623780	5289
18	39629494	39629568	5289
18	39637846	39638014	5289
18	39644703	39644793	5289
18	39647351	39647476	5289
18	39661086	39661100	5289
18	40323457	40323684	6014
18	40503536	40503727	6014
18	40554038	40554111	6014
18	40613775	40613831	6014
18	40695381	40695483	6014
18	40850305	40850612	6860
18	40851676	40851796	6860
18	40853544	40854358	6860
18	40857212	40857245	6860
18	42281311	42281796	26040
18	42343553	42343775	125336
18	42352089	42352216	125336
18	42356061	42356269	125336
18	42358426	42358561	125336
18	42358668	42358877	125336
18	42363137	42363291	125336
18	42367122	42367284	125336
18	42368295	42368411	125336
18	42372116	42372297	125336
18	42375736	42375900	125336
18	42376687	42376815	125336
18	42379277	42379381	125336
18	42380855	42381018	125336
18	42391316	42391449	125336
18	42393408	42393562	125336
18	42394043	42394505	125336
18	42397025	42397185	125336
18	42400217	42400409	125336
18	42403402	42403598	125336
18	42406046	42406122	125336
18	42411667	42411827	125336
18	42413590	42413744	125336
18	42425893	42426028	125336
18	42426458	42426544	125336
18	42427560	42427720	125336
18	42428291	42428426	125336
18	42435177	42435476	125336
18	42449194	42449247	26040
18	42456529	42456717	26040
18	42529845	42533304	26040
18	42618449	42618619	26040
18	42643043	42643662	26040
18	43204629	43204778	8170
18	43205647	43205827	8170
18	43206922	43207111	8170
18	43212314	43212442	8170
18	43216954	43217146	8170
18	43219710	43219857	8170
18	43221173	43221307	8170
18	43223096	43223145	8170
18	43223950	43224124	8170
18	43243749	43243871	8170
18	43246101	43246183	8170
18	43246899	43247058	8170
18	43247797	43247986	8170
18	43248313	43248441	8170
18	43249270	43249462	8170
18	43252864	43253011	8170
18	43253647	43253781	8170
18	43258939	43258988	8170
18	43262283	43262483	8170
18	43307236	43307382	6563
18	43310264	43310435	6563
18	43310979	43311168	6563
18	43314238	43314366	6563
18	43316420	43316612	6563
18	43319127	43319274	6563
18	43319492	43319626	6563
18	43328340	43328389	6563
18	43329742	43329915	6563
18	43405693	43405744	284266
18	43416993	43417052	284266
18	43417477	43417860	284266
18	43418682	43419059	284266
18	43420175	43420205	284266
18	43422070	43422151	284266
18	43432431	43432613	57724
18	43435537	43435651	57724
18	43437817	43438032	57724
18	43438530	43438746	57724
18	43440068	43440310	57724
18	43445579	43445723	57724
18	43446762	43446971	57724
18	43447527	43447712	57724
18	43450531	43450706	57724
18	43456200	43456306	57724
18	43458340	43458412	57724
18	43458977	43459178	57724
18	43460039	43460187	57724
18	43462238	43462451	57724
18	43464581	43464775	57724
18	43467715	43467871	57724
18	43469762	43469904	57724
18	43479368	43479530	57724
18	43480960	43481131	57724
18	43483937	43484081	57724
18	43487922	43488045	57724
18	43490485	43490706	57724
18	43492254	43492420	57724
18	43493670	43493792	57724
18	43495475	43495585	57724
18	43495973	43496170	57724
18	43496402	43496546	57724
18	43497643	43497783	57724
18	43502306	43502565	57724
18	43503233	43503352	57724
18	43505703	43505867	57724
18	43508834	43508974	57724
18	43510641	43510795	57724
18	43514774	43514931	57724
18	43519565	43519720	57724
18	43523126	43523276	57724
18	43523970	43524084	57724
18	43526628	43526733	57724
18	43528468	43528541	57724
18	43529449	43529556	57724
18	43531067	43531203	57724
18	43532365	43532608	57724
18	43534359	43535303	57724
18	43547142	43547204	57724
18	43568675	43568724	9050
18	43570687	43570721	9050
18	43571867	43571948	9050
18	43572071	43572167	9050
18	43573570	43573668	9050
18	43577714	43577793	9050
18	43578759	43578804	9050
18	43579401	43579499	9050
18	43585434	43585496	9050
18	43591146	43591252	9050
18	43595868	43595902	9050
18	43604574	43604651	9050
18	43619912	43620012	9050
18	43652121	43652153	9050
18	43664247	43664328	498
18	43664469	43664619	498
18	43666078	43666222	498
18	43666352	43666459	498
18	43666973	43667197	498
18	43667306	43667457	498
18	43668074	43668222	498
18	43669531	43669697	498
18	43669788	43669961	498
18	43671647	43671816	498
18	43675018	43675096	498
18	43678137	43678196	498
18	43684377	43684406	115106
18	43685159	43685333	115106
18	43698146	43698281	115106
18	43699891	43700025	115106
18	43702432	43702555	115106
18	43703264	43703329	115106
18	43704787	43704858	115106
18	43705709	43705756	115106
18	43708040	43708090	115106
18	43795846	43796560	147339
18	43819970	43820152	147339
18	43833662	43833785	147339
18	43842891	43843080	147339
18	43914237	43914297	494470
18	44013152	44013467	494470
18	44015251	44015358	494470
18	44027525	44027654	494470
18	44030258	44030362	494470
18	44030666	44030761	494470
18	44035936	44036042	494470
18	44036481	44036598	494470
18	44057145	44057182	125336
18	44057434	44057914	125336
18	44063549	44063707	125336
18	44064981	44065113	125336
18	44068934	44069104	125336
18	44085800	44085985	125336
18	44087500	44087674	125336
18	44089660	44089777	125336
18	44098091	44098206	125336
18	44098206	44098218	125336
18	44101059	44101244	125336
18	44102063	44102271	125336
18	44104428	44104563	125336
18	44104670	44104879	125336
18	44109139	44109293	125336
18	44113124	44113286	125336
18	44114297	44114413	125336
18	44118118	44118299	125336
18	44121738	44121902	125336
18	44122689	44122817	125336
18	44125279	44125383	125336
18	44126857	44127020	125336
18	44137318	44137334	125336
18	44260004	44260472	29906
18	44261934	44262026	29906
18	44266136	44266248	29906
18	44268737	44268881	29906
18	44272131	44272217	29906
18	44284534	44284626	29906
18	44336340	44336470	29906
18	44392395	44392574	9063
18	44395274	44395311	9063
18	44398339	44398409	9063
18	44400895	44401034	9063
18	44407921	44408092	9063
18	44409696	44409829	9063
18	44416319	44416479	9063
18	44424016	44424089	9063
18	44424696	44424801	9063
18	44426669	44426803	9063
18	44435307	44435397	9063
18	44435527	44435577	9063
18	44444126	44444210	9063
18	44470542	44471016	9063
18	44497284	44497307	9063
18	44548657	44550297	728929
18	44554572	44556212	162699
18	44559373	44561634	51224
18	44579344	44579416	83473
18	44580766	44580808	83473
18	44584605	44584722	83473
18	44585926	44586024	83473
18	44589342	44589440	83473
18	44589654	44589731	83473
18	44593391	44593489	83473
18	44595590	44595653	83473
18	44595852	44595970	83473
18	44601647	44601738	83473
18	44603721	44603831	83473
18	44625613	44625775	83473
18	44626624	44626726	83473
18	44627236	44627375	83473
18	44635052	44635155	84064
18	44639347	44639410	84064
18	44641502	44641718	84064
18	44656614	44656698	84064
18	44660866	44661074	84064
18	44662709	44662809	84064
18	44682547	44682602	51124
18	44683806	44683907	51124
18	44702557	44702647	51124
18	45368197	45368320	4087
18	45371710	45371854	4087
18	45372033	45372170	4087
18	45374845	45375057	4087
18	45377644	45377697	4087
18	45391429	45391503	4087
18	45394693	45394827	4087
18	45395613	45395806	4087
18	45396845	45396934	4087
18	45422891	45423126	4087
18	45555630	45556281	201501
18	45566270	45567477	201501
18	46145936	46146115	9811
18	46162984	46163055	9811
18	46190122	46190195	9811
18	46190817	46190921	9811
18	46197039	46197114	9811
18	46237989	46238065	9811
18	46284289	46284775	9811
18	46284775	46284781	9811
18	46287760	46288059	9811
18	46343591	46343746	9811
18	46383958	46384011	9811
18	46385714	46385929	9811
18	46447741	46448279	4092
18	46468850	46468924	4092
18	46474753	46474774	4092
18	46474774	46474806	4092
18	46476181	46476793	4092
18	46570424	46570573	54808
18	46623771	46623884	54808
18	46645113	46645295	54808
18	46690054	46690156	54808
18	46783379	46783473	54808
18	46784749	46784862	54808
18	46798547	46798672	54808
18	46808366	46808544	54808
18	46812803	46812985	54808
18	46858233	46858375	54808
18	46860097	46860222	54808
18	46889530	46889602	54808
18	46904936	46905069	54808
18	46906034	46906127	54808
18	46917962	46918014	54808
18	46956624	46956763	54808
18	47008714	47008779	497661
18	47009953	47010117	497661
18	47014888	47014935	6139
18	47015728	47015919	6139
18	47016823	47016921	6139
18	47017162	47017296	6139
18	47017774	47017814	6139
18	47017901	47017940	6139
18	47088678	47088774	9388
18	47091686	47091867	9388
18	47093811	47093990	9388
18	47095806	47095917	9388
18	47101738	47101959	9388
18	47107784	47108026	9388
18	47108731	47108851	9388
18	47109925	47110143	9388
18	47113115	47113219	9388
18	47116870	47116891	9388
18	47310216	47310300	10449
18	47311566	47311720	10449
18	47313660	47313730	10449
18	47317839	47317968	10449
18	47318521	47318696	10449
18	47320649	47320796	10449
18	47322134	47322250	10449
18	47323835	47323963	10449
18	47329056	47329222	10449
18	47339838	47339853	10449
18	47352840	47352992	4645
18	47361713	47361793	4645
18	47363080	47363254	4645
18	47363886	47364171	4645
18	47365513	47365663	4645
18	47367734	47367823	4645
18	47369610	47369761	4645
18	47373515	47373658	4645
18	47375936	47376029	4645
18	47379818	47380016	4645
18	47383182	47383259	4645
18	47389596	47389696	4645
18	47390510	47390749	4645
18	47398536	47398601	4645
18	47402056	47402196	4645
18	47404132	47404251	4645
18	47405314	47405459	4645
18	47406740	47406824	4645
18	47421310	47421543	4645
18	47428963	47429202	4645
18	47431041	47431197	4645
18	47432788	47432999	4645
18	47438431	47438542	4645
18	47455881	47455967	4645
18	47462621	47462718	4645
18	47463614	47463766	4645
18	47479629	47479712	4645
18	47480682	47480804	4645
18	47488635	47488775	4645
18	47489318	47489399	4645
18	47500719	47500984	4645
18	47506813	47506922	4645
18	47511087	47511194	4645
18	47516808	47516889	4645
18	47518657	47518800	4645
18	47527624	47527780	4645
18	47563219	47563363	4645
18	47566512	47566683	4645
18	47581637	47581747	4645
18	47721136	47721162	4645
18	47753750	47753978	220136
18	47764972	47765074	220136
18	47769269	47769485	220136
18	47777127	47777345	220136
18	47777850	47778153	220136
18	47787433	47787606	220136
18	47788359	47788588	220136
18	47792705	47792773	220136
18	47795998	47796187	4152
18	47797870	47797909	4152
18	47799046	47799107	4152
18	47799193	47799324	4152
18	47799703	47799840	4152
18	47799933	47800232	4152
18	47800555	47800722	4152
18	47801346	47801414	4152
18	47801498	47801614	4152
18	47801969	47802097	4152
18	47802204	47802350	4152
18	47802747	47802787	4152
18	47803031	47803113	4152
18	47803201	47803367	4152
18	47803459	47803573	4152
18	47806252	47806361	4152
18	47808962	47809108	30827
18	47809223	47809375	30827
18	47809634	47809730	30827
18	47809884	47809933	30827
18	47810074	47810184	30827
18	47810263	47810470	30827
18	47810747	47810931	30827
18	47811089	47811208	30827
18	47811371	47811616	30827
18	47811694	47811720	30827
18	47812118	47812297	30827
18	47812391	47812626	30827
18	47812908	47813008	30827
18	47813109	47813227	30827
18	47813956	47813958	30827
18	47902200	47902287	220134
18	47906495	47906619	220134
18	47908498	47908595	220134
18	47911585	47911722	220134
18	47917493	47917662	220134
18	47918468	47918616	220134
18	48190328	48190873	5596
18	48241448	48241592	5596
18	48248307	48248468	5596
18	48252331	48252544	5596
18	48255527	48256223	5596
18	48325706	48325759	83876
18	48326405	48326512	83876
18	48327718	48327873	83876
18	48331523	48331705	83876
18	48333073	48333219	83876
18	48335671	48335769	83876
18	48345950	48346071	83876
18	48346266	48346284	83876
18	48422190	48422297	4200
18	48434432	48434565	4200
18	48439170	48439319	4200
18	48442537	48442612	4200
18	48443716	48443877	4200
18	48444479	48444582	4200
18	48446825	48446934	4200
18	48447030	48447127	4200
18	48447443	48447556	4200
18	48450467	48450581	4200
18	48452125	48452267	4200
18	48458627	48458729	4200
18	48465939	48466009	4200
18	48466657	48466755	4200
18	48473386	48473408	4200
18	48473408	48473553	4200
18	48500774	48500930	55520
18	48510465	48510932	55520
18	48512988	48513454	55520
18	48573416	48573664	4089
18	48575055	48575229	4089
18	48575664	48575693	4089
18	48581150	48581362	4089
18	48584494	48584613	4089
18	48584709	48584825	4089
18	48586235	48586285	4089
18	48591792	48591975	4089
18	48593388	48593556	4089
18	48603007	48603145	4089
18	48604625	48604836	4089
18	48702720	48703945	51320
18	48722936	48723689	51320
18	49867157	49867247	1630
18	50278423	50278743	1630
18	50432413	50432697	1630
18	50450076	50450226	1630
18	50451603	50451739	1630
18	50589674	50589828	1630
18	50592415	50592535	1630
18	50683725	50683881	1630
18	50705331	50705485	1630
18	50731585	50731733	1630
18	50734048	50734186	1630
18	50741917	50741966	1630
18	50831947	50832088	1630
18	50848416	50848526	1630
18	50866082	50866276	1630
18	50912412	50912507	1630
18	50918024	50918256	1630
18	50923677	50923815	1630
18	50929155	50929262	1630
18	50936821	50937015	1630
18	50942493	50942525	1630
18	50961513	50961578	1630
18	50976869	50977031	1630
18	50985601	50985827	1630
18	50994263	50994379	1630
18	51013166	51013327	1630
18	51025667	51025879	1630
18	51052986	51053128	1630
18	51056933	51057022	1630
18	51686146	51686272	8932
18	51690892	51691069	8932
18	51692445	51692535	8932
18	51715243	51715380	8932
18	51729265	51729471	8932
18	51731367	51731526	8932
18	51750387	51750928	8932
18	51795916	51796030	11201
18	51797729	51797854	11201
18	51800295	51800459	11201
18	51804072	51804224	11201
18	51807036	51807272	11201
18	51809206	51809384	11201
18	51810291	51810382	11201
18	51813650	51813780	11201
18	51818202	51818407	11201
18	51820018	51820836	11201
18	51851061	51851244	147323
18	51855716	51855809	147323
18	51858111	51858228	147323
18	51863494	51863620	147323
18	51880423	51880472	147323
18	51880853	51880942	147323
18	51886942	51887224	162681
18	51888012	51888317	162681
18	51889140	51889290	162681
18	51892088	51892190	162681
18	51898835	51898966	162681
18	51900583	51900653	162681
18	51904543	51904615	162681
18	52258435	52258569	284254
18	52262169	52262333	284254
18	52265043	52265375	284254
18	52544816	52544968	5874
18	52546599	52546684	5874
18	52551563	52551666	5874
18	52555225	52555348	5874
18	52556454	52556643	5874
18	52571588	52571645	80323
18	52575016	52575092	80323
18	52585143	52585226	80323
18	52586501	52586606	80323
18	52596030	52596112	80323
18	52602050	52602178	80323
18	52604063	52604188	80323
18	52605187	52605327	80323
18	52608227	52608313	80323
18	52609905	52610021	80323
18	52895455	52895591	6925
18	52896077	52896306	6925
18	52899739	52899901	6925
18	52901778	52901913	6925
18	52921727	52921930	6925
18	52924545	52924621	6925
18	52927179	52927257	6925
18	52928696	52928763	6925
18	52937061	52937193	6925
18	52942849	52942982	6925
18	52946781	52946886	6925
18	53017589	53017638	6925
18	53018104	53018233	6925
18	53070684	53070748	6925
18	53128249	53128345	6925
18	53131306	53131367	6925
18	53252510	53252582	6925
18	53254275	53254346	6925
18	54270257	54270286	9352
18	54278223	54278327	9352
18	54281654	54281826	9352
18	54283475	54283544	9352
18	54285234	54285356	9352
18	54291518	54291691	9352
18	54293591	54293687	9352
18	54305573	54305670	9352
18	54339746	54339904	23335
18	54346562	54346668	23335
18	54348543	54348621	23335
18	54349909	54350083	23335
18	54353186	54353262	23335
18	54354085	54354204	23335
18	54358446	54358591	23335
18	54358945	54359047	23335
18	54361849	54361990	23335
18	54362180	54362428	23335
18	54363472	54363692	23335
18	54385194	54385389	23335
18	54398613	54398827	23335
18	54423813	54424582	23335
18	54426095	54426183	23335
18	54444012	54444110	23335
18	54446661	54446779	23335
18	54448763	54448886	23335
18	54483261	54483374	23335
18	54547174	54547395	23335
18	54591152	54591338	23335
18	54603018	54603135	23335
18	54605763	54605912	23335
18	54606541	54606623	23335
18	54629660	54629759	23335
18	54687975	54688079	23335
18	54694234	54694437	23335
18	55020077	55020255	51046
18	55021632	55021754	51046
18	55024143	55024700	51046
18	55027225	55027507	51046
18	55102948	55104175	9480
18	55143668	55143954	9480
18	55217943	55218077	2235
18	55218546	55218605	2235
18	55221491	55221655	2235
18	55222076	55222183	2235
18	55226376	55226474	2235
18	55230105	55230211	2235
18	55233678	55233812	2235
18	55238623	55238771	2235
18	55240477	55240596	2235
18	55247286	55247430	2235
18	55253785	55253851	2235
18	55268883	55269014	4677
18	55269586	55269717	4677
18	55270043	55270174	4677
18	55273088	55273201	4677
18	55273847	55273982	4677
18	55274365	55274564	4677
18	55274675	55274896	4677
18	55276588	55276674	4677
18	55278868	55278938	4677
18	55280833	55280911	4677
18	55282872	55282961	4677
18	55283048	55283206	4677
18	55287800	55287882	4677
18	55288939	55288948	4677
18	55315719	55315943	5205
18	55317598	55317728	5205
18	55319265	55319403	5205
18	55319715	55319960	5205
18	55321223	55321306	5205
18	55322425	55322648	5205
18	55328405	55328693	5205
18	55329714	55329846	5205
18	55334323	55334398	5205
18	55335660	55335771	5205
18	55336549	55336713	5205
18	55338699	55338811	5205
18	55342065	55342253	5205
18	55351267	55351423	5205
18	55352303	55352346	5205
18	55355530	55355738	5205
18	55359038	55359228	5205
18	55361813	55361901	5205
18	55362402	55362560	5205
18	55362681	55362763	5205
18	55364849	55364919	5205
18	55365026	55365098	5205
18	55368270	55368331	5205
18	55368446	55368544	5205
18	55371786	55371899	5205
18	55373721	55373818	5205
18	55398858	55399038	5205
18	55711892	55711939	23327
18	55816767	55816790	23327
18	55833019	55833092	23327
18	55912658	55912739	23327
18	55916130	55916168	23327
18	55919232	55919285	23327
18	55983213	55983263	23327
18	55989656	55989717	23327
18	55990463	55990565	23327
18	55992227	55992393	23327
18	55996226	55996358	23327
18	55997969	55998145	23327
18	56001049	56001123	23327
18	56002709	56002768	23327
18	56008269	56008400	23327
18	56008909	56009028	23327
18	56010137	56010334	23327
18	56016768	56016845	23327
18	56018222	56018276	23327
18	56024425	56024483	23327
18	56031499	56031564	23327
18	56033230	56033459	23327
18	56034977	56035098	23327
18	56037628	56037698	23327
18	56040405	56040500	23327
18	56050477	56050550	23327
18	56052757	56052817	23327
18	56054670	56054729	23327
18	56056316	56056423	23327
18	56057877	56057973	23327
18	56058718	56058790	23327
18	56063398	56063500	23327
18	56149054	56149270	115701
18	56165280	56165328	115701
18	56171162	56171379	115701
18	56182224	56182312	115701
18	56184139	56184413	115701
18	56191037	56191072	115701
18	56191166	56191293	115701
18	56196322	56196469	115701
18	56202065	56205455	115701
18	56246045	56247779	115701
18	56274553	56274670	115701
18	56278920	56279028	115701
18	56338875	56339083	10892
18	56348401	56348567	10892
18	56363597	56363718	10892
18	56367672	56367822	10892
18	56376609	56376787	10892
18	56377207	56377303	10892
18	56378152	56378184	10892
18	56381314	56381340	10892
18	56383166	56383198	10892
18	56390279	56390482	10892
18	56400628	56400805	10892
18	56401538	56401612	10892
18	56402433	56402560	10892
18	56409096	56409245	10892
18	56411569	56411726	10892
18	56412897	56413022	10892
18	56414636	56415073	10892
18	56585519	56587864	55205
18	56601664	56601845	55205
18	56606676	56606852	55205
18	56615298	56615460	55205
18	56620749	56621030	55205
18	56646286	56646398	55205
18	56648701	56648848	55205
18	56651203	56651697	55205
18	56807180	56807266	90701
18	56816744	56816853	90701
18	56819767	56819916	90701
18	56822919	56823038	90701
18	56824839	56824896	90701
18	56825863	56825916	90701
18	56887497	56887635	2922
18	56892723	56892946	2922
18	56892946	56892965	2922
18	56897635	56897688	2922
18	56897688	56897699	2922
18	56936235	56936732	30062
18	56939592	56939845	30062
18	56940149	56940437	30062
18	56963929	56964156	339302
18	56979916	56980003	339302
18	56985527	56985693	339302
18	56998324	56998360	3998
18	56998649	56998770	3998
18	57000322	57000475	3998
18	57005788	57005858	3998
18	57005991	57006184	3998
18	57013150	57013282	3998
18	57014744	57014802	3998
18	57016344	57016467	3998
18	57020433	57020532	3998
18	57021750	57021811	3998
18	57022544	57022651	3998
18	57022735	57022889	3998
18	57026262	57026475	3998
18	57103139	57103372	147372
18	57105342	57105377	147372
18	57106774	57106809	147372
18	57106908	57107047	147372
18	57115214	57115334	147372
18	57122082	57122182	147372
18	57133970	57134122	147372
18	57136704	57136838	147372
18	57147417	57147469	147372
18	57363860	57363940	147372
18	57364443	57364573	147372
18	57567409	57567466	5366
18	57569878	57569984	5366
18	58038583	58039581	4160
18	59157786	59158031	28316
18	59166418	59166712	28316
18	59167615	59167734	28316
18	59170185	59170352	28316
18	59174605	59174792	28316
18	59195199	59195452	28316
18	59203725	59203861	28316
18	59206256	59206377	28316
18	59212259	59212376	28316
18	59217210	59217461	28316
18	59221422	59221927	28316
18	59483084	59483695	220441
18	59713088	59713211	23556
18	59739905	59739957	23556
18	59742011	59742053	23556
18	59749905	59749978	23556
18	59751763	59751838	23556
18	59752441	59752496	23556
18	59755988	59756074	23556
18	59757708	59757810	23556
18	59763080	59763182	23556
18	59768307	59768415	23556
18	59770026	59770134	23556
18	59772775	59772866	23556
18	59774021	59774113	23556
18	59774218	59774317	23556
18	59777066	59777205	23556
18	59780366	59780548	23556
18	59781793	59781871	23556
18	59805475	59805530	23556
18	59806215	59806307	23556
18	59807652	59807711	23556
18	59810538	59810578	23556
18	59813141	59813257	23556
18	59814203	59814333	23556
18	59815446	59815570	23556
18	59821777	59821883	23556
18	59824361	59824459	23556
18	59824919	59825040	23556
18	59828365	59828585	23556
18	59854738	59855263	57614
18	59878385	59878474	57614
18	59888269	59888340	57614
18	59888451	59888506	57614
18	59888616	59888729	57614
18	59894521	59894724	57614
18	59894830	59894921	57614
18	59895537	59895830	57614
18	59898426	59898501	57614
18	59898515	59898615	221241
18	59899564	59899659	57614
18	59911996	59912108	57614
18	59916047	59916205	221241
18	59916790	59916823	221241
18	59919896	59919986	57614
18	59922639	59922710	57614
18	59925180	59925320	57614
18	59925744	59925908	57614
18	59928743	59928890	57614
18	59931221	59931377	57614
18	59931961	59932084	57614
18	59933933	59933981	57614
18	59936101	59936180	57614
18	59941212	59941318	57614
18	59942606	59942705	57614
18	59947592	59947674	57614
18	59947878	59947941	57614
18	59949538	59949676	57614
18	59954583	59954699	57614
18	59958775	59958863	57614
18	59966022	59966092	57614
18	59972646	59972766	57614
18	59992585	59992659	8792
18	60015400	60015481	8792
18	60017044	60017169	8792
18	60021623	60021766	8792
18	60025480	60025573	8792
18	60027187	60027281	8792
18	60028912	60029025	8792
18	60033940	60033992	8792
18	60035933	60036716	8792
18	60051983	60052266	8792
18	60190657	60191595	54877
18	60206913	60207024	54877
18	60209730	60209806	54877
18	60212034	60212105	54877
18	60217580	60217692	54877
18	60223435	60223529	54877
18	60225919	60226002	54877
18	60227819	60227876	54877
18	60230241	60230376	54877
18	60231803	60231867	54877
18	60232234	60232328	54877
18	60237335	60237463	54877
18	60241289	60242782	54877
18	60243744	60243811	54877
18	60382916	60384491	23239
18	60497267	60497463	23239
18	60506016	60506141	23239
18	60527667	60527833	23239
18	60562243	60562389	23239
18	60563013	60563243	23239
18	60570196	60570398	23239
18	60572456	60572516	23239
18	60582145	60582240	23239
18	60587191	60587346	23239
18	60608950	60609150	23239
18	60612341	60612503	23239
18	60625861	60625991	23239
18	60630600	60630704	23239
18	60639746	60639940	23239
18	60642629	60642857	23239
18	60645494	60646663	23239
18	60795857	60795991	596
18	60985281	60985898	596
18	60999014	60999133	2531
18	61002489	61002590	2531
18	61006032	61006115	2531
18	61011642	61011725	2531
18	61018120	61018311	2531
18	61022436	61022531	2531
18	61022730	61022795	2531
18	61026968	61027024	2531
18	61030011	61030100	2531
18	61034243	61034350	2531
18	61058207	61058308	9525
18	61060641	61060781	9525
18	61064266	61064485	9525
18	61066474	61066555	9525
18	61067280	61067428	9525
18	61067779	61067935	9525
18	61070939	61071058	9525
18	61074664	61074731	9525
18	61077522	61077678	9525
18	61078699	61078810	9525
18	61089465	61089491	9525
18	61151661	61151828	5268
18	61154178	61154315	5268
18	61156579	61156696	5268
18	61160185	61160327	5268
18	61166352	61166519	5268
18	61170562	61170954	5268
18	61223392	61223559	89777
18	61225584	61225658	89777
18	61226810	61226950	89777
18	61228317	61228434	89777
18	61231210	61231352	89777
18	61232677	61232844	89777
18	61233839	61234243	89777
18	61255901	61256065	5275
18	61256889	61256948	5275
18	61259581	61259709	5275
18	61260087	61260204	5275
18	61261588	61261730	5275
18	61262262	61262417	5275
18	61264192	61264596	5275
18	61304952	61305356	6318
18	61306418	61306573	6318
18	61306867	61307009	6318
18	61308107	61308224	6318
18	61308993	61309121	6318
18	61310394	61310450	6318
18	61310646	61310810	6318
18	61322890	61323294	6317
18	61324064	61324219	6317
18	61324503	61324645	6317
18	61325746	61325863	6317
18	61326632	61326760	6317
18	61328033	61328089	6317
18	61328285	61328449	6317
18	61377427	61377594	89778
18	61378568	61378627	89778
18	61379798	61379926	89778
18	61383268	61383385	89778
18	61387246	61387388	89778
18	61388064	61388219	89778
18	61390228	61390632	89778
18	61449606	61449773	8710
18	61459626	61459676	8710
18	61460394	61460510	8710
18	61463499	61463616	8710
18	61465837	61465979	8710
18	61468099	61468245	8710
18	61471470	61471868	8710
18	61558678	61558845	5055
18	61562497	61562616	5055
18	61564324	61564452	5055
18	61564960	61565077	5055
18	61568973	61569115	5055
18	61569637	61569801	5055
18	61570134	61570538	5055
18	61582744	61582911	5273
18	61584689	61584754	5273
18	61585198	61585335	5273
18	61587021	61587138	5273
18	61597278	61597420	5273
18	61600281	61600436	5273
18	61602071	61602475	5273
18	61620689	61620760	284293
18	61621641	61621790	284293
18	61627391	61627588	284293
18	61645542	61645709	5271
18	61647034	61647171	5271
18	61648954	61649071	5271
18	61650812	61650954	5271
18	61652326	61652478	5271
18	61653491	61653499	5271
18	61654107	61654511	5271
18	63430078	63430287	1005
18	63476939	63477233	1005
18	63481720	63481839	1005
18	63489316	63489483	1005
18	63491879	63492066	1005
18	63511047	63511300	1005
18	63525051	63525187	1005
18	63526160	63526281	1005
18	63526943	63527060	1005
18	63529901	63530152	1005
18	63547636	63548129	1005
18	64172048	64172538	28513
18	64176231	64176482	28513
18	64178804	64178921	28513
18	64197081	64197202	28513
18	64202222	64202343	28513
18	64211207	64211460	28513
18	64211955	64212139	28513
18	64218330	64218494	28513
18	64221641	64221760	28513
18	64235652	64235946	28513
18	64239246	64239440	28513
18	65178206	65181874	92126
18	66344169	66344429	54495
18	66346699	66346767	54495
18	66348217	66348346	54495
18	66350161	66350217	54495
18	66351426	66351479	54495
18	66351664	66351721	54495
18	66354903	66355001	54495
18	66358531	66358597	54495
18	66364462	66364539	54495
18	66365168	66365267	54495
18	66367641	66367721	54495
18	66368981	66369026	54495
18	66377257	66377380	54495
18	66378600	66378639	54495
18	66381082	66381136	54495
18	66382172	66382217	54495
18	66504000	66504605	79839
18	66505942	66506162	79839
18	66513549	66513657	79839
18	66541905	66542021	79839
18	66564455	66564664	79839
18	66678170	66678340	79839
18	66721266	66721373	79839
18	67068480	67068545	220164
18	67231722	67231829	220164
18	67266619	67266733	220164
18	67344969	67345088	220164
18	67365639	67365828	220164
18	67406200	67406338	220164
18	67424991	67425108	220164
18	67508479	67508618	220164
18	67531549	67531674	10666
18	67534592	67534646	10666
18	67540379	67540481	10666
18	67562936	67563280	10666
18	67613969	67614304	10666
18	67614596	67614641	10666
18	67671386	67671471	25914
18	67672433	67672502	25914
18	67673616	67673719	25914
18	67684642	67684909	25914
18	67687850	67688052	25914
18	67691957	67692083	25914
18	67695959	67696036	25914
18	67697247	67697344	25914
18	67698111	67698216	25914
18	67715206	67715423	25914
18	67718646	67718783	25914
18	67721366	67721519	25914
18	67724977	67725067	25914
18	67727085	67727277	25914
18	67733064	67733157	25914
18	67741141	67741229	25914
18	67742587	67742776	25914
18	67753848	67753919	25914
18	67755224	67755382	25914
18	67759345	67759455	25914
18	67759911	67760039	25914
18	67776733	67776952	25914
18	67781680	67781834	25914
18	67788791	67788935	25914
18	67794737	67794976	25914
18	67795593	67795781	25914
18	67801708	67801776	25914
18	67802419	67802515	25914
18	67806834	67806951	25914
18	67807335	67807423	25914
18	67809523	67809622	25914
18	67812847	67813018	25914
18	67816136	67816272	25914
18	67817206	67817322	25914
18	67817843	67817968	25914
18	67833297	67833423	25914
18	67834154	67834266	25914
18	67836090	67836302	25914
18	67843910	67844080	25914
18	67855343	67855458	25914
18	67857773	67857954	25914
18	67860523	67860688	25914
18	67863736	67863883	25914
18	67864859	67864973	25914
18	67866649	67866739	25914
18	67869129	67869218	25914
18	67871321	67871498	25914
18	67872363	67872550	25914
18	67872863	67872893	25914
18	67991904	67993511	9306
18	70205410	70205607	147381
18	70205887	70206006	147381
18	70209038	70209394	147381
18	70416262	70416322	81832
18	70417296	70417854	81832
18	70423268	70423381	81832
18	70450912	70451140	81832
18	70461351	70461478	81832
18	70461597	70461638	81832
18	70502549	70502553	81832
18	70526060	70526308	81832
18	70532042	70532179	81832
18	70532422	70532475	81832
18	70532807	70532831	81832
18	70534498	70534525	81832
18	71740695	71740964	201456
18	71749161	71749285	201456
18	71790602	71790744	201456
18	71791723	71791805	201456
18	71793209	71793335	201456
18	71796639	71796848	201456
18	71797650	71797892	201456
18	71802996	71803099	201456
18	71803099	71803100	201456
18	71807436	71807546	201456
18	71814904	71815019	201456
18	71816043	71816343	29090
18	71822379	71822441	29090
18	71822540	71822637	29090
18	71825248	71825321	29090
18	71825405	71825510	29090
18	71825610	71825714	29090
18	71920818	71920899	1528
18	71922975	71923009	1528
18	71924079	71924087	1528
18	71928149	71928178	1528
18	71930583	71930711	1528
18	71958981	71959109	1528
18	71985100	71985233	644041
18	71987747	71987825	644041
18	71989932	71989988	644041
18	71995181	71995292	644041
18	71996229	71996270	644041
18	71998100	71998176	644041
18	72005949	72006058	644041
18	72009266	72009362	644041
18	72009475	72009560	644041
18	72010753	72010936	644041
18	72020480	72021502	644041
18	72021691	72021747	644041
18	72103735	72103953	125704
18	72109186	72109350	125704
18	72113840	72114517	125704
18	72124296	72124493	125704
18	72167208	72167267	55748
18	72168563	72168706	55748
18	72173083	72173245	55748
18	72176074	72176162	55748
18	72178047	72178247	55748
18	72179682	72179766	55748
18	72180793	72180953	55748
18	72183462	72183626	55748
18	72185733	72185874	55748
18	72186183	72186330	55748
18	72187233	72187302	55748
18	72201902	72201925	84735
18	72223572	72223700	84735
18	72226557	72226706	84735
18	72228090	72228252	84735
18	72229281	72229369	84735
18	72234467	72234667	84735
18	72238420	72238504	84735
18	72244103	72244263	84735
18	72245397	72245561	84735
18	72247365	72247506	84735
18	72250796	72250943	84735
18	72251731	72251797	84735
18	72342975	72347661	55628
18	72352963	72353077	55628
18	72493383	72493457	55628
18	72515919	72516024	55628
18	72531128	72531520	400661
18	72589152	72589318	55628
18	72592991	72593074	55628
18	72601873	72601993	55628
18	72632469	72632647	55628
18	72775105	72776423	55628
18	72913370	72914294	284273
18	72920804	72921012	284273
18	72997497	73000595	10194
18	73122818	73122863	284274
18	73130740	73130870	284274
18	73139389	73139517	284274
18	74536313	74536361	7776
18	74561481	74561623	7776
18	74563730	74563894	7776
18	74580640	74580818	7776
18	74583656	74583780	7776
18	74587447	74587619	7776
18	74589964	74590107	7776
18	74592068	74592271	7776
18	74593239	74593467	7776
18	74606968	74607240	7776
18	74610974	74611177	7776
18	74616335	74616476	7776
18	74617110	74617370	7776
18	74620275	74620528	7776
18	74622023	74622124	7776
18	74622615	74622766	7776
18	74624199	74624302	7776
18	74625702	74625853	7776
18	74627602	74627814	7776
18	74631731	74632013	7776
18	74635026	74635129	7776
18	74637144	74637509	7776
18	74638992	74639137	7776
18	74639232	74639472	7776
18	74639882	74640061	7776
18	74649111	74649298	7776
18	74659476	74659607	7776
18	74667940	74668137	7776
18	74671642	74671771	7776
18	74672634	74672810	7776
18	74680170	74680294	7776
18	74692382	74692426	4155
18	74696730	74696849	4155
18	74700450	74700482	4155
18	74700832	74700867	4155
18	74701911	74702015	4155
18	74721804	74721881	4155
18	74728769	74728787	4155
18	74728787	74728963	4155
18	74728963	74729223	4155
18	74778253	74778340	4155
18	74817166	74817216	4155
18	74962504	74963169	2587
18	74968113	74968178	2587
18	74980540	74980857	2587
18	76740274	76740355	27164
18	76752073	76755461	27164
18	76756890	76757321	27164
18	76829410	76829528	374868
18	76856475	76856648	374868
18	76870354	76870504	374868
18	76873240	76873353	374868
18	76886266	76886374	374868
18	76903801	76903859	374868
18	76914503	76914554	374868
18	76936812	76936906	374868
18	76953182	76953262	374868
18	76966936	76967011	374868
18	76973961	76974037	374868
18	77013380	77013540	374868
18	77037053	77037195	374868
18	77063603	77063715	374868
18	77066985	77067233	374868
18	77089140	77089301	374868
18	77090011	77090103	374868
18	77096627	77096710	374868
18	77097278	77097448	374868
18	77102267	77102365	374868
18	77104264	77104353	374868
18	77105427	77105571	374868
18	77105774	77105838	374868
18	77107769	77107924	374868
18	77108131	77108195	374868
18	77119353	77119461	374868
18	77132824	77132881	374868
18	77133897	77134100	374868
18	77135393	77135425	374868
18	77137246	77137382	374868
18	77156224	77156350	4772
18	77160391	77160478	4772
18	77170402	77171500	4772
18	77193578	77193737	4772
18	77208781	77208983	4772
18	77210953	77211125	4772
18	77211675	77211815	4772
18	77221310	77221365	4772
18	77227449	77227581	4772
18	77246247	77246629	4772
18	77246629	77246936	4772
18	77287527	77287529	4772
18	77287529	77287576	4772
18	77439947	77440260	9150
18	77455224	77455307	9150
18	77455976	77456069	9150
18	77457859	77457987	9150
18	77464766	77464916	9150
18	77470345	77470435	9150
18	77472971	77473137	9150
18	77474490	77475527	9150
18	77477534	77477675	9150
18	77477809	77478015	9150
18	77488906	77489068	9150
18	77496354	77496520	9150
18	77513651	77513670	9150
18	77513670	77513789	9150
18	77623667	77624290	26251
18	77659039	77659815	26251
18	77663975	77664182	80148
18	77679183	77679399	80148
18	77693968	77694021	80148
18	77703328	77703461	80148
18	77710723	77710925	80148
18	77724735	77724785	440498
18	77726611	77726677	440498
18	77728088	77728182	440498
18	77730439	77730450	440498
18	77733684	77733855	10907
18	77737597	77737700	10907
18	77748239	77748391	10907
18	77794495	77794652	79863
18	77796667	77796709	79863
18	77797329	77797505	79863
18	77798504	77798616	79863
18	77802134	77802218	79863
18	77804211	77804284	79863
18	77805773	77805936	79863
18	77805936	77806154	79863
18	77875425	77875532	22850
18	77890985	77891074	22850
18	77893494	77896691	22850
18	77917653	77918488	84552
18	77960592	77960814	84552
18	78005159	78005230	84552
