13	18897868	18897972	93492
13	18902607	18902686	93492
13	18904612	18904717	93492
13	18908365	18908445	93492
13	18910231	18910292	93492
13	18922215	18922303	93492
13	18922402	18922483	93492
13	18923304	18923364	93492
13	18936595	18936659	93492
13	18937394	18937457	93492
13	18937604	18937703	93492
13	18964989	18965042	93492
13	18965587	18965640	93492
13	18975363	18975373	93492
13	19323678	19324319	9205
13	19748002	19748298	7278
13	19751066	19751746	7278
13	19752385	19752533	7278
13	19753480	19753702	7278
13	19755884	19755886	7278
13	19997201	19997303	93492
13	19999086	19999156	93492
13	20000564	20000656	93492
13	20004607	20004686	93492
13	20006612	20006717	93492
13	20010365	20010445	93492
13	20012231	20012292	93492
13	20024215	20024303	93492
13	20024402	20024483	93492
13	20025304	20025364	93492
13	20038595	20038659	93492
13	20039394	20039457	93492
13	20039604	20039703	93492
13	20041364	20041483	93492
13	20048053	20048214	93492
13	20049712	20049762	93492
13	20056627	20056686	93492
13	20066989	20067042	93492
13	20067587	20067640	93492
13	20077363	20077373	93492
13	20207888	20208100	54737
13	20216254	20216409	54737
13	20220582	20221430	54737
13	20222561	20222660	54737
13	20224142	20224399	54737
13	20233134	20233259	54737
13	20233340	20233428	54737
13	20235837	20235977	54737
13	20237179	20237265	54737
13	20240564	20240718	54737
13	20242516	20242670	54737
13	20244375	20244502	54737
13	20245345	20245428	54737
13	20245973	20246014	54737
13	20277314	20277499	55269
13	20279801	20279970	55269
13	20283681	20283738	55269
13	20304378	20304483	55269
13	20315704	20315788	55269
13	20325410	20325606	55269
13	20333462	20333557	55269
13	20346381	20346682	55269
13	20356525	20356896	55269
13	20398616	20399374	9205
13	20409616	20409828	9205
13	20411684	20411960	9205
13	20412839	20413124	9205
13	20425494	20425587	9205
13	20425828	20426319	9205
13	20567212	20568058	7750
13	20576989	20577274	7750
13	20579213	20579378	7750
13	20580513	20580725	7750
13	20593686	20593757	7750
13	20600751	20600901	7750
13	20601342	20601457	7750
13	20605458	20605574	7750
13	20608393	20608543	7750
13	20610876	20611048	7750
13	20625572	20625737	7750
13	20626416	20626450	7750
13	20632714	20632843	7750
13	20633586	20633701	7750
13	20635192	20635363	7750
13	20636985	20637110	7750
13	20638590	20638684	7750
13	20640990	20641158	7750
13	20641378	20641529	7750
13	20656155	20656269	7750
13	20656920	20657171	7750
13	20657795	20657915	7750
13	20659961	20660153	7750
13	20716119	20717426	2700
13	20763039	20763719	2706
13	20796833	20797618	10804
13	20978267	20978380	51084
13	20978773	20978879	51084
13	20987420	20987525	51084
13	21006240	21006434	51084
13	21013731	21013892	51084
13	21063508	21063634	51084
13	21086581	21086688	51084
13	21099892	21099932	51084
13	21142115	21142135	8100
13	21148518	21148613	8100
13	21157095	21157157	8100
13	21163949	21164005	8100
13	21165105	21165158	8100
13	21165756	21165819	8100
13	21166473	21166542	8100
13	21170288	21170378	8100
13	21171153	21171257	8100
13	21172789	21172891	8100
13	21173589	21173703	8100
13	21175843	21176071	8100
13	21179173	21179243	8100
13	21189931	21190017	8100
13	21199888	21199987	8100
13	21205154	21205240	8100
13	21212470	21212656	8100
13	21215428	21215536	8100
13	21217593	21217743	8100
13	21218981	21219096	8100
13	21228014	21228066	8100
13	21230503	21230568	8100
13	21237636	21237742	8100
13	21245111	21245177	8100
13	21264843	21264953	8100
13	21265192	21265313	8100
13	21278140	21278429	53342
13	21295774	21296092	53342
13	21303218	21303354	221143
13	21305979	21306259	221143
13	21311861	21311943	221143
13	21331593	21331736	221143
13	21357860	21358057	64328
13	21361103	21361195	64328
13	21361619	21361736	64328
13	21362624	21362754	64328
13	21364600	21364718	64328
13	21370214	21370394	64328
13	21370902	21371195	64328
13	21373303	21373477	64328
13	21374294	21374463	64328
13	21374969	21375128	64328
13	21381595	21381772	64328
13	21382574	21382719	64328
13	21383221	21383363	64328
13	21383929	21384105	64328
13	21395842	21396016	64328
13	21396270	21396427	64328
13	21401205	21401317	64328
13	21417033	21417186	64328
13	21417908	21418024	64328
13	21429765	21429903	64328
13	21436855	21436996	64328
13	21442734	21442839	64328
13	21476808	21476876	64328
13	21549008	21549502	26524
13	21553829	21553935	26524
13	21555604	21555786	26524
13	21557362	21557944	26524
13	21562019	21563442	26524
13	21565410	21565542	26524
13	21619823	21620164	26524
13	21714691	21714819	10284
13	21715024	21715133	10284
13	21720943	21721065	10284
13	21721324	21721480	10284
13	21729241	21729288	221150
13	21729831	21729949	221150
13	21732060	21732263	221150
13	21734040	21734125	221150
13	21735928	21736013	221150
13	21742126	21742537	221150
13	21746477	21746642	221150
13	21746758	21746819	221150
13	21750513	21750615	221150
13	21751055	21751363	78988
13	21950786	21950793	253832
13	21955572	21955684	253832
13	21957058	21957147	253832
13	21961646	21961772	253832
13	21965860	21965992	253832
13	21974511	21974631	253832
13	21975791	21975823	253832
13	21976935	21977004	253832
13	21987790	21987910	253832
13	21995199	21995302	253832
13	21999790	21999816	253832
13	22033192	22033309	253832
13	22067387	22067491	221154
13	22069299	22069456	221154
13	22070190	22070298	221154
13	22077064	22077235	221154
13	22084142	22084239	221154
13	22088491	22088556	221154
13	22095383	22095465	221154
13	22096741	22096788	221154
13	22113440	22113515	221154
13	22113795	22113826	221154
13	22140935	22141082	221154
13	22178077	22178286	221154
13	22246051	22246327	2254
13	22255180	22255283	2254
13	22275328	22275573	2254
13	23413820	23413878	400110
13	23417888	23418608	400110
13	23777833	23778027	6445
13	23808749	23808850	6445
13	23824768	23824855	6445
13	23853497	23853616	6445
13	23869553	23869625	6445
13	23894775	23894898	6445
13	23898506	23898679	6445
13	23904274	23915828	26278
13	23927923	23928014	26278
13	23928657	23930145	26278
13	23932473	23932619	26278
13	23939304	23939415	26278
13	23942540	23942625	26278
13	23945216	23945303	26278
13	23949257	23949407	26278
13	23985358	23985377	26278
13	24164322	24164390	55504
13	24167483	24167593	55504
13	24190005	24190183	55504
13	24200845	24200930	55504
13	24233188	24233352	55504
13	24234503	24234628	55504
13	24236341	24236470	56163
13	24239409	24239503	56163
13	24242118	24242220	55504
13	24242830	24243235	55504
13	24243235	24243262	55504
13	24246950	24247041	56163
13	24247510	24247518	55504
13	24250432	24250543	56163
13	24251804	24251884	56163
13	24253981	24254081	56163
13	24260125	24260296	56163
13	24261485	24261561	56163
13	24261835	24261909	56163
13	24265179	24265483	56163
13	24266292	24266401	56163
13	24304486	24304583	4285
13	24330683	24330756	4285
13	24334234	24334355	4285
13	24380088	24380207	4285
13	24383988	24384062	4285
13	24410378	24410487	4285
13	24411690	24411894	4285
13	24413787	24413864	4285
13	24415473	24415626	4285
13	24432998	24433050	4285
13	24436440	24436500	4285
13	24438279	24438327	4285
13	24443430	24443586	4285
13	24444151	24444333	4285
13	24448984	24449047	4285
13	24453406	24453492	4285
13	24455837	24455925	4285
13	24460471	24460644	4285
13	24463270	24463458	4285
13	24465427	24466199	387911
13	24468277	24468339	387911
13	24470959	24471124	387911
13	24773911	24774017	9818
13	24779943	24780085	9818
13	24781384	24781419	9818
13	24785020	24785169	9818
13	24785751	24785888	9818
13	24787494	24787604	9818
13	24791463	24791487	9818
13	24792667	24792732	9818
13	24793056	24793230	9818
13	24797067	24797126	221178
13	24797126	24797205	221178,9818
13	24797205	24798719	221178
13	24799053	24799171	9818
13	24799567	24799649	9818
13	24803494	24803695	9818
13	24808350	24808465	9818
13	24823614	24823979	221178
13	24825855	24825999	221178
13	24858272	24858408	221178
13	24860351	24860530	221178
13	24860902	24861087	221178
13	24863136	24863315	221178
13	24864789	24865021	221178
13	24868876	24869005	221178
13	24871500	24871872	221178
13	24874538	24874612	221178
13	24876735	24876910	221178
13	24890141	24890306	338872
13	24892955	24893017	338872
13	24895133	24895905	338872
13	24995256	24995451	143
13	25000603	25000735	143
13	25005514	25005613	143
13	25008532	25009611	143
13	25015983	25016105	143
13	25016727	25016822	143
13	25017787	25017867	143
13	25020818	25020898	143
13	25021153	25021323	143
13	25023855	25023954	143
13	25026543	25026730	143
13	25027724	25027791	143
13	25029154	25029349	143
13	25030478	25030615	143
13	25033181	25033259	143
13	25033401	25033447	143
13	25034109	25034273	143
13	25043161	25043247	143
13	25044031	25044162	143
13	25049609	25049733	143
13	25051838	25051994	143
13	25052230	25052413	143
13	25058790	25058885	143
13	25060305	25060442	143
13	25064805	25064965	143
13	25066558	25066731	143
13	25067733	25067870	143
13	25068710	25068859	143
13	25072253	25072366	143
13	25073438	25073513	143
13	25074453	25074519	143
13	25075770	25075971	143
13	25077782	25077913	143
13	25254881	25254889	479
13	25255699	25255857	479
13	25259451	25259510	479
13	25262456	25262659	479
13	25263399	25263512	479
13	25264475	25264609	479
13	25264741	25264858	479
13	25265101	25265387	479
13	25266566	25266764	479
13	25266924	25267033	479
13	25268581	25268715	479
13	25272795	25272987	479
13	25274884	25275059	479
13	25276072	25276208	479
13	25280450	25280600	479
13	25281160	25281328	479
13	25281416	25281570	479
13	25283501	25283624	479
13	25283820	25283965	479
13	25284597	25284730	479
13	25284929	25285030	479
13	25285455	25285546	479
13	25285631	25285659	479
13	25338341	25338470	56163
13	25341409	25341503	56163
13	25348950	25349041	56163
13	25352432	25352543	56163
13	25353804	25353884	56163
13	25355981	25356081	56163
13	25362125	25362296	56163
13	25363485	25363561	56163
13	25363835	25363909	56163
13	25367179	25367483	56163
13	25370274	25370432	56163
13	25373532	25373721	56163
13	25374503	25374671	56163
13	25376518	25376708	56163
13	25378425	25378566	56163
13	25399756	25399909	56163
13	25404621	25404736	56163
13	25405995	25406115	56163
13	25416178	25416298	56163
13	25417881	25418108	56163
13	25418789	25418939	56163
13	25419098	25419216	56163
13	25424478	25424580	56163
13	25425593	25425708	56163
13	25427992	25428281	56163
13	25433138	25433301	56163
13	25435405	25435524	56163
13	25436850	25436930	56163
13	25439010	25439135	56163
13	25440281	25440340	56163
13	25442737	25442853	56163
13	25444708	25444876	56163
13	25448251	25448386	56163
13	25451134	25451323	56163
13	25453324	25453422	56163
13	25457314	25457506	55835
13	25458100	25458220	55835
13	25458298	25458382	55835
13	25458460	25458600	55835
13	25459413	25459523	55835
13	25459743	25459807	55835
13	25463453	25463537	55835
13	25466780	25467004	55835
13	25473556	25473721	55835
13	25478063	25478195	55835
13	25479483	25481097	55835
13	25481228	25481330	55835
13	25482155	25482263	55835
13	25483927	25484223	55835
13	25486083	25486206	55835
13	25486719	25487162	55835
13	25604568	25604588	6049
13	25670336	25672231	5042
13	25687610	25687728	6049
13	25690647	25690742	6049
13	25691593	25691785	6049
13	25743741	25744618	219287
13	25744618	25745756	219287
13	25823369	25823629	9107
13	25825786	25825912	9107
13	25825990	25826121	9107
13	25827901	25828101	9107
13	25828522	25828571	9107
13	25831333	25831458	9107
13	25831873	25831982	9107
13	25832697	25832829	9107
13	25835805	25835939	9107
13	25839956	25840084	9107
13	25840266	25840423	9107
13	25841916	25842078	9107
13	25848208	25848324	9107
13	25861361	25861384	9107
13	25875911	25876017	9818
13	25881943	25882085	9818
13	25883384	25883419	9818
13	25887020	25887169	9818
13	25887751	25887888	9818
13	25889494	25889604	9818
13	25893463	25893487	9818
13	25894667	25894732	9818
13	25895056	25895230	9818
13	25899126	25899205	9818
13	25901053	25901171	9818
13	25901567	25901649	9818
13	25905494	25905695	9818
13	25911073	25911171	9818
13	25912773	25912868	9818
13	25914102	25914271	9818
13	25946350	25946425	51761
13	26043114	26043258	51761
13	26104136	26104235	51761
13	26104699	26104797	51761
13	26106409	26106454	51761
13	26107410	26107450	51761
13	26112125	26112198	51761
13	26114456	26114525	51761
13	26116056	26116183	51761
13	26117428	26117539	51761
13	26125475	26125640	51761
13	26127930	26128057	51761
13	26129128	26129205	51761
13	26133110	26133198	51761
13	26133858	26133902	51761
13	26138093	26138168	51761
13	26144904	26145009	51761
13	26145747	26145829	51761
13	26148945	26148994	51761
13	26151206	26151275	51761
13	26152952	26153036	51761
13	26153945	26154084	51761
13	26155956	26156094	51761
13	26163772	26163836	51761
13	26273310	26273482	51761
13	26343183	26343366	51761
13	26348986	26349096	51761
13	26402255	26402329	51761
13	26411300	26411422	51761
13	26413683	26413761	51761
13	26434332	26434393	51761
13	26434941	26434997	51761
13	26436438	26436545	51761
13	26535712	26535800	51761
13	26542712	26542816	51761
13	26586668	26586759	51761
13	26594025	26594122	51761
13	26620650	26621203	387914
13	26624779	26625112	387914
13	26787960	26789728	6049
13	26792647	26792742	6049
13	26793593	26793785	6049
13	26828778	26828905	1024
13	26911703	26911778	1024
13	26923208	26923318	1024
13	26927876	26928016	1024
13	26956950	26957007	1024
13	26959347	26959478	1024
13	26967503	26967646	1024
13	26970421	26970490	1024
13	26971289	26971361	1024
13	26974589	26974686	1024
13	26975405	26975483	1024
13	26975602	26975760	1024
13	26978092	26978217	1024
13	27216407	27216539	10810
13	27239164	27239298	10810
13	27241653	27241806	10810
13	27246008	27246125	10810
13	27250685	27250860	10810
13	27255190	27255456	10810
13	27256743	27257110	10810
13	27259824	27259981	10810
13	27332959	27333963	2835
13	27643419	27643520	219333
13	27645207	27645285	219333
13	27649327	27649524	219333
13	27664019	27664102	219333
13	27664218	27664294	219333
13	27669737	27669966	219333
13	27679867	27680080	219333
13	27690652	27690732	219333
13	27745728	27745775	219333
13	27827913	27827979	6144
13	27828356	27828417	6144
13	27829378	27829490	6144
13	27830320	27830470	6144
13	27830572	27830661	6144
13	27845081	27845204	387496
13	27845620	27845676	387496
13	27845775	27845854	387496
13	27847163	27847630	387496
13	27998874	27999074	2971
13	28001228	28001328	2971
13	28004006	28004102	2971
13	28004669	28004757	2971
13	28006867	28006940	2971
13	28008275	28008355	2971
13	28008941	28009170	2971
13	28009269	28009328	2971
13	28009569	28009733	2971
13	28009811	28010029	219402
13	28011252	28011409	219402
13	28014125	28014584	219402
13	28122471	28122606	222484
13	28124469	28124627	222484
13	28127344	28127575	222484
13	28130372	28130549	222484
13	28133978	28134121	222484
13	28136549	28136917	222484
13	28141776	28141975	222484
13	28143165	28143412	222484
13	28155433	28155839	222484
13	28196120	28196145	51082
13	28197011	28197386	51082
13	28222515	28222589	51082
13	28239822	28240089	51082
13	28366827	28367238	219409
13	28367702	28368084	219409
13	28494275	28494680	3651
13	28498392	28498837	3651
13	28537251	28537505	1045
13	28539006	28539151	1045
13	28542602	28543142	1045
13	28552242	28552588	646625
13	28562599	28562773	646625
13	28578188	28578310	2322
13	28588588	28588693	2322
13	28589293	28589392	2322
13	28589726	28589837	2322
13	28592603	28592725	2322
13	28597486	28597613	2322
13	28598997	28599079	2322
13	28601224	28601377	2322
13	28602314	28602424	2322
13	28608023	28608127	2322
13	28608218	28608350	2322
13	28608437	28608543	2322
13	28609631	28609809	2322
13	28610071	28610179	2322
13	28611321	28611424	2322
13	28622411	28622579	2322
13	28623520	28623673	2322
13	28623771	28623910	2322
13	28624231	28624358	2322
13	28626681	28626810	2322
13	28631483	28631598	2322
13	28636003	28636205	2322
13	28644627	28644748	2322
13	28674604	28674646	2322
13	28712794	28713223	255967
13	28748408	28748529	255967
13	28750629	28750695	255967
13	28752001	28752071	255967
13	28771321	28771482	255967
13	28794367	28794514	255967
13	28830428	28830675	255967
13	28834583	28834687	255967
13	28835537	28835594	255967
13	28840851	28841012	255967
13	28841231	28841347	255967
13	28841436	28841537	255967
13	28844837	28845002	255967
13	28846117	28846207	255967
13	28851373	28851512	255967
13	28854548	28854677	255967
13	28855451	28855515	255967
13	28862120	28862258	255967
13	28866518	28866658	255967
13	28877303	28877504	2321
13	28880814	28880908	2321
13	28882979	28883063	2321
13	28885726	28885868	2321
13	28886129	28886234	2321
13	28891634	28891733	2321
13	28893559	28893670	2321
13	28895599	28895721	2321
13	28896398	28896495	2321
13	28896926	28897082	2321
13	28901598	28901686	2321
13	28903751	28903864	2321
13	28908161	28908265	2321
13	28913304	28913436	2321
13	28919581	28919687	2321
13	28931690	28931821	2321
13	28942714	28942799	2321
13	28959021	28959167	2321
13	28963932	28964240	2321
13	28971096	28971204	2321
13	28973180	28973254	2321
13	28979916	28980030	2321
13	29001295	29001454	2321
13	29001888	29002057	2321
13	29004186	29004303	2321
13	29005272	29005446	2321
13	29007955	29008091	2321
13	29008194	29008356	2321
13	29012357	29012481	2321
13	29041039	29041265	2321
13	29041657	29041753	2321
13	29068916	29068979	2321
13	29233321	29233323	51371
13	29236546	29236643	51371
13	29238645	29238705	51371
13	29242609	29242710	51371
13	29246475	29246568	51371
13	29252171	29252238	51371
13	29275083	29275092	283537
13	29275633	29275717	283537
13	29278079	29278235	283537
13	29284896	29284979	283537
13	29286816	29287686	283537
13	29291946	29292134	283537
13	29598805	29601039	23281
13	29608021	29608261	23281
13	29674909	29675106	23281
13	29855840	29856001	23281
13	29898749	29898847	23281
13	29933398	29933609	23281
13	30002979	30003032	23281
13	30014119	30014185	23281
13	30054286	30054500	23281
13	30062036	30062141	23281
13	30066782	30066855	23281
13	30071374	30071472	23281
13	30072554	30072673	23281
13	30075233	30075330	23281
13	30077129	30077342	23281
13	30088616	30088719	6541
13	30090274	30090382	6541
13	30091280	30091446	6541
13	30091709	30091926	6541
13	30093583	30093685	6541
13	30096453	30096592	6541
13	30097402	30097624	6541
13	30098268	30098389	6541
13	30104674	30104848	6541
13	30106960	30107118	6541
13	30109955	30110324	6541
13	30341391	30341443	5412
13	30341754	30341831	5412
13	30346248	30346334	5412
13	30351291	30351399	5412
13	30423648	30423674	5412
13	30782676	30782874	84056
13	30784452	30784578	84056
13	30801548	30801682	84056
13	30804604	30804730	84056
13	30805450	30805608	84056
13	30814596	30814701	84056
13	30815095	30815222	84056
13	30829583	30829751	84056
13	30854199	30854359	84056
13	30857752	30857913	84056
13	31035493	31035669	3146
13	31036674	31036848	3146
13	31037343	31037488	3146
13	31037667	31037816	3146
13	31195277	31195375	10208
13	31195900	31196028	10208
13	31204971	31205610	10208
13	31211880	31211993	10208
13	31216764	31216893	10208
13	31221068	31221193	10208
13	31227284	31227441	10208
13	31231610	31233492	10208
13	31309742	31309811	241
13	31318196	31318295	241
13	31326188	31326258	241
13	31330080	31330161	241
13	31338080	31338242	241
13	31424716	31425117	196549
13	31480652	31480929	84935
13	31491539	31491648	84935
13	31495150	31495262	84935
13	31495697	31495982	84935
13	31498447	31498571	84935
13	31506852	31506912	122046
13	31513830	31513914	122046
13	31526796	31526961	122046
13	31531009	31531165	122046
13	31540358	31540534	122046
13	31543021	31543182	122046
13	31548982	31549043	122046
13	31711454	31711660	10808
13	31712543	31712704	10808
13	31712917	31713036	10808
13	31713136	31713243	10808
13	31714320	31714445	10808
13	31715258	31715395	10808
13	31717928	31718059	10808
13	31719699	31719904	10808
13	31722095	31722228	10808
13	31722510	31722616	10808
13	31724090	31724318	10808
13	31725083	31725327	10808
13	31725745	31725878	10808
13	31726988	31727087	10808
13	31728769	31728891	10808
13	31729650	31729790	10808
13	31732942	31732999	10808
13	31735612	31735718	10808
13	31774221	31774290	145173
13	31789187	31789236	145173
13	31797088	31797127	145173
13	31803321	31803430	145173
13	31821159	31821235	145173
13	31821991	31822102	145173
13	31835082	31835218	145173
13	31843350	31843413	145173
13	31848645	31848764	145173
13	31850838	31850907	145173
13	31858784	31858897	145173
13	31860856	31860955	145173
13	31891702	31891821	145173
13	31897887	31898031	145173
13	31903637	31903804	145173
13	32313749	32313842	122042
13	32332394	32332540	122042
13	32335860	32335937	122042
13	32339173	32339278	122042
13	32340092	32340163	122042
13	32348756	32348827	122042
13	32349454	32349525	122042
13	32351512	32351583	122042
13	32352648	32352719	122042
13	32355807	32355878	122042
13	32356812	32356883	122042
13	32360519	32360590	122042
13	32360702	32360773	122042
13	32363258	32363329	122042
13	32365942	32366171	122042
13	32366814	32367224	122042
13	32371337	32371555	122042
13	32376282	32376541	122042
13	32605932	32606001	10129
13	32610979	32610999	90627
13	32614446	32614509	90627
13	32637473	32637554	90627
13	32639687	32639758	90627
13	32652970	32653169	10129
13	32676099	32676152	10129
13	32691470	32691609	10129
13	32698422	32698512	10129
13	32698738	32698817	10129
13	32698931	32699011	10129
13	32705808	32705976	10129
13	32709040	32709132	10129
13	32709221	32709319	10129
13	32711007	32711108	10129
13	32721418	32721521	10129
13	32721975	32722083	10129
13	32723884	32723970	10129
13	32729627	32729798	10129
13	32731409	32731541	10129
13	32735280	32735387	10129
13	32745148	32745406	10129
13	32747503	32747685	10129
13	32749682	32749768	10129
13	32752313	32752572	10129
13	32752980	32753169	10129
13	32753811	32753935	10129
13	32757113	32757170	10129
13	32757606	32757774	90627
13	32758736	32758827	10129
13	32759112	32759284	10129
13	32760396	32760556	10129
13	32761682	32761792	10129
13	32768279	32768433	10129
13	32776077	32776176	10129
13	32776492	32776663	10129
13	32782989	32783245	10129
13	32783721	32783867	10129
13	32785002	32785170	10129
13	32786428	32786518	10129
13	32792885	32792967	10129
13	32798371	32798521	10129
13	32799069	32799172	10129
13	32799925	32800110	10129
13	32802592	32802790	10129
13	32805315	32805436	10129
13	32808710	32808897	10129
13	32810214	32810308	10129
13	32811515	32812122	10129
13	32813388	32813485	10129
13	32813847	32814017	10129
13	32818178	32818318	10129
13	32821459	32821638	10129
13	32823662	32823823	10129
13	32826014	32826088	10129
13	32828360	32828530	10129
13	32835752	32835952	10129
13	32836450	32836611	10129
13	32839586	32839752	10129
13	32841306	32841495	10129
13	32848978	32849127	10129
13	32850600	32850698	10129
13	32852601	32852684	10129
13	32863769	32863879	10129
13	32868504	32868706	10129
13	32869338	32869596	10129
13	32878015	32878158	646799
13	32882822	32882896	646799
13	32884775	32884867	646799
13	32885408	32886061	646799
13	32890597	32890663	675
13	32893213	32893461	675
13	32899212	32899320	675
13	32900237	32900286	675
13	32900378	32900418	675
13	32900635	32900749	675
13	32903579	32903628	675
13	32905055	32905166	675
13	32906408	32907523	675
13	32910401	32915332	675
13	32918694	32918789	675
13	32920963	32921032	675
13	32928997	32929424	675
13	32930564	32930745	675
13	32931878	32932065	675
13	32936659	32936829	675
13	32937315	32937669	675
13	32944538	32944693	675
13	32945092	32945236	675
13	32950806	32950927	675
13	32953453	32953651	675
13	32953886	32954049	675
13	32954143	32954281	675
13	32968825	32969069	675
13	32971034	32971180	675
13	32972298	32972906	675
13	32977078	32977336	90634
13	32978339	32978407	90634
13	32978457	32978533	90634
13	32981386	32981474	90634
13	32981781	32981908	90634
13	33002040	33002218	90634
13	33010518	33010541	10443
13	33012788	33012873	10443
13	33016524	33018262	10443
13	33091938	33092139	10443
13	33095509	33095585	10443
13	33096318	33096406	10443
13	33101544	33101668	10443
13	33109905	33111163	10443
13	33222909	33223016	23047
13	33225940	33226143	23047
13	33232375	33232461	23047
13	33232570	33232667	23047
13	33233290	33233416	23047
13	33241900	33241980	23047
13	33247352	33247492	23047
13	33249980	33250095	23047
13	33252971	33253065	23047
13	33258014	33258159	23047
13	33261270	33261421	23047
13	33262592	33262705	23047
13	33268359	33268440	23047
13	33270990	33271038	23047
13	33273866	33274005	23047
13	33275459	33275574	23047
13	33281070	33281175	23047
13	33284082	33284242	23047
13	33306237	33306360	23047
13	33309308	33309466	23047
13	33315217	33315285	23047
13	33316728	33316864	23047
13	33320114	33320237	23047
13	33327469	33327673	23047
13	33329979	33330093	23047
13	33332224	33332356	23047
13	33332671	33332790	23047
13	33333765	33333827	23047
13	33334712	33334857	23047
13	33338626	33338731	23047
13	33344258	33344697	23047
13	33344791	33344898	23047
13	33347326	33347461	23047
13	33349154	33349189	23047
13	33590578	33591396	9365
13	33627903	33628413	9365
13	33629183	33629451	9365
13	33634815	33635916	9365
13	33637985	33638322	9365
13	33679729	33679846	90627
13	33680894	33681070	90627
13	33684009	33684226	90627
13	33684822	33685043	90627
13	33685914	33686028	90627
13	33686857	33687067	90627
13	33692201	33692399	90627
13	33700217	33700376	90627
13	33701509	33701682	90627
13	33703065	33704425	90627
13	33716446	33716478	90627
13	33716478	33716509	90627
13	33739473	33739554	90627
13	33741687	33741758	90627
13	33760014	33760158	90627
13	33859606	33859774	90627
13	34392315	34392401	5983
13	34395268	34395405	5983
13	34398053	34398120	5983
13	34399925	34400022	5983
13	34403972	34404153	5983
13	34404855	34404991	5983
13	34405392	34405490	5983
13	34409284	34409353	5983
13	34410240	34410431	5983
13	34540223	34540261	5983
13	35516957	35517250	26960
13	35615069	35615300	26960
13	35619083	35619183	26960
13	35619442	35619537	26960
13	35622699	35622820	26960
13	35624405	35624531	26960
13	35630146	35630265	26960
13	35632853	35632999	26960
13	35644044	35644241	26960
13	35644855	35644988	26960
13	35672433	35672541	26960
13	35683426	35683578	26960
13	35684946	35685114	26960
13	35691550	35691629	26960
13	35692364	35692426	26960
13	35692513	35692610	26960
13	35697618	35697710	26960
13	35716405	35716513	26960
13	35729910	35729991	26960
13	35730219	35730342	26960
13	35731214	35731406	26960
13	35733152	35734168	26960
13	35735886	35736103	26960
13	35738492	35738645	26960
13	35743123	35743131	26960
13	35745408	35745588	26960
13	35747600	35747730	26960
13	35751132	35751239	26960
13	35756496	35756664	26960
13	35758112	35758207	26960
13	35770000	35770438	26960
13	35782836	35782990	26960
13	35785189	35785315	26960
13	35806628	35806755	26960
13	35864525	35864586	26960
13	35883664	35883728	26960
13	35923244	35923352	26960
13	35926293	35926459	26960
13	36006405	36006529	26960
13	36026228	36026371	26960
13	36046536	36046672	26960
13	36049195	36050274	4081
13	36124613	36124730	26960
13	36125066	36125168	26960
13	36129123	36129238	26960
13	36141041	36141153	26960
13	36158034	36158174	26960
13	36167464	36167583	26960
13	36180562	36180714	26960
13	36202217	36202384	26960
13	36220395	36220484	26960
13	36223791	36223983	26960
13	36225941	36226012	26960
13	36228991	36229146	26960
13	36229715	36229885	26960
13	36239221	36239322	26960
13	36241510	36241706	26960
13	36242504	36242655	26960
13	36245037	36245127	26960
13	36348778	36348835	9201
13	36362348	36362421	9201
13	36367502	36367615	9201
13	36379835	36379915	9201
13	36382360	36382456	9201
13	36383154	36383231	9201
13	36384971	36385104	9201
13	36396865	36397011	9201
13	36401771	36401890	9201
13	36402386	36402443	9201
13	36410169	36410277	9201
13	36413228	36413312	9201
13	36428635	36428729	9201
13	36445360	36445476	9201
13	36521494	36521593	9201
13	36686005	36686351	9201
13	36699898	36700273	9201
13	36743170	36743190	54937
13	36744667	36744923	54937
13	36747828	36747946	54937
13	36748612	36748703	54937
13	36748858	36749005	54937
13	36764082	36764192	54937
13	36765931	36766030	54937
13	36767757	36767861	54937
13	36767942	36768003	54937
13	36776015	36776229	54937
13	36788615	36788662	54937
13	36801337	36801517	728591
13	36805329	36805428	728591
13	36822742	36822818	728591
13	36827939	36827992	728591
13	36828181	36828279	728591
13	36857605	36857613	728591
13	36857613	36857645	728591
13	36857728	36857742	728591
13	36857742	36857838	728591
13	36869914	36869993	728591
13	36871773	36871855	728591
13	36878501	36878768	23111
13	36886281	36886371	23111
13	36886455	36886613	23111
13	36888363	36888557	23111
13	36900711	36900834	23111
13	36903498	36903653	23111
13	36905535	36905732	23111
13	36909157	36909966	23111
13	37006758	37006865	8900
13	37007169	37007357	8900
13	37011765	37012011	8900
13	37012203	37012327	8900
13	37012780	37013003	8900
13	37014115	37014319	8900
13	37015254	37015367	8900
13	37016307	37016440	8900
13	37016750	37016801	8900
13	37269215	37269538	400120
13	37393494	37394093	5994
13	37399564	37399671	5994
13	37401779	37401889	5994
13	37422812	37422955	4093
13	37427555	37427811	4093
13	37439673	37439894	4093
13	37441409	37441519	4093
13	37446794	37447051	4093
13	37453414	37453825	4093
13	37524078	37524193	29880
13	37526650	37526735	29880
13	37539711	37539862	29880
13	37546113	37546172	29880
13	37559763	37559876	29880
13	37563620	37563691	29880
13	37563691	37563712	29880
13	37567740	37567808	29880
13	37569125	37569171	29880
13	37569561	37569732	29880
13	37573371	37573436	29880
13	37574942	37574958	11340
13	37576409	37576445	11340
13	37576624	37576687	11340
13	37577070	37577143	11340
13	37578652	37578697	11340
13	37580056	37580161	11340
13	37580251	37580296	11340
13	37581111	37581207	11340
13	37582193	37582313	11340
13	37582865	37582971	11340
13	37583320	37583435	11340
13	37583808	37583945	55578
13	37584688	37584791	55578
13	37586328	37586433	55578
13	37591381	37591500	55578
13	37593478	37593533	55578
13	37595584	37595738	55578
13	37596147	37596216	55578
13	37598171	37598329	55578
13	37598476	37598578	55578
13	37599456	37599573	55578
13	37600340	37600372	55578
13	37600926	37600952	55578
13	37602284	37602441	55578
13	37603901	37603972	55578
13	37605703	37605759	55578
13	37605875	37606031	55578
13	37607585	37607724	55578
13	37614541	37614594	55578
13	37614712	37614828	55578
13	37618214	37618317	55578
13	37619383	37619509	55578
13	37619509	37619512	55578
13	37621671	37621737	55578
13	37622014	37622072	55578
13	37622700	37622735	55578
13	37625624	37625626	55578
13	37678379	37679392	122011
13	38137469	38137506	10631
13	38138655	38138696	10631
13	38143436	38143519	10631
13	38143880	38143957	10631
13	38144716	38144805	10631
13	38145505	38145594	10631
13	38148708	38148788	10631
13	38151889	38151934	10631
13	38152980	38153047	10631
13	38153155	38153257	10631
13	38153365	38153495	10631
13	38153997	38154127	10631
13	38154697	38154833	10631
13	38156502	38156650	10631
13	38158105	38158239	10631
13	38158852	38159064	10631
13	38160275	38160416	10631
13	38160918	38161064	10631
13	38161958	38162122	10631
13	38164508	38164665	10631
13	38166236	38166300	10631
13	38171320	38171418	10631
13	38172744	38172862	10631
13	38211039	38211361	7223
13	38211361	38211367	7223
13	38211367	38211761	7223
13	38213176	38213265	7223
13	38213394	38213435	7223
13	38225386	38225595	7223
13	38229224	38229419	7223
13	38237552	38237865	7223
13	38248364	38248503	7223
13	38266135	38266471	7223
13	38320073	38320591	7223
13	38357092	38357469	7223
13	38924056	38924057	51569
13	38924135	38924191	51569
13	38928375	38928432	51569
13	38932229	38932268	51569
13	38933437	38933469	51569
13	38934847	38934914	51569
13	39261481	39266653	341640
13	39271834	39271923	341640
13	39338440	39338586	341640
13	39343714	39343944	341640
13	39357206	39357331	341640
13	39358693	39358944	341640
13	39420709	39420858	341640
13	39422597	39422806	341640
13	39424174	39424371	341640
13	39425080	39425244	341640
13	39425822	39426004	341640
13	39430262	39430392	341640
13	39432011	39432169	341640
13	39433423	39433726	341640
13	39435567	39435698	341640
13	39438411	39438742	341640
13	39446878	39447070	341640
13	39448618	39448722	341640
13	39450158	39450285	341640
13	39450384	39450518	341640
13	39451253	39451379	341640
13	39452270	39452457	341640
13	39452967	39453113	341640
13	39454420	39454923	341640
13	39540961	39541185	161003
13	39542536	39542670	161003
13	39544321	39544524	161003
13	39546648	39546730	161003
13	39550676	39550748	161003
13	39550830	39550933	161003
13	39554188	39554212	161003
13	39564806	39564857	161003
13	39585501	39585623	80209
13	39586219	39586369	80209
13	39586827	39588612	80209
13	39591636	39591680	80209
13	39596462	39596548	80209
13	39597188	39597266	80209
13	39598609	39598692	80209
13	39600413	39600523	80209
13	39602363	39602456	80209
13	39603417	39603511	80209
13	39605699	39605767	80209
13	39608267	39608332	80209
13	39611334	39611378	80209
13	39612776	39612859	387921
13	39613272	39613424	387921
13	39613700	39613847	387921
13	39616241	39616441	387921
13	39618226	39618317	387921
13	39621176	39621288	387921
13	39621810	39622062	387921
13	39918072	39918190	10186
13	39952564	39952662	10186
13	40174968	40175352	10186
13	40229863	40230015	57511
13	40233500	40233643	57511
13	40234946	40235017	57511
13	40239232	40239290	57511
13	40251604	40251715	57511
13	40253674	40253756	57511
13	40254111	40254181	57511
13	40256307	40256400	57511
13	40261639	40261767	57511
13	40261844	40261935	57511
13	40263896	40263960	57511
13	40268770	40268861	57511
13	40273637	40273754	57511
13	40293372	40293503	57511
13	40293796	40293963	57511
13	40297469	40297576	57511
13	40298644	40298697	57511
13	40301605	40301684	57511
13	40325082	40325229	57511
13	40362471	40362492	57511
13	40783664	40783717	79612
13	40788981	40789065	79612
13	40790941	40791045	79612
13	40792802	40792959	79612
13	40795191	40795325	79612
13	40797833	40797986	79612
13	40800859	40800978	79612
13	40803409	40803504	79612
13	40827279	40827307	79612
13	41133659	41134996	2308
13	41239719	41240348	2308
13	41303507	41303736	10240
13	41323273	41323416	10240
13	41328154	41328227	10240
13	41331008	41331148	10240
13	41333083	41333241	10240
13	41340881	41341168	10240
13	41345120	41345271	10240
13	41367362	41367416	10166
13	41373192	41373450	10166
13	41379253	41379390	10166
13	41381429	41381598	10166
13	41382573	41382731	10166
13	41383678	41383802	10166
13	41507560	41508163	1997
13	41515056	41515505	1997
13	41517087	41517279	1997
13	41517977	41518060	1997
13	41523941	41524036	1997
13	41524036	41524108	1997
13	41525464	41525571	1997
13	41532971	41533151	1997
13	41556118	41556189	1997
13	41635809	41635810	11193
13	41636779	41636851	11193
13	41639151	41639213	11193
13	41639299	41639422	11193
13	41642696	41642872	11193
13	41645662	41645708	11193
13	41646917	41646992	11193
13	41650179	41650372	11193
13	41654781	41654944	11193
13	41656839	41657049	11193
13	41704622	41706646	89890
13	41766338	41768392	84078
13	41791250	41791363	9617
13	41797391	41797489	9617
13	41800567	41800703	9617
13	41808025	41808142	9617
13	41814396	41814568	9617
13	41826780	41826887	9617
13	41827084	41827165	9617
13	41828664	41828755	9617
13	41834628	41835042	9617
13	41885664	41885717	79612
13	41890981	41891065	79612
13	41892941	41893045	79612
13	41894802	41894959	79612
13	41897191	41897325	79612
13	41899833	41899986	79612
13	41902859	41902978	79612
13	41905409	41905504	79612
13	41910785	41910891	79612
13	41929279	41929351	79612
13	41932439	41932608	79612
13	41932608	41932641	79612
13	41932945	41933097	79612
13	41936166	41936294	79612
13	41941574	41941787	79612
13	41943225	41943418	79612
13	41946338	41946446	79612
13	41946867	41946965	79612
13	41947772	41947915	79612
13	41948877	41948974	79612
13	41949540	41949737	79612
13	42031843	42031891	28984
13	42032420	42032605	28984
13	42040958	42041065	28984
13	42042911	42042973	28984
13	42044613	42044620	28984
13	42142332	42142440	23078
13	42144603	42144841	23078
13	42149875	42149973	23078
13	42161647	42161805	23078
13	42164775	42164900	23078
13	42179303	42179411	23078
13	42185711	42185867	23078
13	42189111	42189219	23078
13	42245081	42245282	23078
13	42249350	42249431	23078
13	42259182	42259377	23078
13	42263489	42263643	23078
13	42264301	42264410	23078
13	42265455	42265580	23078
13	42266009	42266073	23078
13	42266997	42267107	23078
13	42273206	42273405	23078
13	42275527	42275665	23078
13	42277438	42277546	23078
13	42293722	42293877	23078
13	42295505	42295710	23078
13	42301329	42301448	23078
13	42303677	42303812	23078
13	42306215	42306290	23078
13	42335263	42335339	23078
13	42352120	42352191	23078
13	42357930	42358036	23078
13	42361572	42361678	23078
13	42385360	42385475	23078
13	42390833	42390910	23078
13	42393353	42393521	23078
13	42404664	42404777	23078
13	42407506	42407666	23078
13	42439871	42439948	23078
13	42440037	42440171	23078
13	42442481	42442612	23078
13	42457522	42457626	23078
13	42460055	42460163	23078
13	42460916	42460965	23078
13	42461332	42461496	23078
13	42465555	42465722	23078
13	42481721	42481831	23078
13	42486173	42486303	23078
13	42524071	42524148	23078
13	42534988	42535150	23078
13	42622909	42623100	160851
13	42701598	42701708	160851
13	42703687	42703767	160851
13	42729426	42729530	160851
13	42729802	42729934	160851
13	42733401	42733507	160851
13	42734146	42734271	160851
13	42739466	42739568	160851
13	42740650	42740809	160851
13	42742575	42742683	160851
13	42742814	42742953	160851
13	42748195	42748279	160851
13	42752270	42752355	160851
13	42761184	42761283	160851
13	42763171	42763444	160851
13	42764538	42764660	160851
13	42769020	42769151	160851
13	42772613	42772730	160851
13	42773701	42773811	160851
13	42773948	42774044	160851
13	42780174	42780281	160851
13	42783094	42783207	160851
13	42783466	42783600	160851
13	42784737	42784900	160851
13	42788642	42788747	160851
13	42789710	42789802	160851
13	42793365	42793484	160851
13	42793821	42793929	160851
13	42795399	42795529	160851
13	42803234	42803286	160851
13	42803286	42803323	160851
13	42860484	42860534	11215
13	42866520	42866636	11215
13	42869830	42869877	11215
13	42871183	42871317	11215
13	42872668	42872932	11215
13	42873498	42877998	11215
13	42882589	42882744	11215
13	42887182	42887265	11215
13	42888029	42888075	11215
13	42891663	42891823	11215
13	42893223	42893363	11215
13	43148439	43148657	8600
13	43155261	43155428	8600
13	43174887	43174932	8600
13	43175018	43175116	8600
13	43180632	43181053	8600
13	43358203	43358301	144809
13	43360898	43361018	144809
13	43362726	43362925	144809
13	43462385	43462637	94240
13	43463346	43463377	94240
13	43469144	43469243	94240
13	43474445	43474518	94240
13	43491676	43491759	94240
13	43493435	43493467	94240
13	43500471	43500564	94240
13	43528083	43528156	94240
13	43537390	43537473	94240
13	43538201	43538274	94240
13	43543229	43543312	94240
13	43544747	43544805	94240
13	43566113	43566300	94240
13	43597762	43597869	29103
13	43639821	43639872	29103
13	43643065	43643138	29103
13	43652747	43652823	29103
13	43659903	43659973	29103
13	43681313	43681383	29103
13	43788125	43788256	55068
13	43798188	43798273	55068
13	43810771	43810873	55068
13	43839533	43839589	55068
13	43843605	43843712	55068
13	43872481	43872665	55068
13	43896519	43896636	55068
13	43900554	43900660	55068
13	43918673	43918885	55068
13	43930054	43930287	55068
13	43933986	43934192	55068
13	43935414	43935587	55068
13	43986051	43986188	55068
13	43986980	43987049	55068
13	44411415	44411564	160857
13	44432916	44433032	160857
13	44433807	44434205	160857
13	44442829	44442938	160857
13	44443466	44443511	160857
13	44455121	44455682	144811
13	44456320	44456498	144811
13	44457906	44458071	144811
13	44462892	44463117	144811
13	44464249	44464408	144811
13	44948161	44948244	387923
13	44953776	44953848	387923
13	44971407	44971447	387923
13	45008761	45009018	8848
13	45010179	45010230	8848
13	45010639	45010763	8848
13	45147298	45150209	8848
13	45515340	45515456	26747
13	45517576	45517808	26747
13	45523856	45523972	26747
13	45533515	45533708	26747
13	45539978	45540070	26747
13	45553324	45553400	26747
13	45554024	45554086	26747
13	45554856	45554954	26747
13	45556206	45556288	26747
13	45563159	45563570	26747
13	45563789	45563876	55425
13	45578439	45578571	55425
13	45580336	45580437	55425
13	45582929	45583013	55425
13	45589086	45589217	55425
13	45589566	45589730	55425
13	45594464	45594562	55425
13	45601919	45602137	55425
13	45694790	45694855	2963
13	45710867	45710940	2963
13	45723904	45723922	2963
13	45725821	45725965	2963
13	45767922	45768701	386618
13	45781558	45781639	2963
13	45827005	45827104	2963
13	45841367	45841510	2963
13	45857576	45857695	2963
13	45911520	45911522	7178
13	45912794	45912910	7178
13	45913631	45913736	7178
13	45914128	45914318	7178
13	45914846	45914919	7178
13	45915176	45915203	7178
13	45970108	45970149	253512
13	45971392	45971472	253512
13	45973074	45973212	253512
13	45975217	45975341	253512
13	45976409	45976504	253512
13	45978461	45978546	253512
13	45980017	45980111	253512
13	45983061	45983208	253512
13	45985496	45985559	253512
13	46039171	46039344	83548
13	46050335	46050481	83548
13	46053139	46053200	83548
13	46054259	46054424	83548
13	46055364	46055438	83548
13	46056515	46056607	83548
13	46057364	46057489	83548
13	46060629	46060709	83548
13	46065049	46065092	83548
13	46065546	46065672	83548
13	46066293	46066384	83548
13	46067481	46067620	83548
13	46070286	46070446	83548
13	46077378	46077483	83548
13	46083826	46083950	83548
13	46085899	46085988	83548
13	46090277	46090397	83548
13	46092896	46092984	83548
13	46093094	46093228	83548
13	46099110	46099185	83548
13	46103925	46104052	83548
13	46104816	46104914	83548
13	46108836	46108865	83548
13	46115596	46115814	220081
13	46118894	46119119	220081
13	46124027	46124179	220081
13	46124365	46124450	220081
13	46135503	46135660	220081
13	46137861	46137922	220081
13	46142449	46142585	220081
13	46148976	46149064	220081
13	46154067	46154108	220081
13	46154737	46154799	220081
13	46161197	46161366	220081
13	46164783	46164831	220081
13	46170503	46171139	220081
13	46276525	46276599	220082
13	46276909	46276989	220082
13	46287316	46288506	220082
13	46357517	46358191	283514
13	46425629	46425763	283514
13	46537956	46538176	23091
13	46539414	46539566	23091
13	46541638	46542162	23091
13	46542882	46544105	23091
13	46544496	46544599	23091
13	46549417	46549972	23091
13	46553947	46554138	23091
13	46559431	46559895	23091
13	46562921	46563231	23091
13	46577273	46577470	23091
13	46584482	46584639	23091
13	46585549	46585688	23091
13	46594583	46594691	23091
13	46616298	46616409	23091
13	46619089	46619198	23091
13	46619525	46619641	23091
13	46627748	46627774	1361
13	46627774	46627825	1361
13	46627825	46627932	1361
13	46629896	46629983	1361
13	46632313	46632515	1361
13	46638782	46638875	1361
13	46641441	46641551	1361
13	46648007	46648111	1361
13	46652934	46653035	1361
13	46656575	46656683	1361
13	46658353	46658477	1361
13	46661879	46661954	1361
13	46679070	46679143	1361
13	46701725	46701857	3936
13	46704948	46705072	3936
13	46708261	46708384	3936
13	46716426	46716559	3936
13	46717424	46717538	3936
13	46718576	46718654	3936
13	46721042	46721237	3936
13	46722486	46722581	3936
13	46725070	46725212	3936
13	46726914	46727079	3936
13	46728939	46729020	3936
13	46730572	46730704	3936
13	46732656	46732785	3936
13	46732960	46733123	3936
13	46733733	46733796	3936
13	46917519	46917631	80183
13	46918875	46918965	80183
13	46919581	46919734	80183
13	46923420	46923481	80183
13	46924247	46924485	80183
13	46930566	46930630	80183
13	46933620	46933765	80183
13	46935575	46935707	80183
13	46936672	46936732	80183
13	46937249	46937347	80183
13	46942176	46942383	80183
13	46942867	46942949	80183
13	46946075	46946609	80183
13	47127531	47127837	23143
13	47224335	47224479	23143
13	47243164	47243290	23143
13	47255875	47255980	23143
13	47260039	47260175	23143
13	47261986	47262113	23143
13	47263267	47263330	23143
13	47266670	47266775	23143
13	47269027	47269151	23143
13	47273470	47273537	23143
13	47275255	47275341	23143
13	47279202	47279291	23143
13	47279402	47279438	23143
13	47285925	47285978	23143
13	47286659	47286731	23143
13	47289694	47289798	23143
13	47297355	47297464	23143
13	47302981	47303118	23143
13	47308055	47308132	23143
13	47315776	47315982	23143
13	47324674	47324784	23143
13	47345550	47345630	2098
13	47351590	47351757	2098
13	47354069	47354167	2098
13	47355630	47355749	2098
13	47356801	47356925	2098
13	47358386	47358484	2098
13	47361155	47361243	2098
13	47365480	47365547	2098
13	47408971	47409773	3356
13	47466524	47466724	3356
13	47469629	47470040	3356
13	47470808	47470967	3356
13	48517505	48517579	8803
13	48523074	48523162	8803
13	48523617	48523737	8803
13	48528274	48528416	8803
13	48528530	48528691	8803
13	48542729	48542867	8803
13	48547398	48547526	8803
13	48562675	48562837	8803
13	48563016	48563115	8803
13	48570977	48571157	8803
13	48575315	48575404	8803
13	48611882	48612039	55270
13	48615055	48615251	55270
13	48619795	48619934	55270
13	48651274	48651446	29079
13	48653979	48654110	29079
13	48655780	48655866	29079
13	48657506	48657563	29079
13	48660417	48660587	29079
13	48664487	48664553	29079
13	48669089	48669213	29079
13	48807496	48807612	9445
13	48827943	48828071	9445
13	48830312	48830518	9445
13	48832261	48832371	9445
13	48832932	48833082	9445
13	48835274	48835359	9445
13	48878048	48878184	5925
13	48881415	48881541	5925
13	48916734	48916849	5925
13	48919215	48919334	5925
13	48921960	48921998	5925
13	48923091	48923158	5925
13	48934152	48934262	5925
13	48936950	48937092	5925
13	48939029	48939106	5925
13	48941629	48941738	5925
13	48942662	48942739	5925
13	48947540	48947627	5925
13	48951053	48951169	5925
13	48953729	48953785	5925
13	48954188	48954219	5925
13	48954300	48954376	5925
13	48955382	48955578	5925
13	48985524	48986558	10161
13	49027128	49027246	5925
13	49030339	49030484	5925
13	49033823	49033968	5925
13	49037866	49037970	5925
13	49039133	49039246	5925
13	49039340	49039503	5925
13	49047495	49047525	5925
13	49050836	49050978	5925
13	49051490	49051539	5925
13	49054133	49054206	5925
13	49064246	49064386	1102
13	49070326	49070456	1102
13	49073756	49073895	1102
13	49075877	49076003	1102
13	49076859	49077049	1102
13	49084764	49084906	1102
13	49085905	49086012	1102
13	49086151	49086309	1102
13	49086864	49087030	1102
13	49089340	49089490	1102
13	49089721	49089876	1102
13	49096033	49096074	1102
13	49280953	49281993	57105
13	49580326	49580424	22862
13	49649424	49649499	22862
13	49684535	49684541	22862
13	49688790	49688866	22862
13	49705272	49705509	22862
13	49710467	49710736	22862
13	49712882	49712940	22862
13	49719913	49720070	22862
13	49741379	49741438	22862
13	49742748	49742886	22862
13	49746178	49746231	22862
13	49748570	49748694	22862
13	49749502	49749676	22862
13	49752703	49752789	22862
13	49760099	49760237	22862
13	49761257	49761325	22862
13	49762650	49762768	22862
13	49765150	49765255	22862
13	49765344	49765519	22862
13	49771012	49771125	22862
13	49771860	49772009	22862
13	49772117	49772400	22862
13	49772497	49772709	22862
13	49775935	49776101	22862
13	49777292	49777419	22862
13	49781216	49781530	22862
13	49794473	49795373	2862
13	49796175	49796512	2862
13	49822173	49822254	81602
13	49823006	49823100	81602
13	49829974	49830048	81602
13	49833481	49833658	81602
13	49841625	49842194	81602
13	49848426	49848475	81602
13	49852485	49852654	81602
13	49854644	49854833	81602
13	49860357	49860417	81602
13	49865819	49865892	81602
13	49884949	49885128	81617
13	49906082	49906225	81617
13	49913812	49913877	81617
13	49918314	49918373	81617
13	49924879	49925047	81617
13	49933849	49933967	81617
13	49951102	49951266	81617
13	49956935	49957045	81617
13	50026029	50026044	83852
13	50034242	50034367	83852
13	50035232	50035297	83852
13	50038156	50038191	83852
13	50041999	50042095	83852
13	50050611	50051174	83852
13	50054354	50054470	83852
13	50055082	50055251	83852
13	50056872	50057097	83852
13	50057599	50057698	83852
13	50059765	50059858	83852
13	50062425	50062765	83852
13	50064957	50065045	83852
13	50065867	50065984	83852
13	50070137	50070230	51131
13	50080770	50080891	51131
13	50087194	50087301	51131
13	50092153	50092286	51131
13	50095029	50095075	51131
13	50096178	50096242	51131
13	50097310	50097376	51131
13	50098220	50098351	51131
13	50100522	50100593	51131
13	50102646	50102800	51131
13	50108257	50108397	55213
13	50115011	50115141	55213
13	50115811	50115962	55213
13	50118872	50118998	55213
13	50123593	50123783	55213
13	50125461	50125603	55213
13	50126313	50126420	55213
13	50129650	50129808	55213
13	50134053	50134219	55213
13	50140753	50140903	55213
13	50141289	50141414	55213
13	50204583	50205173	115761
13	50235103	50235343	84650
13	50237192	50237330	84650
13	50243912	50243981	84650
13	50265389	50265559	84650
13	50275935	50276033	3839
13	50276521	50276615	3839
13	50279756	50279918	3839
13	50280233	50280304	3839
13	50280403	50280507	3839
13	50283707	50283835	3839
13	50285026	50285157	3839
13	50293910	50293954	3839
13	50296090	50296259	3839
13	50296612	50296698	3839
13	50299551	50299636	3839
13	50306506	50306601	3839
13	50306740	50306792	3839
13	50306882	50306911	3839
13	50307092	50307181	3839
13	50321084	50321128	3839
13	50366573	50366641	3839
13	50478948	50479045	2974
13	50479126	50479277	2974
13	50482209	50482363	2974
13	50488317	50488463	2974
13	50489052	50489198	2974
13	50489198	50489200	57213,2974
13	50489200	50489295	57213
13	50492534	50492854	2974
13	50495613	50495715	57213
13	50496236	50496452	2974
13	50497470	50497573	2974
13	50498838	50498949	2974
13	50500344	50500540	2974
13	50501730	50501829	2974
13	50502054	50502220	57213
13	50505153	50505269	57213
13	50506139	50506240	2974
13	50510265	50510370	57213
13	50575241	50575243	10206
13	50586070	50587299	10206
13	50589629	50590206	283518
13	50592958	50593055	283518
13	50594349	50594362	283518
13	50594362	50594589	283518
13	51287352	51287375	220107
13	51417323	51417781	220107
13	51484212	51484275	79621
13	51501542	51501613	79621
13	51503610	51503717	79621
13	51504818	51504894	79621
13	51509020	51509134	79621
13	51517456	51517529	79621
13	51519562	51519667	79621
13	51522122	51522203	79621
13	51523598	51523640	79621
13	51528040	51528120	79621
13	51530493	51530609	79621
13	51544067	51544099	79621
13	51796637	51796704	220108
13	51805483	51805514	220108
13	51819447	51819554	220108
13	51825603	51826336	220108
13	51854585	51855391	220108
13	51915227	51915482	647174
13	51918387	51918620	647174
13	51921160	51921369	647174
13	51922348	51922546	647174
13	51929178	51929278	647174
13	51935413	51935499	647174
13	51935945	51936132	647174
13	51939887	51939980	26512
13	51941940	51942033	26512
13	51943074	51943445	26512
13	51948343	51948574	26512
13	51948789	51948931	26512
13	51950183	51950309	26512
13	51952374	51952589	26512
13	51953597	51953707	26512
13	51956164	51956258	26512
13	51957464	51957596	26512
13	51957724	51957876	26512
13	51961521	51961675	26512
13	51963454	51963579	26512
13	51969435	51969618	26512
13	52004429	52004518	26512
13	52025151	52025309	26512
13	52026113	52026190	26512
13	52026550	52026621	26512
13	52026621	52026660	26512
13	52158823	52158959	115825
13	52234731	52234798	115825
13	52249305	52249378	115825
13	52277731	52277785	115825
13	52293333	52293483	115825
13	52301813	52301925	115825
13	52313184	52313310	115825
13	52325445	52325550	115825
13	52329493	52329594	115825
13	52330467	52330597	115825
13	52332327	52332435	115825
13	52333875	52333904	115825
13	52343259	52343428	79758
13	52345374	52345630	79758
13	52345956	52346046	79758
13	52348065	52348169	79758
13	52351195	52351256	79758
13	52364146	52364227	79758
13	52365300	52365392	79758
13	52373669	52373794	79758
13	52439514	52440215	83446
13	52508891	52509164	540
13	52509728	52509830	540
13	52511411	52511528	540
13	52511611	52511814	540
13	52513186	52513328	540
13	52515216	52515359	540
13	52516521	52516689	540
13	52518244	52518426	540
13	52520419	52520613	540
13	52523797	52523931	540
13	52524142	52524296	540
13	52524407	52524534	540
13	52531651	52531742	540
13	52532446	52532679	540
13	52534283	52534457	540
13	52535972	52536048	540
13	52539007	52539168	540
13	52542579	52542742	540
13	52544627	52544884	540
13	52548070	52549303	540
13	52585422	52585472	540
13	52586554	52586597	440138
13	52593048	52593278	440138
13	52598141	52599072	440138
13	52602454	52602725	440138
13	52602940	52605240	9724
13	52639542	52639744	341676
13	52646079	52646205	341676
13	52649893	52649961	341676
13	52650198	52650278	341676
13	52656373	52656447	341676
13	52657395	52657487	341676
13	52660412	52660498	341676
13	52661473	52661589	341676
13	52663382	52663448	341676
13	52667189	52667370	341676
13	52673878	52674011	341676
13	52676068	52676149	341676
13	52676227	52676427	341676
13	52678633	52678687	341676
13	52682453	52682539	341676
13	52684475	52684545	341676
13	52684629	52684712	341676
13	52686403	52686500	341676
13	52693454	52693550	341676
13	52701501	52701617	341676
13	52707277	52707361	4752
13	52707824	52707950	4752
13	52709864	52709998	4752
13	52710251	52710394	4752
13	52710935	52711037	4752
13	52718050	52718121	4752
13	52718825	52719025	4752
13	52722549	52722603	4752
13	52725280	52725366	4752
13	52725459	52725526	4752
13	52726743	52726826	4752
13	52728029	52728126	4752
13	52728214	52728307	4752
13	52730209	52730325	4752
13	52951545	52952923	55901
13	52960162	52960320	55901
13	52971366	52972328	55901
13	52976677	52976734	55901
13	52989964	52990057	51028
13	52990151	52990227	51028
13	52991191	52991275	51028
13	52992126	52992190	51028
13	52997708	52997773	51028
13	53000066	53000200	51028
13	53001123	53001200	51028
13	53001321	53001353	51028
13	53007796	53007882	51028
13	53008927	53009016	51028
13	53010424	53010538	51028
13	53013232	53013302	51028
13	53016511	53016579	51028
13	53024633	53024728	51028
13	53029691	53029760	26586
13	53030657	53030741	26586
13	53035030	53035108	26586
13	53035192	53036060	26586
13	53036497	53036701	26586
13	53039429	53039599	26586
13	53042412	53042481	26586
13	53047963	53048218	26586
13	53049029	53049275	26586
13	53216627	53217589	144983
13	53227055	53227092	10910
13	53227180	53227237	10910
13	53231666	53231756	10910
13	53232533	53232602	10910
13	53233313	53233383	10910
13	53235609	53235704	10910
13	53236783	53236836	10910
13	53237230	53237246	10910
13	53238169	53238191	10910
13	53239771	53239867	10910
13	53240946	53241053	10910
13	53250364	53250454	10910
13	53254108	53254289	10910
13	53261868	53261969	10910
13	53277729	53277941	11061
13	53277941	53277944	11061
13	53282670	53282836	11061
13	53286850	53287003	11061
13	53298131	53298244	11061
13	53307353	53307493	11061
13	53313165	53313305	11061
13	53313764	53313835	11061
13	53418694	53419067	5100
13	53419559	53419766	5100
13	53419940	53422570	5100
13	53602971	53603174	10562
13	53608482	53608634	10562
13	53616044	53616256	10562
13	53617239	53617398	10562
13	53624103	53624905	10562
13	57715438	57715489	122183
13	57716511	57717124	122183
13	57722008	57722059	729233
13	57723081	57723694	729233
13	57728581	57728632	729240
13	57729654	57730267	729240
13	57735152	57735203	729246
13	57736225	57736838	729246
13	57741717	57741768	729250
13	57742790	57743403	729250
13	58206680	58209244	27253
13	58240601	58240659	27253
13	58240794	58240966	27253
13	58298745	58299427	27253
13	60240717	60240979	81624
13	60348322	60348381	81624
13	60348861	60348956	81624
13	60384921	60385056	81624
13	60407240	60407404	81624
13	60413457	60413581	81624
13	60435540	60435669	81624
13	60453362	60453601	81624
13	60485868	60485969	81624
13	60490288	60490382	81624
13	60498908	60499003	81624
13	60544077	60544191	81624
13	60544985	60545293	81624
13	60548485	60548589	81624
13	60554928	60554992	81624
13	60557902	60558020	81624
13	60565291	60565407	81624
13	60566201	60566319	81624
13	60566606	60566716	81624
13	60582677	60582782	81624
13	60584666	60584802	81624
13	60590046	60590115	81624
13	60590204	60590278	81624
13	60616823	60616953	81624
13	60667761	60667865	81624
13	60686143	60686319	81624
13	60707090	60707122	81624
13	60737720	60737899	81624
13	60971498	60971538	81550
13	61013821	61013905	81550
13	61018816	61018881	81550
13	61034513	61034673	81550
13	61041371	61041512	81550
13	61057908	61057979	81550
13	61059932	61060081	81550
13	61068568	61068708	81550
13	61083896	61084052	81550
13	61084763	61084888	81550
13	61102500	61103350	81550
13	61109241	61109366	81550
13	61141658	61141774	81550
13	61985375	61988098	64881
13	61989159	61989290	64881
13	66878786	66879159	5101
13	67205341	67205542	5101
13	67477635	67477736	5101
13	67799536	67802571	5101
13	70275833	70275892	57626
13	70281756	70281927	57626
13	70293500	70293712	57626
13	70314525	70314687	57626
13	70370869	70371093	57626
13	70413107	70413293	57626
13	70456414	70456626	57626
13	70514171	70514367	57626
13	70535439	70535575	57626
13	70549751	70549933	57626
13	70681334	70681830	57626
13	72014786	72014823	1602
13	72049272	72049340	1602
13	72049837	72049980	1602
13	72053300	72053447	1602
13	72063128	72063279	1602
13	72131155	72131289	1602
13	72133951	72134086	1602
13	72146971	72147143	1602
13	72204687	72204848	1602
13	72255926	72256041	1602
13	72440053	72440906	1602
13	73284459	73284482	440145
13	73285285	73285424	11278
13	73293089	73293234	440145
13	73301661	73301739	440145
13	73303078	73303230	79866
13	73305418	73305524	79866
13	73309097	73309142	79866
13	73312099	73312180	79866
13	73317674	73317739	79866
13	73317964	73318510	11278
13	73318642	73318698	79866
13	73319118	73319344	79866
13	73320081	73320213	79866
13	73320638	73321248	79866
13	73327827	73327958	79866
13	73329288	73329353	79866
13	73333932	73334015	22894
13	73334666	73334788	22894
13	73335500	73335658	22894
13	73335783	73335951	22894
13	73336060	73336274	22894
13	73337588	73337744	22894
13	73340109	73340195	22894
13	73342922	73343049	22894
13	73345041	73345125	22894
13	73345218	73345282	22894
13	73345932	73346033	22894
13	73346296	73346412	22894
13	73346830	73346976	22894
13	73347821	73347958	22894
13	73348083	73348196	22894
13	73349348	73349512	22894
13	73350062	73350229	22894
13	73351557	73351630	22894
13	73352324	73352517	22894
13	73354983	73355140	22894
13	73355426	73355493	22894
13	73355742	73355969	22894
13	73357607	73357858	10464
13	73366584	73366684	10464
13	73369496	73369694	10464
13	73372044	73372163	10464
13	73395986	73396119	10464
13	73401147	73401255	10464
13	73401870	73402051	10464
13	73409380	73409505	10464
13	73416118	73416207	11278
13	73428194	73428292	10464
13	73467127	73467159	11278
13	73467921	73468086	10464
13	73482668	73482818	10464
13	73491213	73491303	10464
13	73505302	73505404	10464
13	73539411	73539541	10464
13	73547728	73547812	10464
13	73572959	73573132	10464
13	73590006	73590056	10464
13	73633465	73633725	688
13	73635998	73636871	688
13	73637961	73638020	688
13	73649845	73650023	688
13	74269626	74269807	11278
13	74289504	74289661	11278
13	74339074	74339136	11278
13	74387288	74387423	11278
13	74419963	74420509	11278
13	74518117	74518206	11278
13	74569126	74569158	11278
13	75860927	75861160	9882
13	75863069	75863245	9882
13	75866237	75866406	9882
13	75868989	75869148	9882
13	75873465	75873709	9882
13	75876378	75876536	9882
13	75880448	75880606	9882
13	75884077	75884286	9882
13	75886873	75887033	9882
13	75894149	75894172	9882
13	75898372	75898536	9882
13	75900332	75900558	9882
13	75901887	75901961	9882
13	75911056	75911175	9882
13	75915260	75915370	9882
13	75915631	75915722	9882
13	75923305	75923437	9882
13	75930282	75930386	9882
13	75933904	75933993	9882
13	75936161	75936742	9882
13	76055405	76055902	9882
13	76100724	76100774	170622
13	76101948	76101986	170622
13	76104249	76104401	170622
13	76111799	76111810	170622
13	76111899	76111940	170622
13	76123956	76123997	7347
13	76124111	76124122	7347
13	76134888	76135016	7347
13	76140830	76140986	7347
13	76141362	76141447	7347
13	76143595	76143642	7347
13	76169050	76169125	7347
13	76178904	76178962	7347
13	76179864	76179947	7347
13	76195829	76196003	4008
13	76197406	76197455	4008
13	76287317	76287387	4008
13	76301164	76301233	4008
13	76335067	76335173	4008
13	76369536	76369566	4008
13	76370771	76370884	4008
13	76374819	76375017	4008
13	76378424	76378676	4008
13	76379614	76379895	4008
13	76381615	76382334	4008
13	76383289	76383318	4008
13	76391296	76391413	4008
13	76393528	76393670	4008
13	76395312	76395744	4008
13	76397700	76398008	4008
13	76407186	76407300	4008
13	76408361	76408522	4008
13	76409368	76409474	4008
13	76410532	76410592	4008
13	76412275	76412331	4008
13	76414220	76414245	4008
13	76414526	76414630	4008
13	76415244	76415336	4008
13	76415763	76416118	4008
13	76416986	76417051	4008
13	76419462	76419514	4008
13	76423214	76423427	4008
13	76427227	76427523	4008
13	76429395	76429503	4008
13	76430641	76430743	4008
13	76432056	76432078	4008
13	76432078	76432148	4008
13	77459305	77460282	115207
13	77566086	77566405	1203
13	77569197	77569362	1203
13	77570036	77570261	1203
13	77574592	77575103	1203
13	77581279	77581922	26224
13	77589543	77589714	26224
13	77592734	77592856	26224
13	77595647	77595994	26224
13	77619512	77619627	23077
13	77625131	77625296	23077
13	77625945	77626052	23077
13	77629692	77629901	23077
13	77631120	77631227	23077
13	77632352	77632540	23077
13	77633657	77633760	23077
13	77635303	77635435	23077
13	77635796	77635924	23077
13	77636730	77636831	23077
13	77638749	77638868	23077
13	77640126	77640222	23077
13	77641715	77641998	23077
13	77642699	77642965	23077
13	77644765	77644845	23077
13	77650885	77650983	23077
13	77651282	77651521	23077
13	77652958	77653023	23077
13	77655561	77655785	23077
13	77655971	77656127	23077
13	77657166	77657326	23077
13	77661618	77661767	23077
13	77662966	77663165	23077
13	77664240	77664397	23077
13	77667299	77667466	23077
13	77669492	77669736	23077
13	77670446	77670615	23077
13	77671504	77673147	23077
13	77695507	77695629	23077
13	77699470	77699602	23077
13	77700452	77700676	23077
13	77713330	77713470	23077
13	77714181	77714297	23077
13	77714980	77715077	23077
13	77718579	77718694	23077
13	77720296	77720351	23077
13	77724868	77725083	23077
13	77730192	77730336	23077
13	77732071	77732243	23077
13	77736040	77736089	23077
13	77738588	77738675	23077
13	77739407	77739525	23077
13	77740463	77740688	23077
13	77742562	77742780	23077
13	77743748	77743848	23077
13	77745626	77745768	23077
13	77748445	77748623	23077
13	77750631	77750762	23077
13	77751882	77752088	23077
13	77754261	77754452	23077
13	77755835	77756056	23077
13	77759237	77759511	23077
13	77760005	77760197	23077
13	77763085	77763181	23077
13	77764386	77764469	23077
13	77765813	77765947	23077
13	77768287	77768378	23077
13	77779390	77779517	23077
13	77779607	77779732	23077
13	77780787	77780959	23077
13	77785301	77785454	23077
13	77786090	77786294	23077
13	77791974	77792091	23077
13	77798585	77798666	23077
13	77799569	77799688	23077
13	77807290	77807397	23077
13	77817193	77817294	23077
13	77817940	77818085	23077
13	77825285	77825489	23077
13	77831805	77831963	23077
13	77834562	77834726	23077
13	77835305	77835509	23077
13	77836187	77836263	23077
13	77837785	77837923	23077
13	77838063	77838136	23077
13	77841975	77842071	23077
13	77844126	77844197	23077
13	77844430	77844672	23077
13	77847606	77847802	23077
13	77852892	77853045	23077
13	77862295	77862510	23077
13	77870733	77870808	23077
13	77900608	77900909	23077
13	78130010	78130052	8796
13	78130730	78130847	8796
13	78133938	78133997	8796
13	78137965	78138033	8796
13	78141814	78141882	8796
13	78142429	78142467	8796
13	78143505	78143585	8796
13	78146258	78146323	8796
13	78163278	78163358	8796
13	78165529	78165594	8796
13	78167648	78167707	8796
13	78171679	78171723	8796
13	78173463	78173522	8796
13	78173823	78173882	8796
13	78176199	78176258	8796
13	78176788	78176847	8796
13	78177210	78177269	8796
13	78178490	78178549	8796
13	78182190	78182249	8796
13	78183192	78183251	8796
13	78184181	78184240	8796
13	78187025	78187075	8796
13	78188027	78188089	8796
13	78191733	78191792	8796
13	78191937	78191996	8796
13	78192138	78192194	8796
13	78202081	78202143	8796
13	78208513	78208584	8796
13	78211254	78211328	8796
13	78214810	78214918	8796
13	78216840	78216942	8796
13	78218392	78218408	8796
13	78293763	78293805	122060
13	78318417	78318566	122060
13	78320648	78320989	122060
13	78327337	78327492	122060
13	78334962	78335244	122060
13	78337279	78337354	122060
13	78470576	78470692	1910
13	78472334	78472468	1910
13	78473993	78474101	1910
13	78474655	78474788	1910
13	78475192	78475341	1910
13	78477290	78477494	1910
13	78477629	78477741	1910
13	78492225	78492707	1910
13	79175549	79176685	5457
13	79177338	79177460	5457
13	79189714	79191256	79596
13	79209244	79209332	79596
13	79212957	79213205	79596
13	79216256	79216347	79596
13	79218996	79219131	79596
13	79233183	79233254	79596
13	79894755	79894844	64062
13	79896483	79896596	64062
13	79908478	79908564	64062
13	79911236	79911436	64062
13	79915257	79915361	64062
13	79916798	79916965	64062
13	79918382	79918456	64062
13	79918803	79918928	64062
13	79928573	79928695	64062
13	79929354	79929518	64062
13	79932408	79932567	64062
13	79933709	79933820	64062
13	79939712	79939852	64062
13	79940189	79940329	64062
13	79940767	79941006	64062
13	79942864	79943124	64062
13	79945079	79945296	64062
13	79945976	79946064	64062
13	79951513	79951649	64062
13	79952923	79953041	64062
13	79979838	79979908	64062
13	80055338	80055658	54602
13	80094944	80095109	54602
13	80107457	80107590	54602
13	80113816	80113909	54602
13	80117692	80117816	54602
13	80122462	80122528	54602
13	80125151	80125254	54602
13	80910892	80911839	10253
13	84453551	84455641	114798
13	86368117	86370642	84189
13	88327643	88330519	26050
13	90800443	90800480	407975
13	90800480	90800655	407975
13	90804187	90804247	407975
13	92051300	92051462	2262
13	92101014	92101175	2262
13	92345440	92346134	2262
13	92380785	92380918	2262
13	92408548	92408673	2262
13	92560190	92560310	2262
13	92797082	92797241	2262
13	93518534	93518691	2262
13	93879709	93879868	10082
13	94197515	94197673	10082
13	94482406	94482797	10082
13	94679982	94680147	10082
13	94938602	94938732	10082
13	94958233	94958376	10082
13	95034667	95034803	10082
13	95050719	95050894	10082
13	95055268	95055470	10082
13	95092151	95092329	1638
13	95095689	95095890	1638
13	95097972	95098014	1638
13	95104860	95104915	1638
13	95112344	95112479	1638
13	95114263	95114442	1638
13	95117886	95118052	1638
13	95118811	95118911	1638
13	95120999	95121298	1638
13	95131214	95131508	1638
13	95227035	95227105	23483
13	95228567	95228664	23483
13	95229624	95229682	23483
13	95230258	95230423	23483
13	95230983	95231026	23483
13	95232147	95232206	23483
13	95233344	95233442	23483
13	95235347	95235489	23483
13	95243106	95243196	23483
13	95244494	95244562	23483
13	95246094	95246160	23483
13	95248304	95248389	23483
13	95254181	95254325	160897
13	95257644	95257802	160897
13	95264443	95264643	160897
13	95271403	95271583	160897
13	95271721	95271770	160897
13	95273331	95273488	160897
13	95275362	95275553	160897
13	95278219	95278296	160897
13	95279266	95279424	160897
13	95363472	95364302	11166
13	95673828	95673935	10257
13	95686858	95686992	10257
13	95695935	95696040	10257
13	95696519	95696691	10257
13	95705348	95705437	10257
13	95714957	95715112	10257
13	95723915	95724106	10257
13	95725457	95725557	10257
13	95726467	95726577	10257
13	95727685	95727804	10257
13	95735393	95735543	10257
13	95748388	95748432	10257
13	95768175	95768254	10257
13	95813442	95813588	10257
13	95815375	95815469	10257
13	95815863	95815900	10257
13	95816631	95816771	10257
13	95818411	95818620	10257
13	95822785	95822881	10257
13	95829960	95830046	10257
13	95830250	95830344	10257
13	95838954	95839145	10257
13	95840706	95840795	10257
13	95847089	95847190	10257
13	95858785	95859034	10257
13	95860053	95860178	10257
13	95861687	95861850	10257
13	95862945	95863034	10257
13	95886863	95887087	10257
13	95899228	95899348	10257
13	95899896	95900006	10257
13	95953494	95953567	10257
13	96086087	96086300	9071
13	96205007	96205226	9071
13	96212385	96212546	9071
13	96212635	96212716	9071
13	96229484	96229591	9071
13	96230153	96230267	9071
13	96234487	96234566	22873
13	96236989	96237163	22873
13	96238259	96238389	22873
13	96239792	96239982	22873
13	96241407	96241460	22873
13	96242056	96242185	22873
13	96242532	96242694	22873
13	96246197	96246339	22873
13	96251618	96251677	22873
13	96258256	96258312	22873
13	96261710	96261766	22873
13	96263698	96263746	22873
13	96264290	96264430	22873
13	96272138	96272200	22873
13	96274596	96274733	22873
13	96277021	96277182	22873
13	96282242	96282366	22873
13	96285487	96285574	22873
13	96293548	96294108	22873
13	96294247	96294282	22873
13	96329509	96329590	5611
13	96361480	96361590	5611
13	96375495	96375619	5611
13	96377431	96377505	5611
13	96409897	96410049	5611
13	96412293	96412474	5611
13	96412932	96413051	5611
13	96415896	96416001	5611
13	96416086	96416206	5611
13	96438192	96438324	5611
13	96439260	96439408	5611
13	96443126	96443283	5611
13	96454043	96454065	55757
13	96485180	96485306	55757
13	96489339	96489455	55757
13	96505796	96505910	55757
13	96506568	96506728	55757
13	96508411	96508593	55757
13	96511844	96511928	55757
13	96513041	96513136	55757
13	96515882	96515967	55757
13	96519592	96519676	55757
13	96529532	96529617	55757
13	96529951	96530109	55757
13	96536744	96536933	55757
13	96540145	96540224	55757
13	96543115	96543217	55757
13	96546815	96546910	55757
13	96547433	96547557	55757
13	96553060	96553191	55757
13	96555107	96555313	55757
13	96577933	96578027	55757
13	96579281	96579379	55757
13	96579466	96579589	55757
13	96589177	96589341	55757
13	96592210	96592344	55757
13	96599290	96599425	55757
13	96600249	96600334	55757
13	96601588	96601707	55757
13	96622365	96622515	55757
13	96624833	96624924	55757
13	96636057	96636117	55757
13	96638586	96638685	55757
13	96642226	96642326	55757
13	96648316	96648388	55757
13	96651464	96651560	55757
13	96665560	96665734	55757
13	96675293	96675405	55757
13	96675882	96676012	55757
13	96684142	96684224	55757
13	96705408	96705565	55757
13	96743116	96743822	266722
13	97484743	97485451	266722
13	97638999	97640012	27199
13	97928489	97928662	10150
13	97986529	97986693	10150
13	97995269	97995469	10150
13	97999057	97999320	10150
13	98009735	98009888	10150
13	98017389	98017424	10150
13	98018712	98018806	10150
13	98043575	98043589	10150
13	98043589	98043702	10150
13	98086724	98087037	5911
13	98116458	98116695	5911
13	98622034	98622083	3843
13	98628946	98629039	3843
13	98634756	98634836	3843
13	98637674	98637866	3843
13	98641315	98641417	3843
13	98642379	98642475	3843
13	98642686	98642790	3843
13	98645145	98645267	3843
13	98645358	98645478	3843
13	98649784	98649871	3843
13	98652792	98652898	3843
13	98654720	98654844	3843
13	98654937	98655026	3843
13	98655117	98655290	3843
13	98658383	98658601	3843
13	98660312	98660395	3843
13	98662134	98662266	3843
13	98662356	98662477	3843
13	98664499	98664595	3843
13	98666295	98666467	3843
13	98667783	98667894	3843
13	98667979	98668034	3843
13	98668982	98669104	3843
13	98670738	98670957	3843
13	98671834	98672062	3843
13	98673245	98673386	3843
13	98673989	98674075	3843
13	98828416	98828429	140432
13	98828535	98829489	140432
13	98865496	98865666	10160
13	98896744	98896962	10160
13	98996015	98996119	10160
13	99017648	99017690	10160
13	99020370	99020448	10160
13	99030074	99030171	10160
13	99036983	99037097	10160
13	99037920	99038067	10160
13	99040636	99040731	10160
13	99042210	99042373	10160
13	99043065	99043133	10160
13	99045896	99045971	10160
13	99047480	99047729	10160
13	99061591	99061778	10160
13	99062987	99063076	10160
13	99064154	99064287	10160
13	99076825	99076903	10160
13	99083296	99083533	10160
13	99087829	99087959	10160
13	99091057	99091125	10160
13	99091360	99091449	10160
13	99092214	99092296	10160
13	99092376	99092488	10160
13	99092923	99093089	10160
13	99098351	99098458	10160
13	99098919	99099070	10160
13	99100489	99100570	10160
13	99105426	99105462	8428
13	99109421	99109557	8428
13	99112625	99112693	8428
13	99114027	99114150	8428
13	99115944	99116089	8428
13	99118629	99118814	8428
13	99127074	99127231	8428
13	99127503	99127611	8428
13	99134518	99134574	8428
13	99171496	99171726	8428
13	99174028	99174105	8428
13	99228998	99229039	8428
13	99336977	99337168	6564
13	99338443	99338550	6564
13	99339834	99339977	6564
13	99340501	99340609	6564
13	99340723	99340830	6564
13	99354733	99354782	6564
13	99356542	99356688	6564
13	99358387	99358506	6564
13	99360939	99361020	6564
13	99361825	99361913	6564
13	99361995	99362027	6564
13	99362120	99362164	6564
13	99364107	99364196	6564
13	99364751	99364837	6564
13	99368131	99368213	6564
13	99371490	99371573	6564
13	99373748	99373838	6564
13	99374057	99374156	6564
13	99376165	99376284	6564
13	99378376	99378517	6564
13	99378621	99378702	6564
13	99379096	99379112	6564
13	99404848	99404851	6564
13	99448459	99448466	23348
13	99449368	99449506	23348
13	99449642	99449742	23348
13	99452541	99452731	23348
13	99457252	99457462	23348
13	99459914	99460060	23348
13	99460893	99460928	23348
13	99461376	99461381	23348
13	99461605	99461718	23348
13	99462422	99462544	23348
13	99476651	99476757	23348
13	99478125	99478193	23348
13	99479083	99479140	23348
13	99481560	99481775	23348
13	99481896	99482009	23348
13	99483601	99483783	23348
13	99483902	99484039	23348
13	99489747	99489862	23348
13	99498177	99498244	23348
13	99500845	99500892	23348
13	99502300	99502366	23348
13	99505661	99505775	23348
13	99508151	99508284	23348
13	99512593	99512775	23348
13	99515272	99515385	23348
13	99515623	99515801	23348
13	99519678	99519789	23348
13	99520181	99520264	23348
13	99520484	99520630	23348
13	99532151	99532222	23348
13	99532800	99532925	23348
13	99533811	99533880	23348
13	99534145	99534260	23348
13	99535295	99535384	23348
13	99536066	99536152	23348
13	99537224	99537345	23348
13	99537961	99538084	23348
13	99538785	99538877	23348
13	99540411	99540476	23348
13	99540613	99540800	23348
13	99540885	99540964	23348
13	99549741	99549863	23348
13	99550432	99550514	23348
13	99554031	99554153	23348
13	99554541	99554744	23348
13	99555225	99555365	23348
13	99556885	99556959	23348
13	99566581	99566648	23348
13	99567582	99567756	23348
13	99573207	99573341	23348
13	99574304	99574399	23348
13	99575555	99575624	23348
13	99578090	99578172	23348
13	99582421	99582510	23348
13	99607688	99607804	23348
13	99630037	99630162	23348
13	99853162	99853192	337867
13	99853665	99853820	337867
13	99890680	99890807	337867
13	99896085	99896204	337867
13	99896768	99896877	337867
13	99907130	99908125	2841
13	99947313	99948398	1880
13	99966350	99966473	337867
13	99970275	99970322	337867
13	99992573	99992818	337867
13	100020040	100020159	337867
13	100037481	100037588	337867
13	100153860	100154030	9375
13	100169867	100169934	9375
13	100172289	100172382	9375
13	100181720	100181847	9375
13	100188861	100188990	9375
13	100189992	100190116	9375
13	100191699	100191810	9375
13	100192967	100193046	9375
13	100193812	100193920	9375
13	100196116	100196248	9375
13	100199238	100199357	9375
13	100201418	100201475	9375
13	100204420	100204579	9375
13	100206557	100206708	9375
13	100207789	100207900	9375
13	100211616	100211787	9375
13	100214944	100215011	9375
13	100258949	100259010	171425
13	100425077	100425263	171425
13	100511114	100511302	171425
13	100515244	100515345	171425
13	100517071	100517164	171425
13	100518493	100518660	171425
13	100523191	100523315	171425
13	100543571	100543666	171425
13	100617630	100618072	85416
13	100622380	100623928	85416
13	100634318	100635392	7546
13	100637199	100637362	7546
13	100637576	100637935	7546
13	100741374	100741478	5095
13	100755136	100755213	5095
13	100764094	100764141	5095
13	100764246	100764314	5095
13	100807232	100807345	5095
13	100809540	100809593	5095
13	100861585	100861716	5095
13	100888095	100888131	5095
13	100909848	100909926	5095
13	100914982	100915084	5095
13	100920942	100921036	5095
13	100925449	100925599	5095
13	100953713	100953856	5095
13	100955177	100955251	5095
13	100959445	100959513	5095
13	100962086	100962161	5095
13	100982814	100982924	5095
13	100992410	100992512	5095
13	101020725	101020827	5095
13	101077886	101077984	5095
13	101101505	101101558	5095
13	101167680	101167820	5095
13	101179928	101180005	5095
13	101182351	101182419	5095
13	101184383	101184844	87769
13	101257247	101257395	84899
13	101258611	101258680	84899
13	101264651	101264763	84899
13	101266569	101266683	84899
13	101277788	101277929	84899
13	101278038	101278145	84899
13	101278324	101278403	84899
13	101287058	101287189	84899
13	101287277	101287448	84899
13	101288785	101288987	84899
13	101289791	101289955	84899
13	101290183	101290275	84899
13	101294464	101294564	84899
13	101308634	101308721	84899
13	101315217	101315433	84899
13	101316474	101316589	84899
13	101320832	101320993	84899
13	101320993	101321047	84899
13	101322613	101322615	84899
13	101707646	101707839	259232
13	101710290	101710407	259232
13	101712169	101712318	259232
13	101714319	101714469	259232
13	101717755	101717912	259232
13	101720269	101720384	259232
13	101721046	101721178	259232
13	101725935	101726028	259232
13	101726864	101727012	259232
13	101728223	101728291	259232
13	101733877	101733996	259232
13	101735159	101735233	259232
13	101735442	101735548	259232
13	101736061	101736154	259232
13	101742013	101742111	259232
13	101742196	101742316	259232
13	101747924	101748030	259232
13	101753134	101753238	259232
13	101755522	101755689	259232
13	101756645	101756776	259232
13	101756880	101757000	259232
13	101757244	101757300	259232
13	101759837	101759959	259232
13	101760048	101760139	259232
13	101762969	101763038	259232
13	101763475	101763576	259232
13	101776958	101777031	259232
13	101795430	101795571	259232
13	101797110	101797246	259232
13	101828650	101828724	259232
13	101844267	101844404	259232
13	101881743	101881934	259232
13	101890105	101890272	259232
13	101910793	101910924	259232
13	101936283	101936369	259232
13	101944340	101944444	259232
13	101944574	101944716	259232
13	101997616	101997770	259232
13	102029050	102029178	259232
13	102029267	102029406	259232
13	102030920	102031003	259232
13	102047533	102047715	259232
13	102051369	102051476	259232
13	102105184	102105281	9358
13	102106233	102106450	9358
13	102220049	102220195	9358
13	102227774	102227896	9358
13	102231637	102231777	9358
13	102235565	102235705	9358
13	102250502	102250648	9358
13	102344934	102345050	9358
13	102359105	102359251	9358
13	102366787	102366900	9358
13	102367912	102368003	9358
13	102375180	102375316	2259
13	102378961	102379159	2259
13	102521074	102521177	2259
13	102527535	102527645	2259
13	102568802	102568994	2259
13	103053820	103054027	2259
13	103249388	103249552	7174
13	103257142	103257270	7174
13	103266450	103266545	7174
13	103268745	103268849	7174
13	103271071	103271195	7174
13	103275226	103275389	7174
13	103279361	103279515	7174
13	103280197	103280273	7174
13	103281831	103281958	7174
13	103282445	103282544	7174
13	103286299	103286447	7174
13	103287936	103288051	7174
13	103288573	103288741	7174
13	103289431	103289588	7174
13	103290588	103290664	7174
13	103292619	103292725	7174
13	103295571	103295725	7174
13	103296906	103297022	7174
13	103297258	103297358	7174
13	103298643	103298739	7174
13	103299556	103299693	7174
13	103301256	103301500	7174
13	103301757	103301835	7174
13	103309405	103309556	7174
13	103315997	103316093	7174
13	103317144	103317274	7174
13	103326632	103326839	7174
13	103328645	103328764	7174
13	103330576	103330665	7174
13	103338380	103338774	196541
13	103339289	103339406	196541
13	103343162	103343313	196541
13	103346718	103346847	196541
13	103418750	103418929	93081
13	103419622	103419827	93081
13	103420609	103420660	93081
13	103421660	103421890	93081
13	103422361	103422375	93081
13	103436844	103436861	79070
13	103438581	103438688	79070
13	103440183	103440272	79070
13	103441361	103441570	79070
13	103443250	103443487	79070
13	103443607	103443779	79070
13	103445690	103445767	79070
13	103445950	103446155	79070
13	103449153	103449358	79070
13	103450838	103451019	79070
13	103459617	103460094	54841
13	103468777	103468903	54841
13	103473386	103473481	54841
13	103474092	103474196	54841
13	103474414	103474508	54841
13	103483914	103484046	54841
13	103486815	103486901	54841
13	103490992	103491088	54841
13	103491900	103492214	54841
13	103498616	103498703	2073
13	103504467	103504642	2073
13	103506106	103506221	2073
13	103506637	103506723	2073
13	103508401	103508461	2073
13	103510624	103510767	2073
13	103513856	103514063	2073
13	103514379	103515452	2073
13	103518016	103518260	2073
13	103518611	103518730	2073
13	103518981	103519194	2073
13	103520462	103520606	2073
13	103524547	103524747	2073
13	103525608	103525692	2073
13	103527656	103528252	2073
13	103698482	103698609	6555
13	103701638	103701795	6555
13	103703606	103703781	6555
13	103704969	103705057	6555
13	103710613	103710731	6555
13	103718222	103718598	6555
13	106118637	106118680	267012
13	106119401	106119489	267012
13	106124886	106125033	267012
13	106142249	106142429	267012
13	107145387	107145775	1948
13	107147228	107147341	1948
13	107148095	107148187	1948
13	107164876	107165159	1948
13	107187190	107187311	1948
13	107196343	107196507	55082
13	107209395	107209478	55082
13	107211779	107212004	55082
13	107219920	107220266	55082
13	107822844	107823133	728215
13	107862931	107863102	728215
13	108518029	108518943	728215
13	108860880	108863615	3981
13	108881566	108882579	84945
13	108922243	108922581	10673
13	108922687	108922771	10673
13	108939150	108939206	10673
13	108955600	108955712	10673
13	108955801	108955951	10673
13	108959173	108959285	10673
13	109318271	109318496	23026
13	109365008	109365078	23026
13	109379787	109379930	23026
13	109437982	109438090	23026
13	109445863	109445987	23026
13	109459026	109459151	23026
13	109472684	109472759	23026
13	109475472	109475625	23026
13	109496690	109496840	23026
13	109507790	109507900	23026
13	109518524	109518589	23026
13	109535406	109535533	23026
13	109540719	109540824	23026
13	109550363	109550480	23026
13	109562350	109562497	23026
13	109610035	109610146	23026
13	109613886	109614003	23026
13	109614771	109614842	23026
13	109617108	109617249	23026
13	109644723	109644795	23026
13	109661244	109661396	23026
13	109672058	109672258	23026
13	109699263	109699338	23026
13	109704647	109704822	23026
13	109707393	109707473	23026
13	109707737	109707942	23026
13	109753132	109753234	23026
13	109772717	109772813	23026
13	109777459	109777705	23026
13	109779629	109779897	23026
13	109792611	109793723	23026
13	109817248	109817406	23026
13	109831889	109831980	23026
13	109858956	109859183	23026
13	110319643	110320137	283487
13	110408650	110408654	8660
13	110434388	110438399	8660
13	110802709	110802790	1282
13	110804680	110804852	1282
13	110807629	110807743	1282
13	110813538	110813715	1282
13	110814576	110814788	1282
13	110815809	110815907	1282
13	110817208	110817336	1282
13	110818578	110818649	1282
13	110819504	110819576	1282
13	110821975	110822108	1282
13	110822893	110823078	1282
13	110825066	110825116	1282
13	110826246	110826344	1282
13	110826792	110826872	1282
13	110826969	110827095	1282
13	110827564	110827703	1282
13	110828770	110828859	1282
13	110828972	110829070	1282
13	110829231	110829383	1282
13	110830188	110830277	1282
13	110830410	110830577	1282
13	110831269	110831382	1282
13	110831617	110831767	1282
13	110833638	110833735	1282
13	110835339	110835443	1282
13	110835530	110835622	1282
13	110838731	110838899	1282
13	110839484	110839675	1282
13	110844560	110844630	1282
13	110845176	110845259	1282
13	110847369	110847464	1282
13	110850813	110850977	1282
13	110853200	110853235	1282
13	110853784	110853868	1282
13	110855912	110855953	1282
13	110857699	110857752	1282
13	110857840	110857884	1282
13	110859011	110859061	1282
13	110859211	110859237	1282
13	110859749	110859835	1282
13	110861195	110861236	1282
13	110861738	110861773	1282
13	110862326	110862388	1282
13	110862475	110862558	1282
13	110863993	110864019	1282
13	110864215	110864268	1282
13	110864763	110864825	1282
13	110864920	110864964	1282
13	110866128	110866172	1282
13	110866272	110866361	1282
13	110895021	110895080	1282
13	110959290	110959373	1282
13	110960250	110960293	1284
13	110960415	110960469	1284
13	111009818	111009898	1284
13	111077080	111077214	1284
13	111077299	111077343	1284
13	111080813	111080929	1284
13	111082231	111082302	1284
13	111082747	111082782	1284
13	111082891	111082953	1284
13	111084671	111084706	1284
13	111086747	111086788	1284
13	111088615	111088713	1284
13	111090348	111090383	1284
13	111090964	111091014	1284
13	111092135	111092179	1284
13	111098175	111098228	1284
13	111099144	111099210	1284
13	111102025	111102135	1284
13	111102651	111102800	1284
13	111109689	111109781	1284
13	111111117	111111280	1284
13	111114460	111114532	1284
13	111114624	111114730	1284
13	111117751	111117952	1284
13	111118349	111118408	1284
13	111119386	111119442	1284
13	111121563	111121670	1284
13	111125275	111125496	1284
13	111130349	111130510	1284
13	111132566	111132736	1284
13	111134862	111135005	1284
13	111137251	111137373	1284
13	111138001	111138182	1284
13	111141791	111141854	1284
13	111142057	111142131	1284
13	111143579	111143686	1284
13	111144416	111144523	1284
13	111145557	111145628	1284
13	111147688	111147813	1284
13	111154014	111154130	1284
13	111155467	111155628	1284
13	111155729	111155827	1284
13	111156193	111156339	1284
13	111156494	111156610	1284
13	111158761	111158952	1284
13	111160281	111160567	1284
13	111164280	111164537	1284
13	111176011	111176543	55647
13	111213694	111213865	55647
13	111268021	111268120	55739
13	111274562	111274712	55739
13	111276580	111276625	55739
13	111277536	111277624	55739
13	111279785	111279893	55739
13	111286891	111286941	55739
13	111287018	111287122	55739
13	111287814	111287934	55739
13	111289475	111289595	55739
13	111290588	111290867	55739
13	111293883	111293954	79587
13	111294661	111294867	79587
13	111296731	111296829	79587
13	111298313	111298436	79587
13	111299447	111299585	79587
13	111303380	111303446	79587
13	111315797	111315864	79587
13	111319686	111319819	79587
13	111329320	111329449	79587
13	111335397	111335480	79587
13	111340067	111340172	79587
13	111340293	111340364	79587
13	111353784	111353901	79587
13	111357867	111357917	79587
13	111358216	111358439	79587
13	111365320	111365323	3621
13	111366496	111366631	3621
13	111367790	111368354	3621
13	111371575	111372278	3621
13	111531983	111532458	55608
13	111536044	111536139	55608
13	111545374	111545609	55608
13	111558379	111558470	55608
13	111562964	111563116	55608
13	111567071	111567280	55608
13	111767873	111768037	8874
13	111806251	111806337	8874
13	111811373	111811435	8874
13	111857635	111857719	8874
13	111862218	111862348	8874
13	111870025	111870226	8874
13	111885551	111885639	8874
13	111896218	111896312	8874
13	111896545	111896640	8874
13	111919894	111920016	8874
13	111926160	111926298	8874
13	111927077	111927136	8874
13	111927878	111928024	8874
13	111929933	111930019	8874
13	111932618	111932696	8874
13	111932884	111933023	8874
13	111935485	111935709	8874
13	111938493	111938586	8874
13	111940700	111940789	8874
13	111944464	111944678	8874
13	111953094	111953193	8874
13	111953824	111953878	8874
13	111955337	111955459	8874
13	111973237	111973294	121793
13	111980529	111980639	121793
13	111992209	111992278	121793
13	111995102	111995277	121793
13	111996429	111996469	121793
13	112392731	112392769	23250
13	112487449	112487571	23250
13	112507271	112507360	23250
13	112508527	112508607	23250
13	112512933	112513040	23250
13	112518397	112518525	23250
13	112521618	112521721	23250
13	112522214	112522264	23250
13	112525659	112525723	23250
13	112526658	112526739	23250
13	112527744	112527894	23250
13	112529008	112529205	23250
13	112533689	112533862	23250
13	112535174	112535337	23250
13	112536903	112536974	23250
13	112538492	112538565	23250
13	112544590	112544693	23250
13	112553351	112553532	23250
13	112556593	112556844	23250
13	112558225	112558399	23250
13	112560132	112560234	23250
13	112560459	112560604	23250
13	112561707	112561766	23250
13	112562601	112562728	23250
13	112564754	112564889	23250
13	112574049	112574114	23250
13	112575887	112575990	23250
13	112578090	112578255	23250
13	112584130	112584378	23250
13	112721972	112723147	6656
13	113030699	113030792	122258
13	113047334	113047390	122258
13	113052362	113052451	122258
13	113053379	113053486	122258
13	113055382	113055477	122258
13	113086757	113086834	122258
13	113088798	113088862	122258
13	113140306	113140464	10426
13	113143894	113144010	10426
13	113153358	113153498	10426
13	113158345	113158476	10426
13	113158939	113159027	10426
13	113170753	113170888	10426
13	113173288	113173356	10426
13	113174199	113174334	10426
13	113176633	113176822	10426
13	113181255	113181363	10426
13	113181687	113181797	10426
13	113200012	113200178	10426
13	113201933	113202065	10426
13	113202421	113202489	10426
13	113208370	113208495	10426
13	113209200	113209318	10426
13	113210365	113210537	10426
13	113212509	113212726	10426
13	113213635	113213712	10426
13	113219424	113219491	10426
13	113223465	113223572	10426
13	113242218	113242293	10426
13	113333693	113333951	400165
13	113337587	113337693	400165
13	113344730	113344768	23250
13	113439448	113439570	23250
13	113459270	113459359	23250
13	113460526	113460606	23250
13	113464932	113465039	23250
13	113470396	113470524	23250
13	113473617	113473720	23250
13	113474213	113474263	23250
13	113477658	113477722	23250
13	113478657	113478738	23250
13	113479743	113479893	23250
13	113481007	113481204	23250
13	113485688	113485861	23250
13	113487173	113487336	23250
13	113488902	113488973	23250
13	113490491	113490564	23250
13	113496589	113496692	23250
13	113505350	113505531	23250
13	113508592	113508843	23250
13	113510224	113510398	23250
13	113512131	113512233	23250
13	113512458	113512603	23250
13	113513706	113513765	23250
13	113514600	113514727	23250
13	113516753	113516888	23250
13	113526048	113526113	23250
13	113527886	113527989	23250
13	113530089	113530254	23250
13	113532530	113532607	23250
13	113622778	113623027	23263
13	113633981	113634071	23263
13	113669076	113669159	23263
13	113678957	113679071	23263
13	113699584	113699674	23263
13	113714906	113715025	23263
13	113718617	113718733	23263
13	113719249	113719398	23263
13	113720359	113720483	23263
13	113724372	113724486	23263
13	113728757	113728876	23263
13	113729311	113729502	23263
13	113730279	113730470	23263
13	113731365	113731524	23263
13	113732676	113732749	23263
13	113732979	113733052	23263
13	113735526	113735592	23263
13	113736740	113736855	23263
13	113738311	113738380	23263
13	113739205	113739297	23263
13	113739399	113739491	23263
13	113740437	113740562	23263
13	113741548	113741769	23263
13	113742020	113742112	23263
13	113742640	113742718	23263
13	113742875	113742941	23263
13	113743923	113744041	23263
13	113748827	113748948	23263
13	113750684	113750796	23263
13	113750863	113750966	23263
13	113751087	113751172	23263
13	113760155	113760218	2155
13	113761158	113761223	2155
13	113765003	113765163	2155
13	113768065	113768089	2155
13	113768160	113768273	2155
13	113769973	113770113	2155
13	113771079	113771188	2155
13	113771786	113771909	2155
13	113772726	113773321	2155
13	113777169	113777238	2159
13	113783765	113783925	2159
13	113792770	113792794	2159
13	113793670	113793783	2159
13	113795232	113795363	2159
13	113798164	113798408	2159
13	113801692	113801809	2159
13	113803229	113803830	2159
13	113812974	113813043	8858
13	113814327	113814490	8858
13	113815261	113815285	8858
13	113817322	113817435	8858
13	113818826	113818957	8858
13	113819366	113819433	8858
13	113824726	113824843	8858
13	113825907	113826418	8858
13	113832511	113832600	55795
13	113833279	113833402	55795
13	113834230	113834355	55795
13	113834471	113834544	55795
13	113835443	113835543	55795
13	113838659	113838800	55795
13	113839798	113839873	55795
13	113845185	113845288	55795
13	113849384	113849438	55795
13	113850494	113850535	55795
13	113851491	113851556	55795
13	113852504	113852577	55795
13	113854740	113854829	55795
13	113862912	113862947	55795
13	113863941	113864088	8451
13	113864286	113864401	8451
13	113873258	113873361	8451
13	113882289	113882358	8451
13	113883759	113883832	8451
13	113887490	113887652	8451
13	113888210	113888299	8451
13	113889376	113889458	8451
13	113891136	113891203	8451
13	113893746	113893864	8451
13	113897281	113897473	8451
13	113898723	113898827	8451
13	113899262	113899372	8451
13	113899465	113899550	8451
13	113900269	113900376	8451
13	113907395	113907508	8451
13	113909006	113909111	8451
13	113909266	113909438	8451
13	113914920	113915072	8451
13	113917800	113917895	8451
13	113951749	113951809	3916
13	113960799	113960920	3916
13	113963957	113964176	3916
13	113965023	113965181	3916
13	113973783	113973970	3916
13	113974659	113974784	3916
13	113975718	113975784	3916
13	113975871	113976041	3916
13	113976596	113976735	3916
13	113978802	113978891	79774
13	113979975	113980160	79774
13	113980233	113980405	79774
13	113999177	113999273	79774
13	114005163	114005287	79774
13	114009637	114009795	79774
13	114018076	114018224	79774
13	114018334	114018365	79774
13	114077136	114077293	113622
13	114078531	114078663	113622
13	114079366	114079493	113622
13	114083266	114083406	113622
13	114088056	114088181	113622
13	114098739	114098871	113622
13	114098871	114098903	113622
13	114107538	114107751	113622
13	114112343	114112422	55208
13	114113626	114113722	55208
13	114115368	114115450	55208
13	114128438	114128568	55208
13	114134889	114135057	55208
13	114138154	114138370	55208
13	114144981	114144983	55208
13	114149896	114150339	55002
13	114152656	114152835	55002
13	114154272	114154463	55002
13	114156066	114156194	55002
13	114157810	114157902	55002
13	114164552	114164738	55002
13	114174930	114175047	55002
13	114188359	114188554	55002
13	114193671	114193821	55002
13	114201614	114201693	55002
13	114202617	114202766	55002
13	114203739	114203852	55002
13	114240152	114240163	7027
13	114265310	114265376	7027
13	114277494	114277600	7027
13	114285937	114286058	7027
13	114287434	114287599	7027
13	114288204	114288347	7027
13	114288848	114288916	7027
13	114290291	114290442	7027
13	114290848	114291014	7027
13	114292132	114292210	7027
13	114294434	114294581	7027
13	114303688	114303849	496
13	114304720	114304821	496
13	114305985	114306041	496
13	114307187	114307386	496
13	114307635	114307748	496
13	114309128	114309256	496
13	114312347	114312458	496
13	114462242	114462287	348013
13	114469087	114469229	348013
13	114472070	114472132	348013
13	114498120	114498209	348013
13	114502311	114502391	348013
13	114503799	114503884	348013
13	114504625	114504784	348013
13	114507857	114508000	348013
13	114514708	114514875	348013
13	114523836	114523990	2621
13	114524930	114525158	2621
13	114526347	114526522	2621
13	114529968	114530136	2621
13	114531519	114531683	2621
13	114535271	114535460	2621
13	114535606	114535661	2621
13	114535661	114535724	2621
13	114537523	114537537	2621
13	114537537	114537644	2621
13	114538485	114538607	2621
13	114541041	114541163	2621
13	114542700	114542822	2621
13	114549499	114549561	2621
13	114550998	114551022	2621
13	114566547	114566713	2621
13	114566805	114566892	2621
13	114748757	114748832	22821
13	114751085	114751268	22821
13	114757960	114758063	22821
13	114762006	114762214	22821
13	114765060	114765142	22821
13	114766301	114766407	22821
13	114773008	114773081	22821
13	114774862	114774939	22821
13	114776646	114776723	22821
13	114778617	114778723	22821
13	114780684	114780807	22821
13	114781672	114781746	22821
13	114782712	114782826	22821
13	114783579	114783727	22821
13	114784238	114784394	22821
13	114786879	114786983	22821
13	114789754	114789830	22821
13	114792864	114792936	22821
13	114793322	114793402	22821
13	114795286	114795362	22821
13	114806475	114806569	22821
13	114817526	114817629	22821
13	114839194	114839311	22821
13	114897909	114897963	22821
13	115000559	115000606	8881
13	115002119	115002173	8881
13	115002273	115002370	8881
13	115004464	115004502	8881
13	115004824	115004964	8881
13	115007595	115007754	8881
13	115008731	115008822	8881
13	115009330	115009463	8881
13	115010364	115010443	8881
13	115011474	115011523	8881
13	115012405	115012478	8881
13	115016023	115016148	8881
13	115022552	115022704	8881
13	115024809	115024872	8881
13	115027361	115027422	8881
13	115028353	115028488	8881
13	115030624	115030714	8881
13	115037658	115037917	8881
13	115047114	115047320	65110
13	115047495	115047601	65110
13	115048311	115048417	65110
13	115051776	115051874	65110
13	115051993	115052103	65110
13	115056963	115057018	65110
13	115057108	115057266	65110
13	115064314	115064474	65110
13	115067205	115067499	65110
13	115070263	115070391	65110
13	115089317	115091755	283489
