21	9908330	9908431	100132288
21	9909046	9909276	100132288
21	9966321	9966377	100132288
21	10906904	10907039	7179
21	10908824	10908894	7179
21	10910306	10910398	7179
21	10914362	10914441	7179
21	10916369	10916474	7179
21	10920083	10920163	7179
21	10921933	10921994	7179
21	10933851	10933939	7179
21	10934038	10934119	7179
21	10934936	10934996	7179
21	10941907	10941971	7179
21	10942710	10942773	7179
21	10942920	10943019	7179
21	10944667	10944786	7179
21	10951265	10951426	7179
21	10952912	10952962	7179
21	10959740	10959799	7179
21	10969074	10969127	7179
21	10970008	10970061	7179
21	10971291	10971344	7179
21	10973722	10973732	7179
21	13339428	13339461	149992
21	13343156	13343220	149992
21	13345987	13346094	149992
21	14248275	14248341	114035
21	14273893	14274095	114035
21	14568283	14568348	150000
21	14573787	14573848	150000
21	14581741	14581888	150000
21	14582595	14582737	150000
21	14585477	14585567	150000
21	14585761	14585938	150000
21	14593629	14593856	150000
21	14982549	14983069	317754
21	14987443	14987557	317754
21	14987717	14987890	317754
21	14990669	14990775	317754
21	14992478	14992615	317754
21	14995125	14995195	317754
21	15000702	15000772	317754
21	15002176	15002220	317754
21	15003261	15003427	317754
21	15011835	15011958	317754
21	15013665	15013886	317754
21	15481313	15481400	149998
21	15516943	15517119	149998
21	15524893	15525004	149998
21	15535739	15535843	149998
21	15537543	15537710	149998
21	15538682	15538771	149998
21	15554078	15554179	149998
21	15558281	15558389	149998
21	15561354	15561739	149998
21	15579135	15579243	149998
21	15588507	15588602	54033
21	15591883	15592045	54033
21	15593417	15593489	54033
21	15596758	15596857	54033
21	15599200	15599613	54033
21	15745937	15746604	6782
21	15747972	15748139	6782
21	15750519	15750732	6782
21	15753523	15753863	6782
21	15755415	15755439	6782
21	15858232	15858434	64092
21	15870762	15870912	64092
21	15872849	15873055	64092
21	15882630	15882781	64092
21	15884764	15884893	64092
21	15889212	15889361	64092
21	15893470	15893541	64092
21	15918525	15918581	64092
21	16337036	16340512	8204
21	16365304	16365528	388815
21	16488613	16488823	388815
21	16525246	16525305	388815
21	16685804	16685847	388815
21	17102712	17102756	29761
21	17135209	17135286	29761
21	17138315	17138459	29761
21	17150222	17150345	29761
21	17163820	17163982	29761
21	17172075	17172161	29761
21	17177439	17177576	29761
21	17181127	17181203	29761
21	17183455	17183528	29761
21	17191016	17191164	29761
21	17196357	17196484	29761
21	17197284	17197379	29761
21	17198522	17198683	29761
21	17199295	17199521	29761
21	17202849	17202919	29761
21	17203719	17203947	29761
21	17205666	17205866	29761
21	17214716	17214858	29761
21	17236586	17236764	29761
21	17238584	17238662	29761
21	17242386	17242465	29761
21	17246721	17246844	29761
21	17250114	17250309	29761
21	17250621	17250793	29761
21	18885447	18885489	1525
21	18919344	18919510	1525
21	18924066	18924270	1525
21	18931293	18931448	1525
21	18933019	18933141	1525
21	18933655	18933793	1525
21	18937745	18938009	1525
21	18966410	18966649	10950
21	18970934	18971141	10950
21	18976462	18976593	10950
21	18977177	18977314	10950
21	18981289	18981461	10950
21	19165731	19165894	54149
21	19165894	19165897	54149
21	19167524	19167586	54149
21	19168898	19169434	54149
21	19190508	19190634	54149
21	19617540	19617618	140578
21	19628825	19629134	140578
21	19629286	19629443	140578
21	19632516	19632602	140578
21	19635107	19635209	140578
21	19638270	19638354	140578
21	19642285	19642440	5651
21	19647513	19647652	5651
21	19651280	19651375	5651
21	19653356	19653537	5651
21	19666586	19666760	5651
21	19666919	19666968	5651
21	19670050	19670145	5651
21	19685261	19685393	5651
21	19687462	19687572	5651
21	19698748	19698888	5651
21	19701485	19701610	5651
21	19704400	19704489	5651
21	19713729	19713864	5651
21	19715822	19715972	5651
21	19716271	19716376	5651
21	19725219	19725368	5651
21	19726039	19726179	5651
21	19732073	19732179	5651
21	19737456	19737564	5651
21	19744509	19744640	5651
21	19751599	19751634	5651
21	19755943	19756094	5651
21	19770195	19770262	5651
21	19770515	19770645	5651
21	19775794	19775938	5651
21	22370881	22370935	4685
21	22652897	22652971	4685
21	22656513	22656719	4685
21	22658588	22658731	4685
21	22664423	22664560	4685
21	22696702	22696819	4685
21	22707824	22707984	4685
21	22710708	22710853	4685
21	22746182	22746332	4685
21	22782593	22782780	4685
21	22790792	22790888	4685
21	22804427	22804600	4685
21	22838926	22839045	4685
21	22840982	22841103	4685
21	22849611	22849791	4685
21	22881171	22881375	4685
21	22906857	22906976	4685
21	22910166	22910277	4685
21	25724084	25724191	54072
21	25725360	25725497	54072
21	26958018	26958065	54148
21	26960012	26960100	54148
21	26961146	26961193	54148
21	26965123	26965276	54148
21	26966204	26966269	54148
21	26969613	26969725	54148
21	26972110	26972177	54148
21	26973679	26973778	54148
21	26976107	26976246	54148
21	26978760	26978966	54148
21	26979714	26979786	54148
21	27012133	27012199	58494
21	27056194	27056259	58494
21	27062177	27062284	58494
21	27066067	27066219	58494
21	27070988	27071190	58494
21	27074481	27074580	58494
21	27078290	27078397	58494
21	27081745	27081760	58494
21	27084651	27084693	58494
21	27086951	27086983	58494
21	27096950	27096987	522
21	27097536	27097660	522
21	27101941	27102104	522
21	27102104	27102111	522
21	27107249	27107265	522
21	27113909	27113985	2551
21	27117520	27117664	2551
21	27121346	27121430	2551
21	27124299	27124544	2551
21	27130320	27130514	2551
21	27134622	27134675	2551
21	27136520	27136660	2551
21	27136905	27137097	2551
21	27141314	27141542	2551
21	27253980	27254081	351
21	27264033	27264179	351
21	27269884	27269984	351
21	27277335	27277388	351
21	27284052	27284273	351
21	27326903	27327002	351
21	27327940	27328068	351
21	27347382	27347540	351
21	27348266	27348340	351
21	27354656	27354789	351
21	27369674	27369730	351
21	27372329	27372496	351
21	27394155	27394357	351
21	27423315	27423508	351
21	27425551	27425663	351
21	27462258	27462387	351
21	27484295	27484462	351
21	27542881	27542937	351
21	27840819	27840949	116159
21	27852590	27852747	116159
21	27938584	27938686	116159
21	27945186	27945258	116159
21	28209897	28210596	9510
21	28210757	28210932	9510
21	28211905	28212080	9510
21	28212193	28212379	9510
21	28212594	28212880	9510
21	28213316	28213483	9510
21	28214176	28214308	9510
21	28214657	28215003	9510
21	28216543	28217272	9510
21	28296371	28296938	11096
21	28302204	28302379	11096
21	28304322	28304497	11096
21	28305179	28305362	11096
21	28306784	28307067	11096
21	28315698	28315865	11096
21	28316920	28317108	246705
21	28327057	28327189	11096
21	28337606	28338709	11096
21	28833552	28833719	118421
21	29615472	29615705	571
21	29620250	29621584	571
21	29623678	29623884	571
21	29645825	29645920	571
21	30248706	30248812	29104
21	30250513	30250654	29104
21	30252191	30252274	29104
21	30254481	30254571	29104
21	30255306	30255392	29104
21	30257533	30257666	29104
21	30302769	30302831	26046
21	30303476	30303643	26046
21	30304791	30304985	26046
21	30307430	30307650	26046
21	30308847	30309018	26046
21	30313541	30313727	26046
21	30315583	30315657	26046
21	30315988	30316225	26046
21	30316704	30316917	26046
21	30318128	30318272	26046
21	30318473	30318608	26046
21	30319785	30319927	26046
21	30324481	30324585	26046
21	30325538	30325697	26046
21	30329083	30329269	26046
21	30329653	30329797	26046
21	30330707	30330860	26046
21	30331779	30332018	26046
21	30332838	30333027	26046
21	30338186	30338227	26046
21	30338691	30339500	26046
21	30341787	30341922	26046
21	30342873	30343063	26046
21	30343592	30343765	26046
21	30353440	30353620	26046
21	30354637	30354689	26046
21	30357012	30357242	26046
21	30358459	30358557	26046
21	30359051	30359254	26046
21	30365084	30365263	26046
21	30378737	30378971	10069
21	30380081	30380443	10069
21	30380560	30380627	10069
21	30380715	30380941	10069
21	30391531	30391597	10069
21	30400234	30400294	10600
21	30402915	30403093	10600
21	30407157	30407260	10600
21	30408591	30408694	10600
21	30409596	30409783	10600
21	30410655	30410750	10600
21	30411346	30411476	10600
21	30411801	30411888	10600
21	30412929	30413007	10600
21	30414333	30414424	10600
21	30414792	30414848	10600
21	30415743	30415919	10600
21	30418987	30419641	10600
21	30421081	30421175	10600
21	30422412	30422498	10600
21	30426122	30426278	10600
21	30426386	30426507	10600
21	30428795	30428872	10694
21	30432861	30432980	10694
21	30433573	30433737	10694
21	30433816	30433887	10694
21	30434448	30434563	10694
21	30434648	30434735	10694
21	30434810	30434876	10694
21	30435672	30435850	10694
21	30437288	30437425	10694
21	30439036	30439097	10694
21	30439211	30439391	10694
21	30439876	30440025	10694
21	30441743	30441822	10694
21	30442567	30442657	10694
21	30445851	30445910	10694
21	30458181	30458237	56911
21	30463821	30463896	56911
21	30463988	30464081	56911
21	30464759	30464901	56911
21	30521509	30521570	56911
21	30532261	30532376	56911
21	30547032	30547212	56911
21	30693601	30693834	571
21	30698379	30699713	571
21	30701807	30702013	571
21	30714719	30715153	571
21	30909550	30909705	2897
21	30925875	30926024	2897
21	30927372	30927622	2897
21	30933944	30934169	2897
21	30949283	30949500	2897
21	30953744	30953862	2897
21	30959685	30959908	2897
21	30961158	30961361	2897
21	30963431	30963544	2897
21	30968845	30968889	2897
21	30971149	30971256	2897
21	31015145	31015288	2897
21	31023437	31023610	2897
21	31027129	31027182	2897
21	31045302	31045483	2897
21	31062047	31062304	2897
21	31066214	31066381	2897
21	31311700	31311817	2897
21	31538260	31538934	26285
21	31587565	31588242	9073
21	31654485	31655249	643803
21	31661499	31661807	100131902
21	31691720	31692352	388818
21	31709362	31709985	643812
21	31720726	31720923	337963
21	31744003	31744530	337959
21	31768404	31768922	140258
21	31797711	31798229	337960
21	31802593	31803075	284827
21	31812645	31813058	254950
21	31852363	31852635	337882
21	31859508	31859666	337969
21	31864029	31864274	337970
21	31869173	31869427	337971
21	31874189	31874407	337972
21	31913975	31914151	337973
21	31933416	31933607	337974
21	31962555	31962692	100288287
21	31971004	31971192	337967
21	31973439	31973585	337979
21	31986007	31986222	337966
21	31988773	31988943	337975
21	32007582	32007779	337976
21	32015207	32015341	337985
21	32090900	32091076	100288323
21	32119268	32119519	337978
21	32127456	32127695	337977
21	32185346	32185537	337879
21	32253351	32253842	337880
21	32410570	32410761	728299
21	32492685	32493154	7074
21	32496839	32497011	7074
21	32499382	32499469	7074
21	32502530	32502632	7074
21	32503207	32503265	7074
21	32508250	32508358	7074
21	32513435	32513553	7074
21	32513642	32513821	7074
21	32519212	32519320	7074
21	32524953	32525078	7074
21	32525383	32525451	7074
21	32526564	32526743	7074
21	32537278	32537381	7074
21	32554737	32554961	7074
21	32559316	32559402	7074
21	32567539	32567620	7074
21	32575223	32575327	7074
21	32582360	32582530	7074
21	32585713	32585787	7074
21	32589868	32590014	7074
21	32595721	32595906	7074
21	32598041	32598265	7074
21	32617803	32617975	7074
21	32624057	32624504	7074
21	32638325	32639287	7074
21	32687402	32687587	84996
21	32869641	32870021	55264
21	32898354	32898463	56683
21	32904018	32904185	56683
21	32906285	32906423	56683
21	33032082	33032153	6647
21	33036102	33036198	6647
21	33038761	33038830	6647
21	33039570	33039687	6647
21	33040783	33040890	6647
21	33043711	33044666	57466
21	33050523	33050549	94104
21	33053261	33053450	94104
21	33053958	33054175	94104
21	33055240	33055343	94104
21	33056277	33056498	94104
21	33057361	33057486	57466
21	33057486	33057552	57466
21	33057710	33057796	57466
21	33057880	33058045	57466
21	33058529	33058705	94104
21	33060619	33060776	57466
21	33063109	33063265	57466
21	33063995	33064123	94104
21	33064129	33064242	57466
21	33064661	33064761	57466
21	33065507	33065606	94104
21	33065606	33065796	94104,57466
21	33065796	33065849	94104
21	33066516	33066601	57466
21	33067125	33067292	57466
21	33068425	33068533	57466
21	33068881	33069062	57466
21	33073307	33073483	57466
21	33074088	33074230	57466
21	33074556	33074691	57466
21	33076077	33076238	57466
21	33077735	33077779	57466
21	33078586	33078669	57466
21	33103975	33104004	57466
21	33245987	33246247	30811
21	33296779	33297071	30811
21	33312476	33312531	30811
21	33318347	33318482	30811
21	33331154	33331281	30811
21	33340561	33340696	30811
21	33346866	33347028	30811
21	33355838	33355921	30811
21	33362441	33362488	30811
21	33368080	33368260	30811
21	33370838	33371496	30811
21	33641347	33641427	54069
21	33642017	33642113	54069
21	33642717	33642839	54069
21	33647140	33647206	54069
21	33650991	33651324	54069
21	33671282	33671387	56246
21	33678950	33679049	56246
21	33683994	33684306	56246
21	33686861	33686963	56246
21	33687228	33687409	9875
21	33688776	33689375	9875
21	33689986	33690227	9875
21	33691526	33691723	9875
21	33692840	33692949	9875
21	33694110	33694253	9875
21	33694787	33694893	9875
21	33696800	33696911	9875
21	33697538	33697698	9875
21	33705625	33705727	9875
21	33706471	33706642	9875
21	33709402	33709465	9875
21	33709712	33709822	9875
21	33711015	33711208	9875
21	33713774	33713832	9875
21	33716878	33717064	9875
21	33717682	33717883	9875
21	33719264	33720119	9875
21	33721612	33721791	9875
21	33723012	33723230	9875
21	33725018	33725214	9875
21	33726241	33726411	9875
21	33727167	33727305	9875
21	33727757	33727873	9875
21	33729845	33729964	9875
21	33732104	33732216	9875
21	33733315	33733431	9875
21	33734200	33734329	9875
21	33735464	33735637	9875
21	33738926	33739063	9875
21	33740711	33740906	9875
21	33744815	33744939	9875
21	33745955	33746080	9875
21	33747706	33747791	9875
21	33750753	33750849	9875
21	33755730	33755862	9875
21	33756621	33756772	9875
21	33757853	33757992	9875
21	33765077	33765218	9875
21	33785161	33785320	59271
21	33825619	33825815	59271
21	33829904	33830027	59271
21	33837268	33837344	6651
21	33840003	33840155	59271
21	33840388	33840554	6651
21	33843651	33849566	6651
21	33851331	33851491	6651
21	33853405	33853551	6651
21	33853762	33853950	6651
21	33861332	33861442	6651
21	33863146	33863262	6651
21	33866726	33866805	6651
21	33867336	33867479	59271
21	33867483	33867495	6651
21	33873724	33873804	59271
21	33876235	33876324	59271
21	33887123	33887499	59271
21	33949083	33949232	140290
21	33951003	33951140	140290
21	33954509	33954724	140290
21	33956470	33956613	140290
21	33974172	33974282	56683
21	33974581	33974676	56683
21	33975470	33975601	56683
21	33976434	33976592	56683
21	33979958	33980025	56683
21	33982147	33982314	56683
21	33984414	33984552	56683
21	34003304	34004110	8867
21	34007173	34007193	8867
21	34011217	34011434	8867
21	34011980	34012088	8867
21	34014205	34014275	8867
21	34014404	34014442	8867
21	34015719	34015766	8867
21	34017277	34017315	8867
21	34017955	34018098	8867
21	34018702	34018911	8867
21	34022493	34022655	8867
21	34025597	34025675	8867
21	34028996	34029211	8867
21	34029312	34029429	8867
21	34030025	34030181	8867
21	34037222	34037380	8867
21	34038252	34038444	8867
21	34038742	34038882	8867
21	34042597	34042681	8867
21	34045649	34045840	8867
21	34048641	34048664	8867
21	34050954	34051110	8867
21	34051110	34051119	8867
21	34053805	34053957	8867
21	34056347	34056428	8867
21	34058057	34058226	8867
21	34059287	34059383	8867
21	34060615	34060676	8867
21	34066537	34066620	8867
21	34067366	34067591	8867
21	34072147	34072414	8867
21	34074270	34074356	8867
21	34099082	34099205	8867
21	34099205	34099227	8867
21	34100256	34100350	8867
21	34107260	34107377	94104
21	34109564	34109718	94104
21	34110483	34110629	94104
21	34113819	34113932	94104
21	34115558	34115624	94104
21	34115988	34116064	94104
21	34117102	34117223	94104
21	34117884	34118028	94104
21	34120809	34121008	94104
21	34123227	34123342	94104
21	34123429	34123528	94104
21	34127540	34127663	94104
21	34131390	34131579	94104
21	34132087	34132304	94104
21	34133369	34133472	94104
21	34134406	34134627	94104
21	34136658	34136834	94104
21	34142124	34142252	94104
21	34143636	34143978	94104
21	34166072	34166731	56245
21	34399170	34400141	10215
21	34442552	34443367	116448
21	34614227	34614281	3455
21	34615977	34616018	3455
21	34617255	34617378	3455
21	34619022	34619194	3455
21	34621013	34621158	3455
21	34624966	34625134	3455
21	34632901	34633031	3455
21	34634865	34635020	3455
21	34635097	34635804	3455
21	34638770	34638818	3588
21	34640698	34640821	3588
21	34648900	34649057	3588
21	34652056	34652222	3588
21	34655398	34655545	3588
21	34660408	34660565	3588
21	34668488	34668661	3588
21	34697360	34697435	3454
21	34707829	34707952	3454
21	34713304	34713479	3454
21	34715573	34715727	3454
21	34715840	34715981	3454
21	34717551	34717665	3454
21	34721396	34721595	3454
21	34721694	34721848	3454
21	34725063	34725213	3454
21	34725943	34726088	3454
21	34727621	34727854	3454
21	34775849	34775921	3460
21	34787194	34787326	3460
21	34793786	34793991	3460
21	34799190	34799338	3460
21	34804483	34804642	3460
21	34805020	34805177	3460
21	34809134	34809268	3460
21	34823124	34823169	757
21	34828033	34828090	757
21	34832719	34832811	757
21	34837648	34837715	757
21	34839316	34839428	757
21	34841093	34841191	757
21	34860533	34861699	54943
21	34876430	34876621	2618
21	34876718	34876833	2618
21	34877867	34878008	2618
21	34878280	34878410	2618
21	34882089	34882226	2618
21	34883558	34883764	2618
21	34889295	34889447	2618
21	34889663	34889914	2618
21	34892670	34892868	2618
21	34893212	34893321	2618
21	34894494	34894588	2618
21	34897071	34897306	2618
21	34900472	34900640	2618
21	34900824	34900909	2618
21	34901155	34901242	2618
21	34903064	34903189	2618
21	34903794	34903862	2618
21	34904650	34904761	2618
21	34906884	34907058	2618
21	34907530	34907625	2618
21	34911476	34911620	2618
21	34915398	34915474	6651
21	34918518	34918684	6651
21	34921781	34927696	6651
21	34929461	34929621	6651
21	34931535	34931681	6651
21	34931892	34932080	6651
21	34932182	34932436	6651
21	34939462	34939572	6651
21	34941276	34941392	6651
21	34945613	34945760	6651
21	34947901	34947972	6651
21	34948083	34948198	6651
21	34948670	34948729	6651
21	34950612	34950749	29980
21	34951655	34951867	29980
21	34953607	34953805	29980
21	34954256	34954360	29980
21	34954470	34954551	29980
21	34955793	34955971	29980
21	34956895	34957073	29980
21	34958283	34958486	29980
21	34959827	34959907	29980
21	34960626	34960946	29980
21	34962127	34962226	9946
21	34963467	34963512	9946
21	34968036	34968141	9946
21	34969585	34969706	9946
21	34971455	34971553	9946
21	34974539	34974650	9946
21	34975709	34975842	9946
21	34985843	34985911	9946
21	34989011	34989055	9946
21	34994301	34994373	9946
21	34996988	34997065	9946
21	35003791	35003856	9946
21	35091133	35091160	6453
21	35093482	35093574	6453
21	35094892	35094955	6453
21	35107348	35107508	6453
21	35122447	35122626	6453
21	35124114	35124210	6453
21	35127601	35127701	6453
21	35134226	35134289	6453
21	35138178	35138315	6453
21	35140016	35140131	6453
21	35144364	35144626	6453
21	35147032	35147181	6453
21	35147271	35147411	6453
21	35153764	35153851	6453
21	35154297	35154436	6453
21	35166644	35166771	6453
21	35169682	35169911	6453
21	35172111	35172232	6453
21	35174733	35174747	6453
21	35183278	35183525	6453
21	35186216	35186375	6453
21	35190570	35190775	6453
21	35191544	35191626	6453
21	35195790	35195956	6453
21	35199121	35199166	6453
21	35201927	35202048	6453
21	35206610	35206727	6453
21	35208744	35208935	6453
21	35209290	35209291	6453
21	35229039	35229160	6453
21	35230989	35231095	6453
21	35237454	35237637	6453
21	35239536	35239634	6453
21	35247657	35247824	6453
21	35254546	35254758	6453
21	35255853	35255974	6453
21	35257344	35257426	6453
21	35257742	35257825	6453
21	35258590	35258763	6453
21	35260455	35260603	6453
21	35275829	35275942	539
21	35276238	35276324	539
21	35279644	35279756	539
21	35281385	35281514	539
21	35284592	35284702	539
21	35286753	35286803	539
21	35288031	35288066	539
21	35446000	35446044	64968
21	35467497	35469653	6526
21	35497640	35497779	64968
21	35514707	35514899	64968
21	35742777	35743148	9992
21	35751803	35751814	54065
21	35757775	35757939	54065
21	35821542	35821931	3753
21	35890381	35890553	1827
21	35893796	35893955	1827
21	35895834	35895854	1827
21	35895854	35896007	1827
21	35898960	35899046	1827
21	35987058	35987309	1827
21	36041687	36043060	54102
21	36079577	36079686	54102
21	36080241	36080366	54102
21	36080997	36081103	54102
21	36081654	36081835	54102
21	36088618	36088779	54102
21	36164431	36164906	861
21	36171597	36171758	861
21	36193964	36193992	861
21	36206706	36206897	861
21	36231770	36231874	861
21	36252853	36253009	861
21	36259139	36259392	861
21	36259392	36259408	861
21	36265221	36265259	861
21	36421138	36421195	861
21	37408414	37408548	54093
21	37410447	37410570	54093
21	37412872	37412952	54093
21	37414104	37414185	54093
21	37416056	37416253	54093
21	37417879	37418308	54093
21	37420605	37420693	54093
21	37425880	37425917	54093
21	37429406	37429501	54093
21	37431113	37431185	54093
21	37442413	37442701	873
21	37443247	37443354	873
21	37444743	37445179	873
21	37507490	37507778	874
21	37510122	37510229	874
21	37515263	37515712	257203
21	37518373	37518809	874
21	37537031	37537168	9980
21	37571367	37571548	9980
21	37572628	37572798	9980
21	37581012	37581201	9980
21	37583850	37583948	9980
21	37584271	37584394	9980
21	37586378	37586487	9980
21	37586739	37586853	9980
21	37591669	37591789	9980
21	37595528	37595647	9980
21	37597862	37597964	9980
21	37599983	37600174	9980
21	37602747	37603431	9980
21	37605101	37605372	9980
21	37609559	37609711	9980
21	37610898	37610998	9980
21	37612062	37612252	9980
21	37617345	37618974	9980
21	37619814	37619925	9980
21	37620677	37620865	9980
21	37623459	37623581	9980
21	37626069	37626206	9980
21	37632974	37633029	9980
21	37635843	37635947	9980
21	37636045	37636111	9980
21	37642310	37642454	9980
21	37649318	37649397	9980
21	37650272	37650381	9980
21	37650506	37650652	9980
21	37652582	37652643	9980
21	37653780	37653908	9980
21	37660311	37660447	9980
21	37661053	37661108	9980
21	37661342	37661503	9980
21	37664401	37664530	9980
21	37665617	37665868	9980
21	37692562	37692600	23515
21	37705943	37706015	23515
21	37709171	37709303	23515
21	37710029	37710243	23515
21	37711071	37711218	23515
21	37713696	37713843	23515
21	37716876	37717004	23515
21	37717209	37717328	23515
21	37721608	37721705	23515
21	37728917	37729021	23515
21	37732252	37732374	23515
21	37732481	37732555	23515
21	37734480	37734525	23515
21	37736390	37736556	23515
21	37741285	37742173	23515
21	37744671	37744828	23515
21	37747440	37747593	23515
21	37758434	37758559	8208
21	37759895	37760027	8208
21	37763848	37763965	8208
21	37766844	37766947	8208
21	37769712	37769808	8208
21	37771818	37771902	8208
21	37775055	37775148	8208
21	37781058	37781127	8208
21	37781671	37781762	8208
21	37783760	37783901	8208
21	37785181	37785612	8208
21	37787592	37787686	8208
21	37788572	37788663	8208
21	37833273	37833992	23562
21	38072046	38072220	6493
21	38081467	38081549	6493
21	38084832	38084921	6493
21	38092121	38092229	6493
21	38095345	38095430	6493
21	38098419	38098618	6493
21	38103345	38103451	6493
21	38114017	38114164	6493
21	38115687	38115855	6493
21	38117028	38117436	6493
21	38117436	38117573	6493
21	38119965	38120392	6493
21	38126546	38126717	3141
21	38128842	38129055	3141
21	38132027	38132141	3141
21	38137312	38137472	3141
21	38139518	38139585	3141
21	38269159	38269430	3141
21	38302550	38302732	3141
21	38308748	38309691	3141
21	38311131	38311182	3141
21	38348818	38348944	10281
21	38379072	38379175	53820
21	38380456	38380522	53820
21	38385850	38385917	53820
21	38390173	38390506	53820
21	38414270	38414371	10281
21	38415091	38415218	10281
21	38437881	38438011	51227
21	38439561	38439679	51227
21	38441851	38441923	51227
21	38444733	38444814	51227
21	38444814	38444886	51227
21	38459557	38459700	7267
21	38460132	38460174	7267
21	38460495	38460645	7267
21	38461098	38461185	7267
21	38462532	38462585	7267
21	38463592	38463712	7267
21	38466304	38466389	7267
21	38467649	38467743	7267
21	38468880	38468942	7267
21	38480691	38480745	7267
21	38494116	38494278	7267
21	38495282	38495327	7267
21	38496918	38497041	7267
21	38498379	38498442	7267
21	38501302	38501362	7267
21	38502132	38502395	259234
21	38504981	38505065	7267
21	38507679	38507813	7267
21	38510933	38511013	7267
21	38512860	38512972	7267
21	38516824	38516944	7267
21	38519780	38519902	7267
21	38520845	38520946	7267
21	38522377	38522469	7267
21	38523119	38523183	7267
21	38524192	38524328	7267
21	38525250	38525576	7267
21	38528956	38529207	7267
21	38532000	38532046	7267
21	38533103	38533159	7267
21	38534291	38534364	7267
21	38536352	38536516	7267
21	38537851	38538916	7267
21	38539856	38539921	7267
21	38544896	38545045	7267
21	38555075	38555214	7267
21	38558006	38558074	7267
21	38559349	38559445	7267
21	38560795	38560895	7267
21	38563634	38563724	7267
21	38564412	38564513	7267
21	38567975	38568336	7267
21	38569870	38569996	7267
21	38570182	38570325	7267
21	38572532	38572624	7267
21	38573740	38573874	7267
21	38597844	38597926	10311
21	38599954	38600106	10311
21	38600523	38600673	10311
21	38604677	38604751	10311
21	38605662	38605742	10311
21	38610760	38610909	10311
21	38612796	38612939	10311
21	38639538	38639594	10311
21	38792676	38792685	1859
21	38844985	38845181	1859
21	38850482	38850601	1859
21	38852939	38853127	1859
21	38858768	38858915	1859
21	38862476	38862762	1859
21	38865318	38865464	1859
21	38868419	38868559	1859
21	38877585	38877891	1859
21	38878401	38878525	1859
21	38878525	38878609	1859
21	38884213	38884256	1859
21	38884256	38884833	1859
21	38997460	38997785	3763
21	39086513	39087433	3763
21	39212959	39212983	3763
21	39671183	39672310	3772
21	39755324	39755844	2078
21	39762916	39762963	2078
21	39763580	39763636	2078
21	39764297	39764365	2078
21	39772495	39772566	2078
21	39774478	39774558	2078
21	39775427	39775630	2078
21	39795331	39795442	2078
21	39795442	39795482	2078
21	39817326	39817543	2078
21	39870286	39870303	2078
21	39891500	39891785	114041
21	39903379	39903461	114041
21	39906093	39906161	114041
21	39947585	39947623	2078
21	40181958	40182029	2114
21	40184926	40185037	2114
21	40186196	40186315	2114
21	40186704	40186904	2114
21	40188931	40189014	2114
21	40190348	40190569	2114
21	40191426	40191689	2114
21	40193509	40193627	2114
21	40194597	40194812	2114
21	40547515	40547589	8624
21	40549360	40549496	8624
21	40550374	40550572	8624
21	40551849	40551911	8624
21	40552210	40552361	8624
21	40553697	40553803	8624
21	40555177	40555310	8624
21	40558951	40559342	54014
21	40568184	40569340	54014
21	40570688	40571587	54014
21	40572144	40572311	54014
21	40574250	40574470	54014
21	40578033	40578199	54014
21	40581920	40582072	54014
21	40582711	40582854	54014
21	40584591	40584632	54014
21	40585406	40585478	54014
21	40587162	40587287	54014
21	40590077	40590197	54014
21	40590430	40590585	54014
21	40596333	40596394	54014
21	40597011	40597122	54014
21	40600425	40600507	54014
21	40601237	40601361	54014
21	40604102	40604209	54014
21	40604298	40604423	54014
21	40608520	40608709	54014
21	40610404	40610498	54014
21	40619626	40619757	54014
21	40622721	40622814	54014
21	40627570	40627753	54014
21	40630412	40630597	54014
21	40636385	40636610	54014
21	40636816	40636944	54014
21	40641824	40641958	54014
21	40642208	40642358	54014
21	40646299	40646397	54014
21	40648098	40648138	54014
21	40649176	40649276	54014
21	40650668	40650738	54014
21	40652073	40652173	54014
21	40665736	40665957	54014
21	40667668	40667828	54014
21	40668190	40668288	54014
21	40670343	40670507	54014
21	40684766	40684825	54014
21	40684997	40685026	54014
21	40685166	40685224	54014
21	40685368	40685416	54014
21	40715037	40715084	3150
21	40717071	40717199	3150
21	40720217	40720264	3150
21	40720347	40720376	3150
21	40720470	40720502	3150
21	40720828	40720842	3150
21	40752310	40752411	7485
21	40762623	40762788	7485
21	40763694	40763761	7485
21	40765091	40765205	7485
21	40768791	40768864	7485
21	40777807	40778537	150082
21	40781904	40782021	150082
21	40782189	40782292	150082
21	40783643	40783727	150082
21	40792631	40792768	150082
21	40794901	40795415	150082
21	40800097	40800418	150082
21	40823833	40824066	6450
21	40834300	40834485	6450
21	40847060	40847140	6450
21	40871748	40871840	6450
21	40880924	40880953	6450
21	40883606	40883701	6450
21	41032486	41033418	10317
21	41117436	41117452	150084
21	41118142	41118224	150084
21	41137461	41137778	150084
21	41142842	41143141	150084
21	41151016	41151231	150084
21	41160093	41160114	150084
21	41163934	41164025	150084
21	41165460	41165539	150084
21	41173188	41173283	150084
21	41239427	41239435	5121
21	41270400	41270451	5121
21	41300908	41301035	5121
21	41384960	41385312	1826
21	41414297	41414599	1826
21	41416004	41416201	1826
21	41423884	41424033	1826
21	41427651	41427766	1826
21	41434795	41434825	1826
21	41446963	41447139	1826
21	41450613	41450903	1826
21	41452078	41452266	1826
21	41455834	41455932	1826
21	41457528	41457691	1826
21	41459096	41459213	1826
21	41465647	41465800	1826
21	41496121	41496254	1826
21	41505780	41505935	1826
21	41514484	41514630	1826
21	41516417	41516657	1826
21	41539144	41539214	1826
21	41550853	41551020	1826
21	41559057	41559185	1826
21	41559817	41559913	1826
21	41560968	41561164	1826
21	41648023	41648196	1826
21	41667981	41668100	1826
21	41684007	41684285	1826
21	41710027	41710302	1826
21	41711045	41711341	1826
21	41719596	41719871	1826
21	41725391	41725669	1826
21	41741025	41741171	1826
21	42006111	42006228	150135
21	42006779	42006900	150135
21	42007248	42007360	150135
21	42007462	42007537	150135
21	42064735	42064881	1826
21	42080379	42080696	1826
21	42218544	42218586	1826
21	42317488	42317901	150142
21	42396812	42397213	150147
21	42401474	42401560	150147
21	42540190	42540501	25825
21	42598192	42598280	25825
21	42609439	42609655	25825
21	42613745	42613873	25825
21	42615302	42615436	25825
21	42617888	42617989	25825
21	42622678	42622827	25825
21	42629084	42629252	25825
21	42647297	42647353	25825
21	42647353	42647550	25825
21	42688806	42688824	54097
21	42694849	42694992	54097
21	42710304	42710427	54097
21	42716402	42716460	54097
21	42717612	42717662	54097
21	42718939	42719026	54097
21	42720518	42720650	54097
21	42729034	42729123	54097
21	42748833	42749081	4600
21	42749715	42749907	4600
21	42751943	42752077	4600
21	42754336	42754490	4600
21	42762491	42762629	4600
21	42767513	42767711	4600
21	42769539	42769617	4600
21	42770823	42770945	4600
21	42771122	42771263	4600
21	42773896	42774054	4600
21	42775193	42775269	4600
21	42778670	42778924	4600
21	42779917	42780159	4600
21	42803997	42804101	4599
21	42807763	42807955	4599
21	42808941	42809078	4599
21	42811620	42811774	4599
21	42812813	42812951	4599
21	42813642	42813840	4599
21	42815714	42815792	4599
21	42817374	42817496	4599
21	42817926	42818067	4599
21	42821063	42821221	4599
21	42823093	42823169	4599
21	42824547	42824795	4599
21	42830454	42830684	4599
21	42838068	42838079	7113
21	42839660	42839812	7113
21	42840322	42840464	7113
21	42842574	42842669	7113
21	42843732	42843907	7113
21	42845251	42845422	7113
21	42848503	42848546	7113
21	42851098	42851208	7113
21	42852402	42852528	7113
21	42860320	42860439	7113
21	42861433	42861519	7113
21	42866282	42866504	7113
21	42870045	42870059	7113
21	42870059	42870115	7113
21	42879876	42879930	7113
21	43160997	43162156	54101
21	43164041	43164299	54101
21	43165918	43166021	54101
21	43166772	43166930	54101
21	43169313	43169362	54101
21	43171256	43171404	54101
21	43176684	43176975	54101
21	43187019	43187200	54101
21	43221399	43221881	63977
21	43222871	43223080	63977
21	43224693	43224773	63977
21	43230509	43230684	63977
21	43231108	43231191	63977
21	43236060	43236191	63977
21	43239937	43240056	63977
21	43240450	43240529	63977
21	43241422	43241585	63977
21	43242258	43242392	63977
21	43243673	43243804	63977
21	43246315	43246409	63977
21	43248521	43248688	63977
21	43255545	43255632	63977
21	43256221	43256315	63977
21	43256576	43256757	63977
21	43258042	43258171	63977
21	43259731	43259961	63977
21	43267198	43267299	63977
21	43274674	43274926	63977
21	43277284	43277437	63977
21	43279139	43279336	63977
21	43279700	43279793	63977
21	43280435	43280480	63977
21	43281671	43281859	63977
21	43282033	43282115	63977
21	43287408	43287485	63977
21	43291602	43291729	63977
21	43298803	43298968	63977
21	43299104	43299248	63977
21	43299378	43299479	63977
21	43309232	43309452	25966
21	43319161	43319470	25966
21	43321730	43321857	25966
21	43325832	43325945	25966
21	43327100	43327274	25966
21	43327768	43327892	25966
21	43329567	43329631	25966
21	43332440	43332548	25966
21	43334706	43334829	25966
21	43338213	43338335	25966
21	43338964	43339068	25966
21	43342080	43342106	25966
21	43342106	43342193	25966
21	43362255	43362353	25966
21	43373478	43373756	25966
21	43411003	43411997	49854
21	43411997	43414203	49854
21	43491425	43491500	89766
21	43496113	43496355	89766
21	43504193	43504354	89766
21	43505400	43505521	89766
21	43508403	43508589	89766
21	43510407	43510547	89766
21	43519035	43519289	89766
21	43522275	43522387	89766
21	43523977	43524196	89766
21	43529671	43529808	89766
21	43530989	43531230	89766
21	43531230	43531819	89766
21	43533682	43533939	89766
21	43535982	43536094	89766
21	43539220	43539433	89766
21	43541196	43541333	89766
21	43542940	43543259	89766
21	43546454	43546599	89766
21	43547115	43547351	89766
21	43547781	43547940	89766
21	43549822	43549906	89766
21	43557548	43557729	89766
21	43621785	43621832	9619
21	43636265	43636297	9619
21	43639372	43639413	9619
21	43640081	43640155	9619
21	43645780	43646023	9619
21	43691179	43691296	9619
21	43693412	43693544	9619
21	43697004	43697054	9619
21	43702383	43702528	9619
21	43704669	43704792	9619
21	43705989	43706103	9619
21	43707998	43708146	9619
21	43708146	43708182	9619
21	43708320	43708421	9619
21	43710159	43710327	9619
21	43711201	43711301	9619
21	43711607	43711765	9619
21	43714651	43714769	9619
21	43715907	43716001	114038
21	43716273	43716501	9619
21	43720279	43720346	114038
21	43722371	43722441	114038
21	43732365	43732378	7033
21	43733594	43733740	7033
21	43735402	43735525	7033
21	43766641	43766654	7032
21	43767594	43767740	7032
21	43769989	43770138	7032
21	43770987	43771065	7032
21	43782587	43782603	7031
21	43783363	43783515	7031
21	43786519	43786603	7031
21	43792870	43792887	64699
21	43795824	43795976	64699
21	43796649	43796794	64699
21	43800225	43800320	64699
21	43802090	43802342	64699
21	43803141	43803306	64699
21	43804078	43804121	64699
21	43805517	43805642	64699
21	43808511	43808634	64699
21	43809037	43809153	64699
21	43809547	43809927	54145
21	43810035	43810145	64699
21	43815432	43815525	64699
21	43824054	43824166	53347
21	43826416	43826469	53347
21	43829530	43829716	53347
21	43833132	43833330	53347
21	43833518	43833631	53347
21	43836550	43836719	53347
21	43838509	43838717	53347
21	43846805	43846928	53347
21	43852211	43852310	53347
21	43854941	43855063	53347
21	43857597	43857689	53347
21	43862561	43862705	53347
21	43863421	43863527	53347
21	43864643	43864752	53347
21	43867166	43867303	53347
21	43892927	43892979	89765
21	43896007	43896156	89765
21	43897400	43897553	89765
21	43902746	43902817	89765
21	43905778	43905913	89765
21	43906480	43906570	89765
21	43912867	43912972	89765
21	43913075	43913188	89765
21	43916242	43916295	89765
21	43938564	43938619	54020
21	43945885	43945966	54020
21	43954807	43954939	54020
21	43955581	43955659	54020
21	43959621	43959756	54020
21	43962513	43962589	54020
21	43963545	43963711	54020
21	43967212	43967249	54020
21	43974171	43974251	54020
21	43979067	43979198	54020
21	43981456	43981944	85006
21	43982187	43982277	54020
21	43983924	43983986	54020
21	43984817	43984902	54020
21	43985936	43985984	54020
21	43987094	43987167	54020
21	43988469	43988547	54020
21	43994927	43995024	54020
21	43999845	43999909	54020
21	44000454	44000469	54020
21	44055879	44056787	284837
21	44073924	44073992	5152
21	44106301	44106371	5152
21	44108026	44108103	5152
21	44117524	44117599	5152
21	44119077	44119120	5152
21	44151879	44152058	5152
21	44152179	44152233	5152
21	44153465	44153535	5152
21	44163885	44163969	5152
21	44171225	44171306	5152
21	44174099	44174173	5152
21	44179108	44179194	5152
21	44180437	44180541	5152
21	44180934	44181016	5152
21	44182192	44182348	5152
21	44185490	44185603	5152
21	44188297	44188401	5152
21	44189136	44189264	5152
21	44190812	44190907	5152
21	44192548	44192629	5152
21	44195389	44195402	5152
21	44256802	44256868	7109
21	44270158	44270351	10785
21	44272364	44272433	10785
21	44273678	44273861	10785
21	44274671	44274735	10785
21	44275791	44275889	10785
21	44276399	44276480	7109
21	44279771	44279831	10785
21	44282100	44282235	7109
21	44282391	44282503	10785
21	44283549	44283705	10785
21	44293660	44293800	10785
21	44296588	44296784	7109
21	44296811	44296876	10785
21	44299516	44299604	10785
21	44300006	44300201	7109
21	44303411	44303522	7109
21	44303773	44303813	7109
21	44313443	44313490	4731
21	44317036	44317156	4731
21	44323291	44324385	4731
21	44328973	44329130	4731
21	44424491	44424541	5316
21	44427600	44427727	5316
21	44430162	44430333	5316
21	44433177	44433347	5316
21	44437017	44437116	5316
21	44438242	44438339	5316
21	44441412	44441540	5316
21	44444980	44445056	5316
21	44448811	44448983	5316
21	44449999	44450210	5316
21	44473989	44474092	875
21	44476912	44476996	875
21	44478254	44478362	875
21	44478943	44479077	875
21	44479335	44479412	875
21	44480550	44480655	875
21	44482420	44482504	875
21	44483062	44483187	875
21	44484009	44484100	875
21	44485312	44485381	875
21	44485496	44485630	875
21	44485725	44485804	875
21	44486352	44486486	875
21	44488618	44488724	875
21	44492094	44492302	875
21	44513211	44513358	7307
21	44514580	44514672	7307
21	44514764	44514897	7307
21	44515547	44515645	7307
21	44515803	44515832	7307
21	44515832	44515852	7307
21	44520562	44520628	7307
21	44521475	44521541	7307
21	44524424	44524511	7307
21	44527560	44527603	7307
21	44535117	44535520	326
21	44536612	44536711	326
21	44537303	44537335	326
21	44537418	44537485	326
21	44538099	44538220	326
21	44538711	44538748	326
21	44549638	44549727	5211
21	44550110	44550245	5211
21	44550991	44551064	5211
21	44555316	44555393	5211
21	44556415	44556604	5211
21	44557288	44557453	5211
21	44557948	44557992	5211
21	44558223	44558331	5211
21	44560554	44560649	5211
21	44560742	44560834	5211
21	44562780	44562905	5211
21	44563661	44563725	5211
21	44564394	44564457	5211
21	44566039	44566185	5211
21	44566443	44566513	5211
21	44567272	44567359	5211
21	44568076	44568228	5211
21	44568801	44568965	5211
21	44569166	44569227	5211
21	44569463	44569574	5211
21	44570271	44570370	5211
21	44570469	44570574	5211
21	44571025	44571172	5211
21	44589209	44589397	1409
21	44590626	44590748	1409
21	44592180	44592389	1409
21	44836621	44836996	150094
21	44837422	44837653	150094
21	44838139	44838420	150094
21	44838900	44839116	150094
21	44839232	44839357	150094
21	44839738	44839884	150094
21	44840113	44840336	150094
21	44840889	44841012	150094
21	44841122	44841246	150094
21	44841517	44841678	150094
21	44841853	44841916	150094
21	44845286	44845402	150094
21	44845902	44846057	150094
21	44949633	44949841	11077
21	45012105	45012208	11077
21	45033710	45033827	11077
21	45050202	45050334	11077
21	45053152	45053301	11077
21	45064169	45064272	11077
21	45076467	45076617	11077
21	45077941	45077976	11077
21	45079545	45079674	23076
21	45089764	45089846	23076
21	45092188	45092245	23076
21	45093750	45093835	23076
21	45094516	45094577	23076
21	45094914	45095043	23076
21	45096152	45096216	23076
21	45096613	45096794	23076
21	45103159	45103253	23076
21	45104433	45104530	23076
21	45105650	45105669	23076
21	45106684	45106815	23076
21	45107396	45108120	23076
21	45110168	45110320	23076
21	45111319	45111382	23076
21	45113070	45113263	23076
21	45139175	45139261	8566
21	45153949	45154003	8566
21	45161547	45161651	8566
21	45163604	45163687	8566
21	45165959	45166005	8566
21	45168875	45168960	8566
21	45170380	45170425	8566
21	45172398	45172509	8566
21	45173463	45173599	8566
21	45175578	45175644	8566
21	45175831	45175943	8566
21	45178034	45178525	84537
21	45179154	45179438	84536
21	45179969	45180232	84536
21	45181881	45181946	84536
21	45194082	45194210	1476
21	45194538	45194639	1476
21	45196084	45196149	1476
21	45209510	45209642	8568
21	45211230	45211312	8568
21	45212552	45212609	8568
21	45213199	45213284	8568
21	45215069	45215130	8568
21	45217302	45217431	8568
21	45217511	45217575	8568
21	45217787	45217980	8568
21	45219450	45219529	8568
21	45220397	45220494	8568
21	45220742	45220761	8568
21	45222154	45222267	8568
21	45223392	45223654	8568
21	45379138	45379174	104
21	45379562	45379739	56894
21	45387826	45387995	56894
21	45388998	45389159	56894
21	45390533	45390686	56894
21	45391268	45391370	56894
21	45397926	45398001	56894
21	45400869	45401067	56894
21	45402184	45402272	56894
21	45415952	45416026	104
21	45420072	45421006	104
21	45424672	45424786	104
21	45426927	45427095	104
21	45427704	45427852	104
21	45429265	45429433	104
21	45432374	45432440	7109
21	45448897	45449078	104
21	45451971	45452052	7109
21	45457672	45457807	7109
21	45465178	45465356	104
21	45466360	45466539	104
21	45472160	45472356	7109
21	45475578	45475773	7109
21	45478983	45479094	7109
21	45483418	45483665	7109
21	45494204	45494350	7109
21	45494919	45495033	7109
21	45496432	45496508	7109
21	45497573	45497664	7109
21	45499444	45499584	7109
21	45499895	45500007	7109
21	45502668	45503182	7109
21	45504002	45504143	7109
21	45506682	45506840	7109
21	45507579	45507808	7109
21	45509713	45509813	7109
21	45510563	45510569	23275
21	45511803	45511929	7109
21	45511932	45512055	23275
21	45513943	45514113	7109
21	45514181	45514361	23275
21	45518237	45518414	7109
21	45521359	45521484	23275
21	45522445	45522511	23275
21	45522658	45522852	7109
21	45523173	45523411	7109
21	45526691	45526801	23275
21	45527297	45527314	5822
21	45527725	45527869	23275
21	45528864	45528976	5822
21	45530020	45530270	23275
21	45532083	45532213	23275
21	45533633	45533727	5822
21	45534059	45534158	5822
21	45534505	45534648	5822
21	45535144	45535279	5822
21	45535571	45535800	5822
21	45537700	45537843	5822
21	45538479	45538643	257103
21	45538643	45538713	5822,257103
21	45538713	45538976	257103
21	45539267	45539403	5822
21	45540228	45540376	5822
21	45540511	45540658	5822
21	45540832	45540982	5822
21	45542057	45542237	5822
21	45544460	45544607	5822
21	45545891	45545999	5822
21	45546780	45546845	5822
21	45547458	45547812	246704
21	45547812	45547857	246704,5822
21	45547857	45548030	5822
21	45548127	45548277	5822
21	45548432	45548506	5822
21	45548830	45548849	246704
21	45550478	45550652	5822
21	45553579	45553719	8209
21	45553983	45554035	8209
21	45555941	45556054	8209
21	45557058	45557177	8209
21	45560131	45560223	8209
21	45563086	45563242	8209
21	45564702	45564830	8209
21	45648916	45648926	23308
21	45649936	45649971	23308
21	45651162	45651326	23308
21	45655154	45655444	23308
21	45656749	45657099	23308
21	45658330	45658370	23308
21	45660686	45660699	23308
21	45665698	45665961	378832
21	45666279	45666444	29947
21	45666444	45666447	29947
21	45666754	45666906	378832
21	45668908	45668993	29947
21	45670692	45670831	29947
21	45671505	45671580	29947
21	45674499	45674587	29947
21	45675949	45676036	29947
21	45678405	45678576	29947
21	45679319	45679431	29947
21	45679514	45679593	29947
21	45680677	45680721	29947
21	45681036	45681141	29947
21	45705889	45706020	326
21	45706439	45706613	326
21	45706860	45707015	326
21	45707399	45707473	326
21	45708227	45708340	326
21	45709539	45709684	326
21	45709870	45709950	326
21	45710689	45711092	326
21	45712184	45712283	326
21	45712875	45713057	326
21	45713671	45713792	326
21	45714283	45714385	326
21	45716265	45716327	326
21	45717538	45717609	326
21	45719988	45720072	5211
21	45726563	45726636	5211
21	45730888	45730965	5211
21	45731987	45732176	5211
21	45732860	45733025	5211
21	45733520	45733564	5211
21	45733795	45733903	5211
21	45736126	45736221	5211
21	45736314	45736406	5211
21	45738352	45738477	5211
21	45739233	45739297	5211
21	45739966	45740029	5211
21	45741611	45741757	5211
21	45742015	45742085	5211
21	45742844	45742931	5211
21	45743648	45743800	5211
21	45744373	45744537	5211
21	45744738	45744799	5211
21	45745035	45745146	5211
21	45745843	45745942	5211
21	45746041	45746146	5211
21	45746597	45746744	5211
21	45750080	45750208	755
21	45750705	45750801	755
21	45751725	45751896	755
21	45752915	45753144	755
21	45755640	45755686	755
21	45757531	45757549	755
21	45759000	45759076	755
21	45759999	45760481	6573
21	45770158	45770299	6573
21	45773583	45773747	7226
21	45774530	45774618	7226
21	45775111	45775312	6573
21	45775730	45776324	6573
21	45783996	45784164	7226
21	45786636	45786816	7226
21	45789059	45789225	7226
21	45795715	45795895	7226
21	45797594	45797655	7226
21	45798879	45799079	7226
21	45802600	45802702	7226
21	45810786	45810907	7226
21	45811154	45811507	7226
21	45815296	45815433	7226
21	45817629	45817758	7226
21	45819178	45819323	7226
21	45820141	45820253	7226
21	45821563	45821779	7226
21	45825024	45825142	7226
21	45825787	45825919	7226
21	45826476	45826647	7226
21	45833773	45833956	7226
21	45837809	45837990	7226
21	45838305	45838437	7226
21	45843527	45843614	7226
21	45844734	45844821	7226
21	45845552	45845709	7226
21	45846542	45846618	7226
21	45846892	45846993	7226
21	45855013	45855099	7226
21	45856944	45857049	7226
21	45858949	45859050	7226
21	45860671	45860787	7226
21	45861574	45861699	7226
21	45876527	45877300	81543
21	45919665	45919818	54084
21	45924662	45924763	54084
21	45929081	45929268	54084
21	45941765	45941994	54084
21	45945535	45945721	54084
21	45947174	45947400	54084
21	45948334	45948465	54084
21	45949680	45949836	54084
21	45950925	45951015	54084
21	45953567	45953805	54084
21	45959184	45960032	386677
21	45970573	45971340	386679
21	45977932	45978597	386682
21	45987668	45987888	54084
21	45993635	45994840	386672
21	45999639	46000454	386680
21	46011267	46012364	386674
21	46032017	46032796	386681
21	46047088	46047966	386676
21	46057334	46058089	353333
21	46066375	46067271	386678
21	46074192	46074530	386684
21	46077896	46078186	386683
21	46086362	46086802	353323
21	46101747	46102037	353332
21	46117116	46117853	386685
21	46131347	46131428	54084
21	46191291	46191403	7327
21	46193461	46193601	7327
21	46197213	46197331	7327
21	46207834	46207874	7327
21	46207874	46207879	7327
21	46207974	46208009	7327
21	46221620	46221662	7327
21	46226865	46226954	6612
21	46228961	46229032	6612
21	46233890	46234018	6612
21	46237862	46237882	6612
21	46271495	46271541	754
21	46275124	46275170	754
21	46276107	46276278	754
21	46281077	46281185	754
21	46285309	46285361	754
21	46293416	46293530	754
21	46306282	46306344	3689
21	46306650	46306816	3689
21	46308607	46308809	3689
21	46309190	46309409	3689
21	46309892	46310136	3689
21	46311723	46311910	3689
21	46313318	46313458	3689
21	46314885	46314974	3689
21	46318981	46319076	3689
21	46320234	46320389	3689
21	46321406	46321647	3689
21	46323279	46323449	3689
21	46326829	46327009	3689
21	46330198	46330286	3689
21	46330639	46330696	3689
21	46359972	46360100	85395
21	46363598	46363751	85395
21	46380014	46380082	85395
21	46386948	46387095	85395
21	46393111	46393179	85395
21	46396594	46396717	85395
21	46591571	46591598	104
21	46595644	46596578	104
21	46600244	46600358	104
21	46602499	46602667	104
21	46603276	46603424	104
21	46604388	46604507	104
21	46604837	46605005	104
21	46624469	46624650	104
21	46640750	46640928	104
21	46641932	46642021	104
21	46642021	46642111	104
21	46645461	46645469	104
21	46685396	46685549	23275
21	46687365	46687627	23275
21	46689753	46689933	23275
21	46696931	46697056	23275
21	46698017	46698083	23275
21	46702263	46702373	23275
21	46703297	46703441	23275
21	46705592	46705842	23275
21	46707655	46707785	23275
21	46825145	46825155	80781
21	46825293	46825387	80781
21	46875444	46876089	80781
21	46888155	46888699	80781
21	46893808	46893894	80781
21	46895389	46895448	80781
21	46896264	46896393	80781
21	46897324	46897400	80781
21	46897663	46897878	80781
21	46898240	46898266	80781
21	46899815	46899877	80781
21	46899983	46900069	80781
21	46900380	46900433	80781
21	46900613	46900771	80781
21	46901876	46901938	80781
21	46902708	46902734	80781
21	46906774	46906905	80781
21	46907360	46907422	80781
21	46908331	46908357	80781
21	46909399	46909434	80781
21	46910188	46910259	80781
21	46910749	46910784	80781
21	46911138	46911227	80781
21	46912448	46912477	80781
21	46912600	46912626	80781
21	46913076	46913138	80781
21	46913414	46913488	80781
21	46914458	46914484	80781
21	46914775	46914828	80781
21	46915271	46915345	80781
21	46916413	46916481	80781
21	46916963	46917005	80781
21	46917512	46917574	80781
21	46923924	46923967	80781
21	46924329	46924469	80781
21	46925047	46925191	80781
21	46925271	46925344	80781
21	46925751	46925879	80781
21	46927474	46927506	80781
21	46929269	46929514	80781
21	46929977	46930174	80781
21	46931024	46931139	80781
21	46932101	46932311	80781
21	46935571	46936053	6573
21	46945730	46945871	6573
21	46950683	46950884	6573
21	46951302	46952061	6573
21	46957684	46957872	6573
21	47269999	47270008	54039
21	47316121	47316275	54039
21	47319512	47319535	54039
21	47320504	47320536	54039
21	47320910	47321026	54039
21	47329268	47329399	54039
21	47330815	47330943	54039
21	47333864	47333938	54039
21	47337501	47337542	54039
21	47349830	47349908	54039
21	47350699	47350758	54039
21	47355166	47355218	54039
21	47359943	47360112	54039
21	47361583	47361619	54039
21	47401764	47401860	1291
21	47402547	47402676	1291
21	47404182	47404382	1291
21	47406439	47406598	1291
21	47406857	47406985	1291
21	47407068	47407088	1291
21	47407412	47407432	1291
21	47407523	47407567	1291
21	47408997	47409050	1291
21	47409521	47409565	1291
21	47409665	47409691	1291
21	47410171	47410197	1291
21	47410291	47410335	1291
21	47410686	47410739	1291
21	47410892	47410954	1291
21	47411923	47411985	1291
21	47412077	47412130	1291
21	47412276	47412311	1291
21	47412661	47412723	1291
21	47414080	47414142	1291
21	47417334	47417396	1291
21	47417613	47417675	1291
21	47418034	47418084	1291
21	47418311	47418346	1291
21	47418810	47418872	1291
21	47419066	47419131	1291
21	47419570	47419605	1291
21	47420244	47420280	1291
21	47420672	47420680	1291
21	47421166	47421299	1291
21	47421874	47421983	1291
21	47422131	47422314	1291
21	47422440	47422623	1291
21	47423033	47423062	1291
21	47423304	47423926	1291
21	47531390	47531504	1292
21	47531892	47532490	1292
21	47532717	47532737	1292
21	47533921	47533986	1292
21	47535785	47535838	1292
21	47535922	47535966	1292
21	47536290	47536316	1292
21	47536564	47536590	1292
21	47536683	47536727	1292
21	47537313	47537366	1292
21	47537787	47537849	1292
21	47538527	47538589	1292
21	47538943	47539032	1292
21	47539701	47539763	1292
21	47540428	47540490	1292
21	47540974	47541036	1292
21	47541469	47541531	1292
21	47542021	47542071	1292
21	47542409	47542444	1292
21	47542788	47542850	1292
21	47544564	47544626	1292
21	47544798	47544833	1292
21	47545179	47545224	1292
21	47545378	47545530	1292
21	47545698	47546150	1292
21	47546416	47546454	1292
21	47548816	47548841	1292
21	47549109	47549404	1292
21	47551867	47552465	1292
21	47556900	47556986	10841
21	47557152	47557247	10841
21	47558421	47558559	10841
21	47558793	47558836	10841
21	47565330	47565491	10841
21	47565731	47565860	10841
21	47566179	47566240	10841
21	47570032	47570163	10841
21	47570301	47570438	10841
21	47571471	47571650	10841
21	47571805	47571893	10841
21	47572820	47572948	10841
21	47574062	47574245	10841
21	47575383	47575436	10841
21	47581292	47581618	84221
21	47581829	47581980	84221
21	47588221	47588302	84221
21	47588302	47588571	84221
21	47602537	47602729	84221
21	47611017	47611148	4047
21	47611794	47611872	4047
21	47614404	47614574	4047
21	47615589	47615669	4047
21	47616115	47616180	4047
21	47625749	47625854	4047
21	47626585	47626681	4047
21	47627341	47627490	4047
21	47628164	47628214	4047
21	47629467	47629538	4047
21	47630601	47630657	4047
21	47632938	47632965	4047
21	47633651	47633748	4047
21	47635093	47635211	4047
21	47635598	47635706	4047
21	47636302	47636437	4047
21	47639389	47639485	4047
21	47641767	47641888	4047
21	47642543	47642651	4047
21	47647465	47647543	4047
21	47647543	47647603	4047
21	47648347	47648512	4047
21	47648645	47648658	4047
21	47655181	47655339	8888
21	47656742	47656892	8888
21	47660724	47660930	8888
21	47662715	47662844	8888
21	47663378	47663635	8888
21	47664720	47665110	8888
21	47666220	47666317	8888
21	47666541	47666799	8888
21	47671442	47671595	8888
21	47674305	47674439	8888
21	47674689	47674757	8888
21	47676702	47676899	8888
21	47678852	47679004	8888
21	47680706	47680819	8888
21	47681193	47681324	8888
21	47684030	47684130	8888
21	47685234	47685436	8888
21	47685838	47686079	8888
21	47686895	47687055	8888
21	47690314	47690476	8888
21	47692474	47692742	8888
21	47693301	47693498	8888
21	47695099	47695238	8888
21	47697440	47697630	8888
21	47699906	47700050	8888
21	47700410	47700488	8888
21	47703528	47703751	8888
21	47703981	47705199	8888
21	47706827	47707036	54059
21	47711247	47711375	54059
21	47716075	47716143	54059
21	47717452	47717547	54059
21	47721912	47722067	54058
21	47722398	47722489	54058
21	47731369	47731480	54058
21	47734629	47734793	54058
21	47735387	47735460	54058
21	47737121	47737181	54058
21	47737925	47738133	54058
21	47742552	47742651	54058
21	47744142	47744195	5116
21	47746290	47746502	5116
21	47754310	47754681	5116
21	47766041	47766121	5116
21	47766656	47766911	5116
21	47767370	47767425	5116
21	47768925	47769099	5116
21	47769597	47769733	5116
21	47771342	47771453	5116
21	47773017	47773239	5116
21	47773900	47773981	5116
21	47775366	47775540	5116
21	47776888	47777105	5116
21	47783394	47783848	5116
21	47786498	47787053	5116
21	47801608	47801754	5116
21	47805746	47805897	5116
21	47808656	47808798	5116
21	47809113	47809345	5116
21	47810584	47810746	5116
21	47811078	47811290	5116
21	47817178	47817407	5116
21	47817927	47818043	5116
21	47818148	47818168	5116
21	47819503	47819709	5116
21	47821464	47821634	5116
21	47822244	47822396	5116
21	47831102	47831980	5116
21	47832750	47832905	5116
21	47835982	47836752	5116
21	47838117	47838219	5116
21	47841883	47842037	5116
21	47845744	47845884	5116
21	47847535	47847708	5116
21	47848308	47848503	5116
21	47849923	47850145	5116
21	47850420	47850570	5116
21	47851442	47852128	5116
21	47855816	47856060	5116
21	47856891	47856993	5116
21	47858076	47858249	5116
21	47859995	47860114	5116
21	47860767	47860996	5116
21	47862409	47862485	5116
21	47863722	47863860	5116
21	47864606	47864733	5116
21	47865196	47865239	5116
21	47879044	47879134	23181
21	47904669	47904740	23181
21	47910512	47910631	23181
21	47916900	47917019	23181
21	47918494	47918745	23181
21	47924273	47924401	23181
21	47929169	47929288	23181
21	47931329	47931526	23181
21	47949004	47949095	23181
21	47952039	47952149	23181
21	47953436	47953559	23181
21	47953916	47954025	23181
21	47954497	47954599	23181
21	47957136	47957200	23181
21	47957358	47957451	23181
21	47958395	47958514	23181
21	47959789	47959903	23181
21	47961668	47961807	23181
21	47965049	47965185	23181
21	47965793	47965873	23181
21	47966827	47966954	23181
21	47966954	47966958	23181
21	47969683	47969797	23181
21	47969797	47969830	23181
21	47970455	47970656	23181
21	47971546	47971655	23181
21	47971736	47971816	23181
21	47974081	47974204	23181
21	47974487	47974608	23181
21	47974734	47974845	23181
21	47975894	47976003	23181
21	47976315	47976341	23181
21	47976851	47976981	23181
21	47977497	47977665	23181
21	47978135	47978305	23181
21	47980634	47980695	23181
21	47981660	47981717	23181
21	47983770	47983844	23181
21	47985625	47985799	23181
21	47986472	47986595	23181
21	47987282	47987534	23181
21	48019275	48019415	6285
21	48022190	48022327	6285
21	48056863	48056901	3275
21	48063446	48063550	3275
21	48064217	48064399	3275
21	48068369	48068530	3275
21	48069486	48069650	3275
21	48078656	48078831	3275
21	48080744	48080873	3275
21	48081711	48081847	3275
21	48083294	48083465	3275
21	48084206	48084238	3275
