24	150854	150980	55344
24	155399	155535	55344
24	157314	157442	55344
24	158165	158320	55344
24	159701	159884	55344
24	165763	166001	55344
24	245101	245251	28227
24	249338	249444	28227
24	249512	249630	28227
24	251499	251652	28227
24	251652	251674	28227
24	252041	252130	28227
24	252617	252665	28227
24	256250	256406	28227
24	256908	256994	28227
24	257435	257509	28227
24	257968	258070	28227
24	258324	258427	28227
24	272139	272324	28227
24	297102	297425	28227
24	541632	541908	6473
24	545352	545560	6473
24	551555	551612	6473
24	551733	551821	6473
24	555125	555370	6473
24	569519	569563	6473
24	1351596	1351671	1438
24	1354670	1354812	1438
24	1357411	1357534	1438
24	1357651	1357780	1438
24	1359229	1359401	1438
24	1361596	1361671	1438
24	1363220	1363353	1438
24	1364319	1364348	1438
24	1364670	1364812	1438
24	1367411	1367534	1438
24	1367651	1367780	1438
24	1369229	1369383	1438
24	1369383	1369401	1438
24	1369401	1369518	1438
24	1372153	1372254	1438
24	1372815	1372911	1438
24	1373220	1373353	1438
24	1374319	1374338	1438
24	1374338	1374348	1438
24	1374348	1374393	1438
24	1374393	1374419	1438
24	1374520	1374627	1438
24	1378294	1378371	1438
24	1378371	1378481	1438
24	1382815	1382862	1438
24	1410658	1410721	3563
24	1414208	1414326	3563
24	1417323	1417437	3563
24	1420992	1421124	3563
24	1421214	1421398	3563
24	1425113	1425228	3563
24	1427753	1427779	3563
24	1434030	1434144	3563
24	1447551	1447656	3563
24	1449915	1449996	3563
24	1451283	1451357	3563
24	1455494	1455651	293
24	1456171	1456311	293
24	1458133	1458619	293
24	1460791	1460901	293
24	1472161	1472381	8623
24	1481624	1481746	8623
24	1486865	1487008	8623
24	1487874	1488006	8623
24	1490550	1490734	8623
24	1494417	1494579	8623
24	1496626	1497013	8623
24	1501161	1501269	8623
24	1503914	1503975	8623
24	1504586	1504650	8623
24	1507989	1508036	8623
24	1511078	1511128	8623
24	1511128	1511209	8623
24	1521640	1521732	8623
24	1534371	1535450	286530
24	1662355	1663116	8227
24	1664276	1664424	8227
24	1668084	1668324	8227
24	1669551	1670486	8227
24	1684092	1684160	438
24	1692031	1692205	438
24	1693161	1693290	438
24	1696595	1696663	438
24	1698713	1698831	438
24	1701596	1701679	438
24	1702042	1702182	438
24	1705330	1705452	438
24	1711695	1711906	438
24	2089081	2089269	207063
24	2111063	2111270	207063
24	2134780	2134987	207063
24	2159542	2159643	207063
24	2276785	2276853	207063
24	2293237	2293344	207063
24	2356675	2358759	9189
24	2368857	2368965	207063
24	2559401	2559467	4267
24	2582462	2582494	4267
24	2585645	2585692	4267
24	2587701	2587745	4267
24	2588396	2588464	4267
24	2590667	2590714	4267
24	2591354	2591404	4267
24	2594300	2594413	4267
24	2606240	2606296	4267
24	2608819	2608844	4267
24	2655029	2655643	6736
24	2709665	2709667	6192
24	2710205	2710282	6192
24	2712117	2712297	6192
24	2713686	2713783	6192
24	2722640	2722811	6192
24	2733128	2733285	6192
24	2734833	2734934	6192
24	2821977	2822037	7544
24	2829114	2829686	7544
24	2843135	2843284	7544
24	2843551	2843694	7544
24	2844710	2844862	7544
24	2845980	2846120	7544
24	2846850	2848033	7544
24	3447285	3447842	90655
24	4900737	4900768	83259
24	4924864	4925499	83259
24	4966255	4968747	83259
24	4972384	4972401	83259
24	6114309	6114794	64591
24	6115396	6115473	64591
24	6115602	6115713	64591
24	6115815	6115960	64591
24	6116067	6116148	64591
24	6116843	6116865	64591
24	6734113	6734118	266
24	6736077	6736502	266
24	6736772	6736816	266
24	6738046	6738093	266
24	6740595	6740648	266
24	6893125	6893182	90665
24	6911020	6911165	90665
24	6931937	6932189	90665
24	6938236	6938368	90665
24	6938760	6938901	90665
24	6939600	6939663	90665
24	6939773	6939870	90665
24	6942600	6942660	90665
24	6948772	6948893	90665
24	6953938	6954012	90665
24	6954330	6954457	90665
24	6955307	6955472	90665
24	6958129	6958230	90665
24	6959512	6959532	90665
24	7142353	7142518	5616
24	7171977	7172145	5616
24	7193946	7194209	5616
24	7209155	7209274	5616
24	7224175	7224270	5616
24	7235396	7235414	5616
24	9175118	9175621	728395
24	9176229	9176306	728395
24	9176435	9176546	728395
24	9176648	9176793	728395
24	9176900	9176981	728395
24	9177676	9177698	728395
24	9236075	9236560	728137
24	9237168	9237245	728137
24	9237374	9237485	728137
24	9237587	9237732	728137
24	9237839	9237920	728137
24	9238615	9238637	728137
24	9304609	9305094	7258
24	9305702	9305779	7258
24	9305908	9306019	7258
24	9306121	9306266	7258
24	9306373	9306454	7258
24	9307147	9307169	7258
24	14821380	14821475	8287
24	14832521	14832669	8287
24	14834040	14834119	8287
24	14837045	14837157	8287
24	14838507	14838725	8287
24	14847545	14847660	8287
24	14847931	14848182	8287
24	14848344	14848482	8287
24	14850090	14850242	8287
24	14851458	14851562	8287
24	14869121	14869327	8287
24	14870435	14870571	8287
24	14872413	14872546	8287
24	14883001	14883088	8287
24	14885516	14885858	8287
24	14887404	14887499	8287
24	14888582	14888793	8287
24	14889952	14890192	8287
24	14890539	14890688	8287
24	14891459	14891579	8287
24	14898136	14898266	8287
24	14898454	14898732	8287
24	14902339	14902464	8287
24	14903431	14903556	8287
24	14904964	14905133	8287
24	14922113	14922221	8287
24	14922606	14922752	8287
24	14923569	14923715	8287
24	14924764	14924986	8287
24	14928058	14928278	8287
24	14930354	14930544	8287
24	14945613	14945786	8287
24	14949836	14949977	8287
24	14951789	14952539	8287
24	14952935	14953058	8287
24	14954165	14954390	8287
24	14954988	14955117	8287
24	14958257	14958442	8287
24	14958857	14959077	8287
24	14959163	14959251	8287
24	14968264	14968420	8287
24	14968557	14968769	8287
24	14969490	14969585	8287
24	14971203	14971340	8287
24	15016847	15016891	8653
24	15019447	15019504	8653
24	15021270	15021317	8653
24	15023750	15023879	8653
24	15024638	15024793	8653
24	15024874	15024973	8653
24	15025629	15025764	8653
24	15026475	15026560	8653
24	15026795	15026893	8653
24	15026978	15027138	8653
24	15027541	15027685	8653
24	15027794	15027938	8653
24	15028172	15028353	8653
24	15028428	15028545	8653
24	15028818	15028971	8653
24	15029314	15029453	8653
24	15029954	15030033	8653
24	15361735	15361761	7404
24	15362896	15363066	7404
24	15372157	15372283	7404
24	15409582	15409727	7404
24	15410836	15411023	7404
24	15414756	15414870	7404
24	15417278	15417426	7404
24	15417917	15417991	7404
24	15418065	15418129	7404
24	15434993	15435247	7404
24	15435434	15435639	7404
24	15436480	15436585	7404
24	15438100	15438229	7404
24	15447442	15448214	7404
24	15466882	15467277	7404
24	15467802	15467897	7404
24	15469756	15469848	7404
24	15471646	15471865	7404
24	15472309	15472407	7404
24	15478146	15478272	7404
24	15481135	15481228	7404
24	15505738	15505772	7404
24	15508797	15508851	7404
24	15522872	15522992	7404
24	15526614	15526672	7404
24	15560896	15560945	7404
24	15582000	15582108	7404
24	15591133	15591196	7404
24	15591393	15591544	7404
24	15816215	15816314	9087
24	15817104	15817138	9087
24	16097750	16098025	353513
24	16098218	16098319	353513
24	16168169	16168270	9084
24	16168463	16168738	9084
24	16733999	16734470	22829
24	16831338	16831397	22829
24	16834996	16835148	22829
24	16845331	16845416	22829
24	16936067	16936252	22829
24	16941609	16942398	22829
24	16952292	16953141	22829
24	19168061	19168573	86614
24	19171387	19171496	86614
24	19172056	19172077	86614
24	19990146	19991771	203611
24	20017038	20017384	286554
24	20023915	20024005	286554
24	20137994	20139619	9426
24	20708673	20709185	86614
24	20709664	20710356	86614
24	20750421	20750519	86614
24	20893654	20893752	159119
24	20933820	20934512	159119
24	20934991	20935503	159119
24	21749110	21749392	246126
24	21751406	21751497	246126
24	21751968	21751988	246126
24	21759518	21759550	84663
24	21761624	21761716	84663
24	21764101	21764196	84663
24	21765682	21766005	84663
24	21867880	21868230	8284
24	21868326	21868525	8284
24	21868679	21868748	8284
24	21869032	21869631	8284
24	21869819	21869956	8284
24	21870129	21870308	8284
24	21870760	21870898	8284
24	21871336	21871694	8284
24	21872261	21872357	8284
24	21877237	21877384	8284
24	21877500	21877624	8284
24	21877708	21877889	8284
24	21878164	21878358	8284
24	21878481	21878600	8284
24	21882757	21882919	8284
24	21883015	21883196	8284
24	21885226	21885318	8284
24	21893657	21893815	8284
24	21893931	21894050	8284
24	21894469	21894627	8284
24	21897237	21897382	8284
24	21897506	21897635	8284
24	21901413	21901547	8284
24	21903203	21903373	8284
24	21903620	21903742	8284
24	21905047	21905124	8284
24	21906270	21906419	8284
24	22737757	22737772	9086
24	22741493	22741576	9086
24	22744475	22744578	9086
24	22746359	22746409	9086
24	22749909	22749990	9086
24	22751369	22751460	9086
24	22754226	22754231	9086
24	22781793	22782020	83863
24	22918049	22918051	140032
24	22918663	22918740	140032
24	22921753	22921933	140032
24	22923169	22923266	140032
24	22930690	22930861	140032
24	22941394	22941551	140032
24	22942816	22942917	140032
24	23675236	23675344	378948
24	23675819	23675922	378948
24	23678942	23679119	378948
24	23681035	23681187	378948
24	23683198	23683312	378948
24	23684268	23684378	378948
24	23684820	23684930	378948
24	23685365	23685475	378948
24	23686397	23686507	378948
24	23686595	23686683	378948
24	23687095	23687393	378948
24	23698777	23698885	5940
24	23699360	23699463	5940
24	23702483	23702660	5940
24	23704576	23704728	5940
24	23706739	23706853	5940
24	23707809	23707919	5940
24	23708361	23708471	5940
24	23708906	23709016	5940
24	23709938	23710048	5940
24	23710135	23710223	5940
24	23710635	23710933	5940
24	24026500	24026798	378949
24	24027210	24027298	378949
24	24027386	24027496	378949
24	24028418	24028528	378949
24	24028963	24029073	378949
24	24029515	24029625	378949
24	24030581	24030695	378949
24	24032706	24032858	378949
24	24034774	24034951	378949
24	24037971	24038074	378949
24	24038551	24038659	378949
24	24050042	24050340	378950
24	24050752	24050840	378950
24	24050927	24051037	378950
24	24051959	24052069	378950
24	24052504	24052614	378950
24	24053056	24053166	378950
24	24054122	24054236	378950
24	24056247	24056399	378950
24	24058315	24058492	378950
24	24061512	24061615	378950
24	24062092	24062200	378950
24	24218469	24218727	442862
24	24228226	24228341	442862
24	24230917	24230985	442862
24	24314966	24315264	159163
24	24315676	24315764	159163
24	24315851	24315961	159163
24	24316885	24316995	159163
24	24317430	24317540	159163
24	24317981	24318091	159163
24	24319047	24319161	159163
24	24321172	24321324	159163
24	24323240	24323417	159163
24	24326437	24326540	159163
24	24327007	24327115	159163
24	24551594	24551702	378951
24	24552171	24552274	378951
24	24555298	24555475	378951
24	24557391	24557543	378951
24	24559554	24559668	378951
24	24560624	24560734	378951
24	24561175	24561285	378951
24	24561720	24561830	378951
24	24562754	24562864	378951
24	24562951	24563039	378951
24	24563451	24563749	378951
24	24647711	24647779	9081
24	24650355	24650470	9081
24	24659958	24660216	9081
24	25281356	25281419	1617
24	25285993	25286027	1617
24	25286772	25286843	1617
24	25289157	25289228	1617
24	25298943	25299014	1617
24	25301320	25301391	1617
24	25303716	25303787	1617
24	25306099	25306170	1617
24	25308495	25308566	1617
24	25310886	25310957	1617
24	25313331	25313402	1617
24	25314803	25314942	1617
24	25315032	25315095	1617
24	25315532	25315583	1617
24	25316144	25316235	1617
24	25316510	25316656	1617
24	25325643	25325782	1617
24	25325872	25325935	1617
24	25326372	25326423	1617
24	25326984	25327075	1617
24	25327350	25327496	1617
24	25336491	25336630	1617
24	25336720	25336783	1617
24	25337220	25337271	1617
24	25337832	25337923	1617
24	25338198	25338344	1617
24	25344944	25344946	1617
24	25365887	25365889	57055
24	25372490	25372636	57055
24	25372911	25373002	57055
24	25373563	25373614	57055
24	25374051	25374114	57055
24	25374204	25374343	57055
24	25375744	25375815	57055
24	25378187	25378258	57055
24	25380578	25380649	57055
24	25382974	25383045	57055
24	25385356	25385427	57055
24	25387752	25387823	57055
24	25394909	25394980	57055
24	25402064	25402135	57055
24	25411853	25411924	57055
24	25414237	25414308	57055
24	25416622	25416693	57055
24	25419006	25419077	57055
24	25421390	25421461	57055
24	25423774	25423845	57055
24	25426159	25426230	57055
24	25426975	25427009	57055
24	25431584	25431647	57055
24	26191750	26191822	253175
24	26192212	26193834	253175
24	26772231	26772308	442867
24	26774368	26774485	442867
24	26777340	26777445	442867
24	26778138	26778156	442867
24	26915080	26915143	57054
24	26919716	26919750	57054
24	26920496	26920567	57054
24	26930283	26930354	57054
24	26932660	26932731	57054
24	26935040	26935111	57054
24	26937417	26937488	57054
24	26939796	26939867	57054
24	26942173	26942244	57054
24	26944569	26944640	57054
24	26946959	26947030	57054
24	26949402	26949473	57054
24	26950874	26951013	57054
24	26951103	26951166	57054
24	26951603	26951654	57054
24	26952215	26952306	57054
24	26952581	26952727	57054
24	26959329	26959331	57054
24	26980273	26980275	57135
24	26986877	26987023	57135
24	26987298	26987389	57135
24	26987950	26988001	57135
24	26988438	26988501	57135
24	26988591	26988730	57135
24	26997725	26997871	57135
24	26998146	26998237	57135
24	26998798	26998849	57135
24	26999286	26999349	57135
24	26999439	26999578	57135
24	27000979	27001050	57135
24	27003422	27003493	57135
24	27005812	27005883	57135
24	27008208	27008279	57135
24	27010592	27010663	57135
24	27012988	27013059	57135
24	27015365	27015436	57135
24	27029910	27029981	57135
24	27041834	27041905	57135
24	27042651	27042685	57135
24	27047258	27047321	57135
24	27184244	27184262	442868
24	27184955	27185060	442868
24	27187915	27188032	442868
24	27190092	27190169	442868
24	27768589	27770180	9085
24	27770180	27770211	9085
24	27770601	27770673	9085
24	59106539	59107405	10251
24	59222135	59222215	6845
24	59222215	59222280	6845
24	59228291	59228348	6845
24	59230781	59230918	6845
24	59233166	59233256	6845
24	59252482	59252549	6845
24	59272370	59272462	6845
24	59274552	59274620	6845
24	59274620	59274808	6845
24	59330430	59330457	3581
24	59335576	59335689	3581
