10	92828	120103	347688,643224
10	180405	300577	10771
10	320130	674578	22982
10	674578	677195	22982,101930421
10	677195	687629	101930421
10	687629	687718	100847086,101930421
10	687718	735683	100847086
10	855484	977564	23185
10	1034338	1064847	23560
10	1064847	1065876	91734,23560
10	1065876	1068606	91734
10	1068606	1071799	91734,55853
10	1071799	1085848	55853
10	1085848	1090138	3422,55853
10	1090138	1095110	3422
10	1095478	1178237	22884
10	1205708	1210612	399706
10	1228073	1568832	105
10	1568832	1599179	642394,105
10	1599179	1779670	642394
10	2047667	2056542	282980
10	2347277	2357269	399708
10	3107616	3108193	101927824
10	3108525	3179904	5214
10	3179920	3183824	10531
10	3183824	3210164	100507034,10531
10	3210164	3215003	100507034
10	3818188	3827473	1316
10	4067132	4070586	101927946
10	4093918	4131205	101927964
10	4243333	4286104	100652988
10	4426438	4452804	100507059
10	4692377	4697619	100216001
10	4697619	4704611	338588,100216001
10	4704611	4720346	338588
10	4828821	4890254	83592
10	4914093	4934167	389932
10	4934796	5025475	1645
10	5029967	5060223	1646,101930400
10	5077546	5149878	8644
10	5196335	5237425	340811
10	5237425	5244449	340811,1109
10	5244449	5260912	1109
10	5406972	5416169	114131
10	5435061	5446793	79861
10	5454514	5500426	10276
10	5540658	5541533	51806
10	5566924	5568225	810
10	5680830	5708558	79754
10	5726801	5805703	54906
10	5807186	5884095	2665
10	5903580	5931535	54522
10	5931535	5931869	84893,54522
10	5931869	5979556	84893
10	5990855	6020150	3601
10	6052652	6104288	3559
10	6130950	6159420	84991
10	6186881	6194159	5209
10	6194159	6194240	100422989,5209,100628560
10	6194240	6277495	100422989
10	6319650	6377944	399715
10	6469105	6622263	5588
10	6622381	6658414	439949
10	6660678	6667308	101928150
10	6821560	6884868	100507127
10	7200586	7453450	57713
10	7601232	7708961	80760
10	7745232	7791483	3698
10	7792925	7829990	22944
10	7830092	7849778	509
10	7860467	8058590	83860
10	8092413	8094205	399717
10	8094205	8095412	399717,399717
10	8095412	8095447	399717
10	8095567	8117161	2625
10	8301294	8310268	100507143
10	9317796	9329020	100507163
10	10100685	10105465	101928298
10	10826400	10836943	207107
10	10969021	10994197	254312
10	11047259	11117094	10659
10	11117094	11140436	10659,439950
10	11140436	11358797	439950
10	11358797	11361847	439950,414196
10	11361847	11378674	414196
10	11495945	11653304	9712,100507213
10	11653304	11653753	9712,100507213,439951
10	11653753	11654226	439951
10	11784365	11806069	79746
10	11865338	11891612	254427
10	11891612	11914276	254427,219731
10	11914276	11936699	219731
10	11962021	12085169	26019
10	12110971	12165224	55526
10	12171636	12172759	55176
10	12172759	12172815	100616488,55176
10	12172815	12207324	100616488
10	12207324	12211960	100616488,11164
10	12211960	12237964	11164
10	12237964	12238143	8872,11164
10	12238143	12292588	8872
10	12391481	12620752	57118
10	12620752	12620822	57118,100616151
10	12620822	12767253	100616151
10	12767253	12767352	100616151,100313841
10	12767352	12877545	100313841
10	12938627	13141449	83643
10	13141449	13141652	83643,10133
10	13141652	13180291	10133
10	13203554	13253104	55388
10	13259269	13259375	26827,26826,101954271
10	13263767	13276334	221044
10	13319796	13344412	5264
10	13359424	13390297	22929
10	13480484	13570974	222389
10	13628927	13652047	8559
10	13652047	13672868	101928497,101928524,8559
10	13672868	13685706	101928524,101928497
10	13685706	13710299	101928497,101928524,55691
10	13710299	14116283	55691
10	14116283	14129604	55691,101928453
10	14129604	14425199	101928453
10	14425199	14425276	101928453,100422843
10	14425276	14478575	100422843
10	14478575	14478660	100422843,100302116
10	14478660	14504141	100302116
10	14560556	14816896	83641
10	14861249	14880163	441549
10	14880163	14880574	51182,441549
10	14880574	14913740	51182
10	14920819	14939358	79723
10	14939358	14946314	64421,79723
10	14946314	14996431	64421
10	15001438	15030049	644890
10	15074226	15115851	55301
10	15119522	15130775	414149
10	15137384	15139179	221060
10	15139179	15139318	221060,10557
10	15139318	15144583	10557
10	15144583	15181817	10557,9397
10	15181817	15196801	9397
10	15196801	15197319	100192204,9397
10	15197319	15210692	100192204
10	15253642	15413061	221061
10	15555948	15762124	8516
10	15820169	15902519	80013
10	16478942	16555736	9317
10	16555742	16564004	389941
10	16632610	16859527	6251
10	16865963	17171830	8029
10	17184253	17244053	1787
10	17256238	17270258	100507347
10	17270258	17271984	100507347,7431
10	17271984	17279592	7431
10	17360382	17428935	338596
10	17428935	17455502	338596,100128098
10	17455502	17496329	100128098
10	17631958	17659376	9200
10	17686124	17757913	8027
10	17794251	17842867	101928799,653567
10	17851362	17887107	101928757
10	17887107	17887193	574445,101928757
10	17887193	17953178	574445
10	18041218	18089855	101928799,653567
10	18098352	18134036	4360,101928757
10	18134036	18134122	574445,101928757,4360
10	18134122	18200091	574445
10	18240768	18290715	221074
10	18290715	18299491	100129213,221074
10	18299491	18332221	100129213
10	18429606	18830798	783
10	18834490	18940551	221078
10	18948334	18970568	221079
10	19999257	20017479	101928834
10	20105168	20578785	84898
10	20840899	20840975	100616383
10	21068902	21414692	10529
10	21414692	21435488	10529,387638
10	21435488	21462943	387638
10	21462943	21463116	387638,100128511
10	21463116	21463977	100128511
10	21610890	21610996	100302741
10	21781587	21785491	399726
10	21785491	21785570	399726,100302129
10	21785570	21786191	100302129
10	21802407	21814611	387640
10	21823094	22032559	8028
10	22045466	22292698	64215
10	22497743	22498950	340900
10	22546715	22547477	100130992
10	22604903	22605317	23412
10	22605317	22609235	23412,100532731,648
10	22609235	22610140	100532731,648
10	22610140	22618471	100532731,648,648
10	22618471	22620413	648
10	22634399	22743153	9576
10	22823778	23003484	5305
10	23216953	23326518	219681
10	23384435	23410942	22921
10	23481256	23483181	256297
10	23556124	23633774	256815
10	23682334	23682396	100616217
10	23728198	23731308	220213
10	23983675	24564614	56243
10	24564614	24564710	693188,56243
10	24564710	24836772	693188
10	24872538	25012597	57584
10	25137536	25241533	56952
10	25270908	25305089	219670
10	25305587	25315593	79896
10	25447001	25463991	100128811
10	25463991	25465205	57512,100128811
10	25465205	25891155	57512
10	26223196	26501456	53904
10	26505236	26593487	2572
10	26727132	26856732	54518
10	26866605	26868024	101929117
10	26878794	26883253	645528
10	26932098	26942383	731789
10	26986588	27035522	23590
10	27035522	27035727	10006,23590
10	27035727	27150016	10006
10	27220135	27230930	387644
10	27280843	27389421	22852
10	27399383	27443753	10730
10	27443753	27444195	84930,10730
10	27444195	27475853	84930
10	27484146	27531059	91452
10	27535279	27548384	387646
10	27632365	27633846	101929180
10	27687116	27703297	374308
10	27793197	27831143	22931
10	27961804	28033715	283078
10	28033715	28034989	101929202,283078
10	28034989	28056723	101929202
10	28064115	28287977	55130
10	28339922	28623415	143098
10	28811581	28821422	220906
10	28821422	28821672	220906,51322
10	28821672	28912041	51322
10	28966271	28971868	25805
10	29078117	29081732	100507605
10	29081732	29085042	101929218,100507605
10	29085042	29097148	101929218
10	29135337	29170827	283080
10	29577990	29607257	84569
10	29698331	29746267	387647
10	29746267	29776674	387647,6840
10	29776674	29833933	6840
10	29833933	29834026	6840,693189
10	29834026	29891193	693189
10	29891193	29891275	100126327,693189
10	29891275	30025710	100126327
10	30301729	30404423	57608
10	30598730	30663377	55149
10	30722866	30750762	1326
10	30900718	30918691	119180
10	30960495	31006195	645954
10	31012180	31012669	101929332
10	31109136	31320866	220929
10	31476812	31495207	101929352
10	31495207	31550839	101930234,220930,101929352
10	31550839	31607424	220930,101930234
10	31607424	31609376	6935,220930,100996668,101930234
10	31609376	31650356	6935,100996668
10	31650356	31688682	6935,100996668,100505502
10	31688682	31818742	100996668,100505502
10	31982012	31996316	101930664,101929951
10	32094365	32217742	94134
10	32297938	32345359	3799
10	32556679	32636325	80314
10	32636325	32663416	102031319,80314
10	32663416	32667726	102031319
10	32735068	32832297	79741
10	32832297	32863492	79741,79741
10	32863492	33171802	79741
10	33189247	33247773	3688
10	33247773	33294720	101929475,3688
10	33294720	33371030	101929475
10	33466420	33625190	8829
10	34048641	34061586	100505583
10	34398488	35104253	56288
10	35104695	35105314	100505601
10	35297479	35368526	8453
10	35368526	35368608	100500890,8453
10	35368608	35379570	100500890
10	35415719	35501886	1390
10	35535953	35860852	219771
10	35894338	35897863	219770
10	35927177	35930100	8325
10	35930100	35930180	100616500,8325
10	35930180	35930362	100616500
10	37414785	37598113	91074
10	37598113	37635959	91074,101929520
10	37635959	37673039	101929520
10	37890366	37891859	100288485
10	38091751	38147034	57209
10	38238500	38265561	219749
10	38299578	38354016	7581
10	38383264	38414472	101929740,7587
10	38645305	38667433	158160
10	38989555	38991356	399746
10	42827314	42863422	441666
10	42903616	42967688	414194
10	42970991	42990784	84856
10	43008958	43048270	100129482
10	43084555	43133992	7582
10	43278249	43330385	9790,101929959
10	43366969	43369508	101929445
10	43493011	43493129	100847014
10	43572475	43625799	5979
10	43633934	43680756	55454
10	43689983	43762367	221002
10	43867090	43871783	53828
10	43881065	43904614	3185
10	44051792	44070066	8187
10	44101855	44113351	220992
10	44124265	44139307	414201
10	44139307	44139320	414201,7580
10	44139320	44140495	414201,7580,414197
10	44140495	44141390	414197
10	44141390	44143467	414208,414197
10	44143467	44144304	414208
10	44144304	44170151	7580
10	44282860	44285865	10151
10	44340754	44346070	414260
10	44354859	44390881	100506835
10	44793038	44881941	6387
10	45306472	45406648	220980
10	45406648	45432450	643236,220980
10	45432450	45454855	643236
10	45454855	45455137	643236,83937
10	45455137	45466429	83937
10	45466429	45474258	11067,83937
10	45474258	45491339	11067
10	45493146	45495923	220979
10	45495923	45496336	220979,7570
10	45496336	45500774	7570
10	45659462	45659536	100422988
10	45798102	45811056	79290
10	45869661	45941561	240
10	45950035	46090354	220972
10	46111043	46168228	93550
10	46201879	46222648	100288690
10	46222648	46222679	101930591,55747,253725,100288690
10	46222679	46288409	101930591,55747,253725
10	46321042	46349323	119016,101060581
10	46549955	46641045	653129,26095
10	46737612	46761205	728053
10	46797868	46809021	728218
10	46897592	46939143	414241,439965
10	46951472	46955444	101927699
10	46955444	46966835	101927699,83849
10	46966835	46971400	83849
10	46994087	47005643	9721
10	47011753	47083534	643650
10	47083534	47088320	643650,100996758
10	47088320	47157983	100996758
10	47157983	47174018	100996758,653145
10	47174018	47174093	653145
10	47177204	47181681	100133093,644054,643161
10	47191844	47228366	728127,642517
10	47228366	47239738	728127,642517,642826,414216
10	47239738	47241942	642826,414216
10	47271222	47272342	1517
10	47396223	47396822	101060032
10	47570513	47573872	101929917
10	47605211	47644793	100996567
10	47657581	47701443	195977
10	47746936	47746962	244,728113
10	47746962	47763041	728113,244,100996760
10	47763041	47770871	100996760
10	47894023	47949412	101930591,55747
10	48189612	48237508	642517
10	48247669	48252143	100133093,644054,643161,414155
10	48255253	48255279	653145
10	48255279	48279199	100996760,653145
10	48279199	48279200	100996760
10	48355024	48373866	118738
10	48381487	48390991	5949
10	48413092	48416853	2658
10	48425815	48438976	2662
10	48736874	48827966	101930271,26095,653129
10	48844036	48868504	728798
10	48901102	48950972	399761
10	49199649	49207818	100133093,644054,643161
10	49217898	49239729	414224
10	49364601	49482941	143162,101930006
10	49514698	49647403	5599
10	49654077	49864310	58504
10	49892921	50117528	57705
10	50117528	50143242	57705,474354
10	50143242	50191001	474354
10	50193557	50193632	100422895
10	50222290	50323554	196740
10	50329884	50339199	100506733
10	50339199	50342053	100506733,170370
10	50342053	50359592	170370
10	50362773	50396630	170371
10	50507187	50535537	118461
10	50572237	50603497	644168
10	50663414	50723151	2074
10	50723151	50723247	101243544,267004,2074,2074
10	50723247	50747086	101243544,267004,2074,2074
10	50747086	50747584	101243544,267004,2074
10	50817141	50818347	1103
10	50818347	50820765	6572,1103
10	50820765	50887697	6572
10	50887697	50901925	6572,282966
10	50901925	50918307	282966
10	50942689	50970425	55753
10	51026325	51130715	8505
10	51224681	51371321	119016,728404
10	51371390	51387768	100652748,653252
10	51464162	51486327	653268
10	51549498	51562517	4477
10	51565108	51590734	8031
10	51592080	51623365	100652748,100287932,653252
10	51623417	51732824	8505
10	51748078	51770259	119016,414189,101060581,728404
10	51780942	51827563	326332
10	51827648	51893269	55747,101930591,253725,387680
10	51942538	52008370	56624
10	52065360	52384923	259230
10	52499078	52559169	653308
10	52559169	52576255	29974,653308
10	52576255	52645435	29974
10	52750945	53059333	5592
10	53059333	53059415	693190,5592
10	53059415	53455247	693190
10	53455247	53459355	23283,693190
10	53459355	54058110	23283
10	54074056	54077802	22943
10	54210634	54230293	101928687
10	54525140	54531460	4153
10	55562531	56367634	65217
10	56367634	56367717	100302192,65217
10	56367717	57358750	100302192
10	57358750	57360488	100302192,100463289
10	57360488	57387702	100463289
10	58116989	58121036	11130
10	59064239	59064319	100500834
10	59951278	60027694	253430
10	60028818	60049346	55847
10	60094735	60130513	7321
10	60144782	60158981	7019
10	60272900	60591195	80114
10	60759386	60761303	100507008
10	60936350	61005890	84457
10	61005890	61007534	84457,220965
10	61007534	61122939	220965
10	61410523	61495760	220963
10	61496753	61513203	100507027
10	61548521	61666414	8030
10	61786056	62493248	288
10	62538089	62554610	983
10	62629196	62761198	9886
10	62776033	62786178	100507058
10	63166401	63212397	219623
10	63212397	63213208	101928781,219623
10	63213208	63241714	101928781
10	63422719	63526524	219621
10	63661059	63856703	84159
10	63942794	64028466	219790
10	64133951	64431771	22891
10	64564516	64568238	84890
10	64571756	64679660	1959
10	64893050	64914783	29982
10	64926981	65132717	221037
10	65132717	65132808	100302150,221037
10	65132808	65224989	100302150
10	65224989	65225722	100302150,84989
10	65225722	65226323	84989
10	65281123	65384883	221035
10	66660894	66684276	101928887
10	67672276	68685764	29119
10	68685764	68812367	347731,29119
10	68812367	68814786	347731,29119,101928938
10	68814786	68859588	101928938
10	68859588	69455927	347731
10	69556427	69597924	56521
10	69644427	69678147	23411
10	69681665	69835105	26091
10	69865912	69971774	84665
10	69990386	69991871	220202
10	70042417	70090931	64081
10	70090931	70092806	64081,3189
10	70092806	70100864	3189
10	70100864	70102948	55680,3189
10	70102948	70167051	55680
10	70173821	70231879	1763
10	70237756	70287231	8034
10	70320413	70454239	80312
10	70480769	70514929	55749
10	70514929	70514995	692211,55749
10	70514995	70519075	692211
10	70519075	70519171	692211,100302273
10	70519171	70552134	100302273
10	70587298	70655188	219736
10	70661034	70706603	79009
10	70715884	70744829	9188
10	70748487	70776738	26128
10	70847862	70864567	5552
10	70883268	70932617	9559
10	70939988	70968855	6832
10	70975089	70980059	101928994
10	70980059	70992246	80201,101928994
10	70992246	71027315	80201
10	71029740	71161638	3098
10	71163659	71176623	6865
10	71211229	71267425	23555
10	71331454	71332994	50674
10	71390007	71393352	219738
10	71561644	71724031	1305
10	71812552	71857979	55506
10	71857979	71872036	84883,55506
10	71872036	71892690	84883
10	71897737	71906432	219743
10	71907045	71930279	56681
10	71962586	71993667	5464
10	72007085	72043432	64106
10	72058729	72142382	55222
10	72164135	72188374	1979
10	72192071	72207707	4838
10	72238577	72328205	27143
10	72357104	72362531	5551
10	72432559	72522197	140766
10	72530995	72545157	219793
10	72575717	72640930	8879
10	72642037	72648541	5092
10	72698810	72715398	101929061
10	72972327	72976981	219699
10	72976981	72977985	219699,728978
10	72977985	73062621	728978
10	73079015	73123142	55315
10	73156691	73471458	64072,100653137
10	73471458	73497581	414152,64072,100653137
10	73497581	73507316	414152
10	73507316	73533255	414152,64115
10	73533255	73575702	64115
10	73576055	73611126	5660
10	73724123	73773322	9469
10	73818793	73848790	9806
10	73856278	73975787	51008
10	73975787	73976892	51008,119504
10	73976892	73995618	119504
10	74033678	74035794	54541
10	74092588	74114988	54788
10	74127098	74385899	10367
10	74451889	74480787	90550
10	74480787	74480858	100616286,90550
10	74480858	74647452	100616286
10	74653339	74692791	170392
10	74694928	74714536	84647
10	74766975	74856732	5033
10	74870217	74889913	25961
10	74889913	74891586	25961,11319
10	74891586	74927924	11319
10	74927924	74928813	317662,11319
10	74928813	74943120	317662
10	74943120	75004262	23234,317662
10	75004262	75006510	23234
10	75006510	75007118	23234,51021
10	75007118	75008620	51021,414245,51021
10	75008620	75012451	414245,51021
10	75012451	75012549	414245
10	75012549	75013517	414245,101929112
10	75013517	75014107	101929112,118491,101929112
10	75014107	75036742	118491,101929112
10	75036742	75118617	118491
10	75134859	75173834	310
10	75183339	75193319	118490
10	75196186	75255283	5532
10	75255283	75255782	101929145,5532
10	75255782	75257296	101929145
10	75257296	75279828	101929145,159195
10	75279828	75385711	159195
10	75391412	75401515	58529
10	75404639	75423561	79933
10	75434033	75457639	728127,119385,119016,728404,101060581,729092
10	75458909	75475601	729096
10	75475601	75490227	9790,729096
10	75490227	75490245	9790
10	75491582	75493396	2749
10	75504120	75531919	9632
10	75532049	75540009	170384
10	75541805	75543410	118487
10	75545340	75556272	23053
10	75556272	75561157	23053,100507331,8509
10	75561157	75561551	8509,100507331
10	75561551	75561669	8509
10	75561669	75571409	8509,8509
10	75571409	75571589	8509
10	75572259	75634343	818
10	75668935	75669727	5328
10	75669727	75677255	5328,414236
10	75677255	75682535	414236
10	75757872	75879918	7414
10	75881524	75910821	26985
10	75910960	76469061	132
10	76585340	76792380	23522
10	76797594	76818272	338599
10	76854192	76859344	51207
10	76859344	76868979	142891,51207
10	76868979	76941881	142891
10	76969912	76991206	7417
10	76993727	76995788	118881
10	77029577	77039484	253264
10	77039484	77133258	253264,101929189
10	77133258	77157588	101929189
10	77157588	77161004	101929189,84858
10	77161004	77161664	84858
10	77168915	77171600	101929234
10	77312216	77312311	693191
10	77360998	78319925	83938
10	78629359	78647802	3778
10	78647802	78740382	101929328,3778
10	78740382	78907410	101929328
10	78907410	78909858	101929328,101929310
10	78909858	79398353	101929310
10	79550549	79686378	9231
10	79734907	79789303	11128
10	79793518	79816570	6229
10	80008505	80027085	100132987
10	80027085	80090352	414243,100132987
10	80090352	80434724	414243
10	80703085	80827652	283050
10	80828792	81076276	57178
10	81107225	81115093	10105
10	81142081	81205383	219654
10	81272357	81276188	143244
10	81315608	81320153	729238
10	81370695	81375196	653509,729238
10	81422844	81462983	101060691
10	81462983	81474437	729262,101060691
10	81474437	81526085	729262
10	81585658	81587358	439994,642361
10	81664654	81697496	100288974,8512
10	81697496	81710092	100288974,6441,8512
10	81710092	81742370	6441
10	81806616	81838402	219347
10	81838402	81838668	80195,219347
10	81838668	81852313	80195
10	81891438	81905115	219348
10	81910645	81965328	311
10	81967466	81979413	439990
10	82031576	82049440	4143
10	82095861	82104501	143241
10	82104501	82116511	84332,143241
10	82116511	82127829	84332
10	82167585	82192753	84293
10	82213922	82289353	81619
10	82289353	82292879	101929574,81619
10	82292879	82295698	101929574
10	82297658	82406316	387694
10	83635070	84746935	10718
10	85899196	85913001	27069
10	85933494	85945050	387695
10	85954410	85979377	92211
10	85980254	85985345	340745
10	85991349	86001217	26103
10	86004809	86019716	5995
10	86039736	86054415	170425
10	86088342	86278273	54462
10	86953177	86957714	101929624
10	87191699	87192271	101929646
10	87192619	87208718	101929662
10	87209349	87251753	101929684
10	87359312	88024451	2894
10	88024451	88024545	442911,2894
10	88024545	88126250	442911
10	88195013	88281572	23063
10	88414314	88426605	94233
10	88428206	88495825	11155
10	88516407	88614453	657
10	88614453	88615993	79871,657
10	88615993	88692595	79871
10	88695297	88718375	79812
10	88718375	88723017	6623,79812
10	88723017	88727949	6623
10	88727949	88729238	6623,10974
10	88729238	88743691	10974
10	88780063	88784487	100133093,644054,643161
10	88810243	88853918	2746
10	88853918	88854623	2746,54537
10	88854623	88951225	54537
10	88963632	88985205	728190
10	88985205	88996665	728190,728118
10	88996665	89102369	728118
10	89264632	89313217	9562
10	89419370	89507462	9060
10	89511269	89577685	84896
10	89577685	89601100	142913,84896
10	89601100	89605369	142913
10	89618918	89622870	100144748
10	89622870	89623194	100144748,5728
10	89623194	89731687	5728
10	90033621	90344287	55328
10	90346510	90366733	142910
10	90424198	90438571	8513
10	90484301	90512543	643414
10	90521163	90537999	643418
10	90562487	90580303	340654
10	90581889	90611575	118932
10	90639491	90692400	57559
10	90692400	90694831	57559,100132116
10	90694831	90700368	57559,100132116,59
10	90700368	90734910	100132116,59
10	90734910	90750414	59
10	90750414	90751147	59,355
10	90751147	90775542	355
10	90823092	90823168	100616128,100616192
10	90965694	90967071	9023
10	90973326	91061712	3988
10	91061712	91069033	3433,3988
10	91069033	91087651	3433
10	91087651	91100728	3433,3437
10	91100728	91137813	3437
10	91137813	91144962	3437,439996
10	91144962	91152303	439996
10	91152303	91163745	439996,3434
10	91163745	91174314	3434
10	91174343	91180758	24138
10	91190051	91215821	387700
10	91215821	91227897	387700,101926906
10	91227897	91316398	101926906
10	91342745	91352500	53354
10	91352500	91352586	406901,53354
10	91352586	91405215	406901
10	91454052	91457685	283011
10	91461367	91534700	9585
10	91589267	91600618	643529
10	91675246	91717130	101926924
10	92162278	92300562	101926942
10	92500578	92617671	3363
10	92631473	92668312	10556
10	92671853	92681033	27063
10	92979908	93044088	84333
10	93170096	93274586	143279
10	93388199	93392811	5507
10	93542596	93558048	100507633
10	93558069	93625033	80351
10	93666346	93669240	143282
10	93683526	93790082	9044
10	93806449	94050844	22849
10	94050920	94113721	54708
10	94178424	94180632	100507674
10	94211441	94333833	3416
10	94353043	94415150	3832
10	94447945	94455403	3087
10	94590935	94819250	54536
10	94821021	94828454	340665
10	94833232	94837647	1592
10	95066186	95242074	26509
10	95256389	95288849	55165
10	95326422	95351444	338557
10	95351444	95361501	5950,338557
10	95361501	95364237	5950
10	95372345	95425767	5146
10	95427640	95462329	118924
10	95517566	95557916	9211
10	95653730	95715819	159371
10	95717948	95721297	266971
10	95753746	95841707	51196
10	95841707	95868571	101927049,51196
10	95868571	96039034	101927049
10	96039034	96046828	101927049,100128054
10	96046828	96075004	100128054
10	96075004	96092580	100128054,64318
10	96092580	96122716	64318
10	96162261	96295687	23232
10	96305547	96373662	3070
10	96443251	96447911	1562
10	96447911	96495947	1557,1562
10	96495947	96613017	1557
10	96698415	96749147	1559
10	96796530	96829254	1558
10	96953957	96988000	142827
10	96988000	96988685	101927063,142827
10	96988685	96990901	101927063
10	96997329	97050781	9124
10	97071528	97321171	10580
10	97365696	97416463	5832
10	97423158	97453900	26123
10	97471536	97512963	953
10	97512963	97637023	953,728558,101927104
10	97637023	97667360	728558,101927104
10	97667360	97698480	728558,101927104,100127889
10	97698480	97709725	100127889,728558,100127889
10	97709725	97733786	100127889,728558,387707
10	97733786	97744785	100127889,728558,387707
10	97744785	97792441	100127889,728558,387707
10	97792441	97803151	100127889,728558,387707
10	97803151	97820627	100127889,728558,54619,387707
10	97820627	97824072	100127889,728558,54619
10	97824072	97824156	100127889,728558,100422892,54619
10	97824156	97849995	728558,100422892,100127889
10	97889472	97951458	9849
10	97951458	97965044	9849,29760
10	97965044	98031344	29760
10	98064085	98098321	1791
10	98102973	98119092	93377
10	98124363	98273675	7093
10	98277866	98347209	56889
10	98353069	98480271	118788
10	98510045	98510675	728658
10	98588426	98588521	693192
10	98592017	98740800	84458
10	98741041	98745582	26148
10	98757795	98862513	84986,6585
10	98862513	98863504	84986,6585,100505540
10	98863504	98945677	100505540
10	98945677	98978996	84986
10	98978996	99052413	84986,84986
10	99079022	99081672	10023
10	99092255	99094458	23401
10	99116115	99161127	23223
10	99185917	99193198	5223
10	99195899	99205774	51013
10	99205927	99217127	84287
10	99218081	99258551	64210
10	99258625	99330966	80019
10	99332198	99343641	26287
10	99344080	99344131	112817
10	99344131	99349450	112817,55361
10	99349450	99350690	414157,112817,55361
10	99350690	99372559	414157
10	99372559	99374310	55361
10	99374310	99393344	118812,55361
10	99393344	99436191	118812
10	99437181	99447080	60370
10	99472930	99477907	83742
10	99496878	99520664	118813
10	99526508	99531709	6425
10	99588235	99609555	100505561
10	99609996	99624757	401647
10	99624757	99627889	55118,401647
10	99627889	99631294	55118,401647,101927218
10	99631294	99631337	401647,101927218
10	99631337	99790585	55118
10	99894387	100004654	27291
10	100007447	100011780	84171
10	100011780	100016332	84171,101927255
10	100016332	100028007	101927255
10	100143322	100154975	84795
10	100154975	100155064	84795,100302133
10	100155064	100174941	100302133
10	100175955	100191049	3257
10	100191049	100191117	100616482,3257
10	100191117	100206684	100616482
10	100218875	100995619	60495
10	101088856	101154087	26507
10	101156627	101190381	2805
10	101286107	101290934	101927324
10	101292690	101296278	159296
10	101370282	101380366	81894
10	101419263	101462315	57089
10	101462315	101465997	51076,57089
10	101465997	101471601	51076
10	101471601	101491857	51076,1355
10	101491857	101515891	1355
10	101542489	101611949	1244
10	101635334	101686767	23268
10	101686767	101718138	100188954,23268
10	101718138	101769676	100188954
10	101801950	101841634	1369
10	101909851	101948055	10613
10	101948055	101948091	10613,1147
10	101948091	101989376	1147
10	101992055	101996913	55280
10	101996913	101997059	55280,677800
10	101997059	102027437	677800
10	102033713	102046469	282991
10	102047903	102090243	9033
10	102106881	102124591	6319
10	102222798	102243501	7479
10	102246399	102265385	25956
10	102265385	102267203	4714,25956
10	102267203	102288829	4714,25956,4714
10	102288829	102289628	55662,4714,4714
10	102289628	102289638	55662,4714,4714
10	102289638	102289757	4714
10	102289757	102319755	55662
10	102495360	102589698	5076
10	102672326	102724893	55719
10	102729215	102729275	84545
10	102729275	102734742	57715,84545
10	102734742	102734841	693193,57715,84545
10	102734841	102745628	693193
10	102745628	102747124	57715
10	102747124	102747272	57715,56652
10	102747272	102754158	56652
10	102756375	102767440	84445
10	102767440	102767593	79955,84445
10	102767593	102790890	79955
10	102790991	102800998	81855
10	102821598	102827888	81621
10	102849078	102889257	100038246
10	102889257	102890883	3195,100038246
10	102890883	102897545	3195
10	102936080	102953904	101927396
10	102986733	102989551	10660
10	103012578	103023307	101927419
10	103113820	103317078	8945
10	103330317	103338639	25911
10	103338639	103348027	25911,27343
10	103348027	103361174	27343
10	103361174	103361254	27343,100422900,100423033
10	103361254	103369425	100422900,100423033
10	103370423	103455052	6468
10	103529899	103535854	2253
10	103541082	103543170	10360
10	103544200	103578696	10724
10	103578835	103585731	100289509
10	103585731	103588536	100289509,30819
10	103588536	103603677	30819
10	103605356	103815950	79591
10	103825147	103827792	79803
10	103867317	103880210	8861
10	103892787	103910082	23082
10	103911933	103923627	9221
10	103986085	103989346	83401
10	103989943	104001231	5309
10	104005289	104142656	8729
10	104153867	104162281	4791
10	104162376	104178946	5662
10	104178946	104181296	79176,5662
10	104181296	104182893	79176
10	104183002	104192418	79004
10	104196269	104196341	574447
10	104209574	104209594	100505761
10	104209594	104211300	100505761,79946
10	104211300	104220863	79946
10	104221149	104236802	79847
10	104238986	104262482	10121
10	104263744	104393292	51684
10	104404253	104418164	81603
10	104433488	104474164	403
10	104474295	104503249	118980
10	104503727	104576021	54838
10	104590288	104597290	1586
10	104613980	104614029	119032
10	104614029	104624718	119032,119032
10	104624718	104629273	119032
10	104629273	104661656	119032,57412
10	104678050	104845940	54805
10	104845940	104849978	54805,22978
10	104849978	104953056	22978
10	105005644	105007773	729020
10	105036920	105050108	9118
10	105062553	105110891	84108
10	105127724	105148798	6877
10	105148798	105148822	84833,6877
10	105148822	105154010	84833
10	105154010	105154158	84833,100302174
10	105154158	105156223	100302174
10	105156405	105206049	22984
10	105206543	105212660	51063
10	105213144	105218645	255022
10	105232561	105238997	119395
10	105253736	105348285	9148
10	105348285	105352309	9644,9148
10	105352309	105615301	9644
10	105642300	105677963	79991
10	105726959	105788991	9748
10	105791044	105807847	1308
10	105807847	105807944	1308,100126326
10	105807944	105845760	100126326
10	105881816	105886143	119392
10	105889646	105978547	80217
10	105978547	105978641	693194,80217
10	105978641	105992120	693194
10	105995114	106027217	9446
10	106028080	106028177	100616323
10	106028631	106064703	119391
10	106071894	106083127	85450
10	106083127	106086762	85450,101927472
10	106086762	106098162	101927472
10	106111349	106113333	100505869
10	106113522	106214848	159686
10	106234697	106240032	101927523
10	106400859	106424366	22986
10	106424366	106425958	100505890,22986
10	106425958	107024993	100505890
10	107568533	107578955	101927549
10	108333421	108924292	114815
10	111440200	111440799	331
10	111624524	111683311	7511
10	111756126	111895323	120
10	111967363	112047123	4601
10	112050488	112064709	10285
10	112257596	112271302	1847
10	112327449	112364394	9126
10	112404155	112599227	282996
10	112631565	112657848	27250,100616113
10	112657848	112657913	27250,100616113
10	112657913	112658488	100616113
10	112658488	112659764	100616113,92482
10	112659764	112679032	92482
10	112679301	112696380	8036
10	112696380	112696991	8036,644511
10	112696991	112748684	644511
10	112748684	112748771	644511,100313921
10	112748771	112773425	100313921
10	112836790	112840658	150
10	113909624	113975135	57678
10	114043493	114064793	6975
10	114067939	114116332	390003
10	114133776	114188138	51703
10	114190058	114206672	64429
10	114206756	114393929	143187
10	114393929	114394013	100422909,143187
10	114394013	114578503	100422909
10	114710009	114927437	6934
10	115310596	115348475	3026
10	115348475	115349361	4892,3026
10	115349361	115423886	4892
10	115438942	115490662	840
10	115511213	115543188	79949
10	115594488	115614142	9937
10	115614420	115676953	374354
10	115803806	115806667	153
10	115880621	115933864	55088
10	115933864	115933938	100302224,55088
10	115933938	115933979	100302224
10	115939029	115992063	56165
10	115999018	116051272	340706
10	116054583	116164515	84632
10	116190872	116444762	3983
10	116524547	116539662	101927692
10	116581503	116659591	57700
10	116697952	116737430	142940
10	116853124	117708503	26033
10	117816444	118032979	2674
10	118083940	118139541	374355
10	118187379	118237469	119548
10	118305443	118327367	5406
10	118349897	118368687	5407
10	118380465	118404654	5408
10	118423207	118429775	143379
10	118430703	118502085	259217
10	118609023	118643742	387712
10	118643742	118671299	57698,387712
10	118671299	118886097	57698
10	118888032	118897812	11023
10	118927189	118927285	100500893
10	118957000	118969810	338567
10	119000604	119038941	6571
10	119040000	119134978	118987
10	119232726	119301955	196047
10	119301955	119304579	196047,2018
10	119304579	119309056	2018
10	119764427	119805790	22841
10	119805790	119806114	255082,22841
10	119806114	119969663	255082
10	120065401	120101840	63877
10	120116620	120124615	100506126
10	120352916	120355160	2834
10	120433679	120514761	143384
10	120789228	120793854	340719
10	120794356	120819523	8661
10	120819523	120819650	8661,641451
10	120819650	120840316	641451
10	120863598	120897496	404636
10	120900279	120925179	119559
10	120927215	120938345	10935
10	120967101	120968043	2869
10	120968043	120971272	101927868,2869
10	120971272	121137484	101927868
10	121137484	121137555	101927868,100616398
10	121137555	121215131	100616398
10	121259340	121302220	6001
10	121334199	121356541	7073
10	121410882	121437331	9531
10	121485609	121588652	22876
10	121588972	121652068	79892
10	121652223	121702014	11196
10	121718025	121718104	100616322
10	122216466	122349367	196051
10	122521324	122610687	283089
10	122610687	122610721	55717,283089
10	122610721	122669036	55717
10	122938214	122945480	101927889
10	123237848	123357972	2263
10	123499939	123687827	11101
10	123687827	123688316	11101,100130887
10	123688316	123711480	100130887
10	123716603	123734732	54780
10	123748689	124014060	10579
10	124030821	124097677	118663
10	124134212	124176481	59338
10	124176481	124176583	59338,100500866
10	124176583	124191867	100500866
10	124214169	124216868	387715
10	124221041	124274424	5654
10	124320181	124403252	1755
10	124457225	124459338	399814
10	124516210	124558696	375940
10	124591665	124608594	50624
10	124608594	124639146	196792,50624
10	124639146	124639157	196792
10	124639246	124658230	399815
10	124670217	124672627	118670
10	124690419	124713897	80007
10	124713897	124713919	80007,118672
10	124713919	124750322	118672
10	124750322	124757029	118672,64376
10	124757029	124768333	64376
10	124768495	124817827	36
10	124895478	124897257	340784
10	124907638	124910188	3167
10	124913793	124924886	9184
10	125425871	125454123	2849
10	125465723	125699783	119587
10	125767184	125853206	51363
10	126085872	126107545	4942
10	126135592	126138753	390010
10	126150403	126306457	64077
10	126307861	126392194	9679
10	126392194	126402786	9679,101927944
10	126402786	126432838	101927944
10	126436718	126480439	399818
10	126490354	126525239	23172
10	126630692	126676421	54764
10	126676421	126676758	54764,1488
10	126676758	126721352	1488
10	126721352	126721439	1488,100423041
10	126721439	126849739	100423041
10	127262940	127265091	100169752
10	127265091	127267014	100169752,387718
10	127267014	127371713	387718
10	127371798	127389005	283038
10	127389005	127398627	399821,283038
10	127398627	127408084	399821
10	127408084	127408135	26098,399821
10	127408135	127433296	26098
10	127433296	127440679	101927983,26098
10	127440679	127452712	101927983
10	127455022	127464390	118856
10	127477146	127508309	7390
10	127508309	127508391	100616327,7390
10	127508391	127511817	100616327
10	127512115	127524906	56647
10	127524906	127542264	56647,55760
10	127542264	127585005	55760
10	127585108	127660757	92565
10	127660757	127661695	92565,101410540
10	127661695	127698161	101410540
10	127700950	128077024	8038
10	128102438	128110448	101101772
10	128113566	128359079	118611
10	128593978	128933694	1793
10	128933694	128994422	642938,1793
10	128994422	129250781	642938
10	129347613	129350935	594857
10	129534323	129534969	387720
10	129535499	129539450	399823
10	129676105	129691211	119467
10	129705325	129884119	5791
10	129894923	129924649	4288
10	131265448	131566271	4255
10	131633547	131641563	253738
10	131641563	131641638	100422873,253738
10	131641638	131762105	100422873
10	131904273	131907095	119437
10	131934663	131982785	10539
10	132760851	132760931	100422867
10	132890654	132893481	256536
10	132893481	132894040	256536,101927489
10	132894040	133109984	101927489
10	133747955	133773331	55844
10	133781578	133795435	664
10	133918175	133998313	282973
10	134000404	134019280	10570
10	134020996	134145351	282974
10	134145614	134195010	80313,101927515
10	134210672	134231367	170394
10	134257831	134262912	170393
10	134334331	134335953	100128830
10	134351324	134596979	3632
10	134598297	134599556	84504
10	134621896	134756327	54777
10	134757471	134778793	101927590
10	134779038	134789858	399829
10	134884433	134945179	84435
10	134973951	135039916	85442
10	135043778	135045062	8433
10	135050908	135055433	27287
10	135059982	135061395	574448,101927671
10	135075907	135090372	101
10	135093135	135121979	10844
10	135121979	135125841	10844,118472
10	135125841	135138927	118472
10	135138927	135150475	50632,118472
10	135150475	135160650	50632
10	135160650	135166033	50632,118471
10	135166033	135166187	118471
10	135168658	135171529	282969
10	135175984	135185060	1892
10	135185060	135185167	100500911,1892
10	135185167	135187193	100500911
10	135192695	135204338	196743
10	135204338	135205198	196743,92170
10	135205198	135207598	92170
10	135207598	135233999	92170,92170
10	135233999	135234170	92170
10	135234170	135234811	92170,503542
10	135234811	135267432	503542
10	135267432	135333910	503542,619207
10	135333910	135337062	619207,1571
10	135337062	135367404	1571,619207
10	135367404	135374724	619207,93426,1571
10	135374724	135382876	93426,619207
10	135382876	135382916	619207
10	135437399	135440299	441581
