17	5810	31427	8447
17	33615	41378	100506371
17	62293	180996	9501
17	180996	183279	9501,100506388
17	183279	236045	100506388
17	260118	273510	400566
17	289769	295730	359845
17	411908	624957	55275
17	635652	646206	79850
17	647654	655900	50628
17	655900	657239	50628,100131454
17	657239	658576	100131454
17	660337	685513	51031
17	685513	685581	55178,51031
17	685581	695749	55178
17	702553	883010	64359
17	900357	906758	29928
17	906758	906911	29,29928
17	906911	925716	29
17	925716	925799	29,100422835
17	925799	1132315	100422835
17	1173853	1174754	727857
17	1182957	1204281	286753
17	1247566	1303672	7531
17	1323983	1366456	1398
17	1367392	1396106	4641
17	1397865	1420182	51763
17	1420225	1421012	100306951
17	1421012	1421390	5306,100306951
17	1421390	1466110	5306
17	1472561	1532180	124935
17	1537152	1549041	8578
17	1549444	1553371	83547
17	1553923	1588176	10594
17	1611064	1613732	727910
17	1614805	1619817	84981,407004
17	1619817	1620468	84981,124997,407004
17	1620468	1641893	124997
17	1646130	1658562	5345
17	1665253	1680868	5176
17	1682779	1732996	114826
17	1732996	1733928	114826,6117
17	1733928	1803376	6117
17	1837971	1928639	146760
17	1933404	1945327	1801
17	1945327	1946724	1801,124641
17	1953202	1953302	406921
17	1953565	1953674	406994
17	1957448	1962981	3090
17	1963133	2030724	23293
17	2030724	2031198	23293,63933
17	2031198	2135974	63933
17	2135974	2136904	63933,101927839
17	2136904	2206677	101927839
17	2206677	2207065	101927839,63826
17	2207065	2225797	63826
17	2225797	2228554	55720,63826
17	2228554	2232413	55720
17	2232413	2232507	55720,692208
17	2232507	2233570	692208
17	2233570	2233664	692207,692208
17	2233664	2240792	692207
17	2240792	2240801	9905,692207
17	2240801	2284352	9905
17	2287354	2304412	4335
17	2308856	2415185	79066,284009
17	2496504	2588909	5048
17	2592680	2615957	23277
17	2651372	2651476	100302208,100302208
17	2680350	2865542	23108
17	2865542	2869189	23108,101927911
17	2869189	2941033	101927911
17	2965963	2966901	8386
17	2995352	2996290	4991
17	3029878	3030875	8390
17	3100813	3101742	26189
17	3118915	3119844	8383
17	3143970	3144908	653166
17	3181193	3182268	4995
17	3194929	3195876	4994
17	3213539	3214740	390756
17	3300398	3301704	8387
17	3323862	3324827	8392
17	3336164	3337135	8388
17	3343313	3375668	84690
17	3375668	3406713	443,84690
17	3406713	3413796	443
17	3413796	3417146	162514,443
17	3417146	3461289	162514
17	3468738	3500392	7442,23729,7442
17	3500392	3511556	23729,7442
17	3511556	3539543	23729,7442,23729
17	3539543	3539616	23729
17	3539762	3564836	1497
17	3566196	3566357	30851
17	3566357	3571976	30851,5026
17	3571976	3572109	5026
17	3572109	3572962	5026,83460
17	3572962	3575493	83460
17	3575493	3599488	5026,83460
17	3599488	3599698	5026
17	3617922	3627211	3682
17	3627211	3630067	3682,83903
17	3630067	3704537	83903
17	3714460	3749545	55421
17	3763609	3798185	84254
17	3799886	3819794	5023
17	3827169	3867736	489
17	3907739	4046314	23140
17	4046462	4067201	124936
17	4067201	4090605	124936,51479
17	4090605	4167274	51479
17	4172554	4269923	7326
17	4336983	4391503	201305
17	4402133	4442192	124976
17	4442192	4442330	124976,10514
17	4442330	4458926	10514
17	4460222	4464113	124975
17	4487294	4511614	342527
17	4534197	4545589	246
17	4574679	4607525	27043
17	4607525	4607632	101559451,27043
17	4607632	4608824	101559451
17	4613784	4624794	409
17	4634723	4636821	400569
17	4636821	4636905	58191,400569
17	4636905	4643217	58191
17	4643319	4649411	84225
17	4675179	4686506	9032
17	4688580	4689728	284013
17	4692254	4693685	388323
17	4699439	4701790	5694
17	4710391	4726729	5338
17	4736683	4786270	50488
17	4786270	4786591	50488,101927137
17	4786591	4801069	101927137
17	4801069	4801356	1145,101927137
17	4801356	4802713	1145
17	4802713	4806227	1145,100130311
17	4806227	4806369	100130311
17	4835592	4838325	2811
17	4840425	4843303	8402
17	4843303	4843546	8402,26001
17	4843546	4848517	26001
17	4848947	4851387	5216
17	4851387	4852356	2027,5216
17	4852356	4860426	2027
17	4862521	4871167	9552
17	4871287	4890960	23125
17	4891001	4891425	101927979
17	4891425	4891741	101927979,388324
17	4891741	4900905	388324
17	4901243	4931696	10749
17	4935895	4955304	55065
17	4981543	4999669	124961
17	5008836	5014763	7775
17	5014763	5017674	7775,101928000
17	5017674	5019733	101928000
17	5019733	5026411	9098,101928000,84669
17	5026411	5078329	9098,84669
17	5082831	5095178	84622
17	5095379	5112256	100130950
17	5112256	5138155	388325,100130950
17	5138155	5151364	388325
17	5185558	5264258	9135
17	5264258	5289129	4927,9135
17	5289129	5322961	4927
17	5322961	5323480	4927,84268
17	5323480	5336097	84268
17	5336097	5336196	708,84268
17	5336196	5344232	708
17	5344232	5352150	708,56919
17	5352150	5372380	56919
17	5374571	5389605	51009
17	5389605	5390131	51009,79003
17	5390131	5394134	79003
17	5402747	5522744	22861
17	5675554	6027747	23302,339166
17	6297013	6338519	23746
17	6347735	6354584	54478
17	6354584	6354789	54478,83394
17	6354789	6459814	83394
17	6481468	6544078	9851
17	6544078	6544247	9851,84817
17	6544247	6546635	84817
17	6546635	6547861	84817,51003
17	6547861	6554954	51003
17	6554971	6556791	388327
17	6558759	6558828	100616401,100616466
17	6588032	6616886	284111
17	6658766	6678966	54739
17	6679542	6692452	162517
17	6692452	6700420	83659,162517
17	6700420	6735080	83659
17	6899384	6914055	239
17	6915736	6915954	440400
17	6915954	6917814	124944,440400,100529209
17	6917814	6917851	124944,440400,100529209
17	6917851	6919137	124944,100529209
17	6919137	6920839	574456,100529209,100506755,406971,124944
17	6920839	6920844	124944,574456,100506755,406971
17	6920844	6922978	574456,100506755,406971
17	6926339	6933609	255877
17	6939394	6943440	201232
17	6944949	6947242	162515
17	6977856	6983626	10462
17	7004641	7019019	433
17	7076750	7082883	432
17	7093209	7120444	1742
17	7120444	7123021	1742,37
17	7123021	7126616	37
17	7126616	7126698	37,442898
17	7126698	7128592	442898
17	7128660	7137864	1856
17	7138347	7143041	79142
17	7143333	7146089	11337
17	7146910	7154735	23399
17	7154735	7155810	23399,23587
17	7155810	7163222	23587
17	7163222	7163259	23587,1366
17	7163259	7167302	1366
17	7184986	7191571	6517
17	7191571	7191576	51087,6517
17	7191576	7197934	51087
17	7210318	7214643	1984
17	7214643	7215774	2874,1984
17	7215774	7215980	2874
17	7215980	7218883	2874,2874
17	7218883	7218947	2874
17	7218947	7222493	84461,2874
17	7222493	7232712	84461
17	7239848	7254797	9744
17	7255208	7258258	147040
17	7258442	7260538	339168
17	7283853	7293046	8711
17	7293046	7293093	57048,8711
17	7293093	7306294	57048
17	7306294	7307416	57048,254863
17	7307416	7307456	254863
17	7308193	7323179	57555
17	7323679	7324951	374768
17	7328934	7330887	201243
17	7338762	7340998	284114
17	7341592	7348256	2256
17	7348380	7361026	1140
17	7362685	7384721	57659
17	7384721	7386383	643664,57659
17	7386383	7387582	643664
17	7387685	7417933	5430
17	7452208	7452416	8742,407977
17	7452416	7461609	407977,8742,407977
17	7461609	7464918	407977,8741,407977
17	7464918	7464925	407977,8741
17	7465192	7466604	26168
17	7466604	7475287	26168,100533955,101928634
17	7475287	7476024	101928634,100533955
17	7476024	7476144	652966,1973,26781,101928634,100533955,652965
17	7476144	7478031	652966,26781,1973,101928634,652965
17	7478031	7478165	652966,1973,26781,101928634,652965,652965
17	7478165	7482033	652966,1973,26781,101928634,652965,652965
17	7482033	7482323	652966,1973,26781,101928634,652965
17	7482323	7482785	1973,101928634
17	7482785	7485342	1973,968,101928634
17	7485342	7485429	968
17	7486847	7491496	9526
17	7491496	7493488	9526,6665
17	7493488	7494548	6665
17	7494548	7496107	9513,6665
17	7496107	7517382	9513
17	7517382	7518189	6462,9513
17	7518189	7529552	6462
17	7529552	7531194	6462,112483
17	7531194	7536700	112483
17	7549945	7561086	482
17	7565097	7589389	7157
17	7589389	7590856	55135,7157
17	7590856	7606820	55135
17	7608520	7614696	1949
17	7620672	7657638	146754
17	7657638	7658294	118432,146754
17	7658294	7737062	118432
17	7743222	7758114	23135
17	7758383	7759417	92162
17	7760003	7761064	84316
17	7761064	7765600	84316,124637
17	7765600	7788124	124637
17	7788124	7788556	1107,124637
17	7788556	7809440	1107
17	7809440	7809578	1107,677763
17	7809578	7816078	677763
17	7816642	7819271	284023
17	7825177	7833121	9196
17	7833663	7835419	58485
17	7835419	7835441	116840,58485
17	7835441	7853236	116840
17	7905912	7923657	3000
17	7942335	7952452	247
17	7975954	7991021	242
17	7991374	7991465	100422983
17	7999218	8022365	59344
17	8023908	8027410	84667
17	8043790	8059824	5187,102465532
17	8062467	8066864	6844
17	8076555	8076772	84314
17	8076772	8076905	727676,84314
17	8076905	8079717	727676
17	8091652	8093564	54785
17	8108056	8113918	9212
17	8123960	8127361	284029
17	8130191	8150936	80169
17	8150936	8151362	5198,80169
17	8151362	8173809	5198
17	8191081	8191815	399512
17	8191815	8193410	399512,29098
17	8193410	8198661	29098
17	8213559	8225829	22899
17	8243182	8249364	146852
17	8271955	8271956	124751
17	8271956	8280029	124751,124751
17	8280029	8280838	124751
17	8280838	8286505	124751,6154
17	8286505	8286531	6154
17	8294022	8301144	643904
17	8316449	8377523	81565
17	8377523	8393729	4628,81565
17	8393729	8534079	4628
17	8633252	8648537	146849
17	8656424	8661877	388333
17	8700436	8702667	162387
17	8706041	8770994	146850
17	8782233	8869029	23533
17	8869213	8870387	101928235
17	8924859	9074385	9423
17	9074385	9082435	9423,101928266
17	9082435	9147317	101928266
17	9153788	9479908	9482
17	9479944	9546776	146845
17	9548015	9633008	124739
17	9674751	9694614	201140
17	9725523	9795419	9340
17	9799637	9808938	5957
17	9813926	10101868	8522
17	10201401	10276447	8735
17	10293639	10325267	4626
17	10346607	10372876	4622
17	10395624	10421860	4619
17	10424465	10453274	4620
17	10531843	10560626	4621
17	10583654	10600911	6341
17	10600911	10601692	6341,56985
17	10601692	10602332	56985
17	10602332	10614550	56985,388335
17	10614550	10619319	388335
17	10619319	10619828	100506898,388335
17	10619828	10633094	100506898
17	10633094	10633633	100506898,101101775
17	10633633	10698230	101101775
17	10698230	10707416	100289255,101101775
17	10707416	10718481	100289255
17	10725792	10741762	644139
17	10752858	10784212	101928325
17	11144580	11467380	388336
17	11501748	11873065	1770
17	11880756	11900827	7566
17	11924141	11985216	6416
17	11985216	11985313	100126313,6416
17	11985313	12047147	100126313
17	12453099	12546171	284034
17	12569207	12575179	93649
17	12575179	12609452	101928418,93649
17	12609452	12663457	101928418
17	12663457	12672266	101928418,100128006
17	12672266	12692856	100128006
17	12692856	12693559	9912,100128006
17	12693559	12820585	9912
17	12820585	12820659	9912,100616494
17	12820659	12894960	100616494
17	12895708	12921504	60528
17	13399006	13446846	9955
17	13446846	13446963	100302287,9955
17	13446963	13505244	100302287
17	13659795	13972812	100506974,100874058
17	13972813	14111994	1352
17	14138990	14140179	146822
17	14204400	14207171	9953
17	14207171	14208822	84815,9953
17	14208822	14252721	84815
17	14918122	14934292	101928475
17	14934292	14935274	101928475,94150
17	14935274	14955593	94150
17	15008554	15009504	94151
17	15133095	15154944	5376
17	15154944	15155013	5376,100616125
17	15155013	15168643	100616125
17	15207128	15244958	64518
17	15339332	15339338	284040
17	15339338	15341205	100533496,284040
17	15341205	15406922	201158,100533496,284040
17	15406922	15466875	201158,100533496
17	15466875	15466909	201158
17	15468797	15468798	101928503
17	15468798	15469590	101928503,374286
17	15469590	15522826	101928503,374286
17	15531274	15587625	147166,10626
17	15602891	15603006	57335
17	15603006	15635561	57335,57335
17	15635561	15640874	57335,101930296,353149
17	15640874	15648092	57335,101930296,353149
17	15648092	15649476	101930296,353149
17	15709555	15721056	101928567
17	15848231	15879060	136
17	15879874	15902694	125150
17	15902694	15903031	125150,54902
17	15903031	15932471	54902
17	15932471	15948329	54902,9611
17	15948329	16120505	9611
17	16120505	16121499	9487,9611
17	16121499	16185328	9487
17	16185328	16185402	9487,100302124
17	16185402	16245848	100302124
17	16245848	16252115	100302124,201161
17	16252115	16256970	201161
17	16284112	16286059	7314
17	16318856	16340317	51393
17	16342136	16344891	125144,692106,692087,26800
17	16344891	16381992	125144,692106,388341,692087,26800
17	16381992	16395467	388341
17	16454701	16472520	57336
17	16524051	16557170	57547
17	16586752	16587541	246243
17	16592851	16707767	9720
17	16733313	16736147	400578
17	16832849	16875432	23495
17	16879313	16884667	284191
17	16945859	17104309	23164
17	17104309	17109629	201164,23164
17	17109629	17115526	201164
17	17115526	17120993	201164,201163
17	17120993	17140502	201163
17	17150141	17184607	8533
17	17206649	17250977	56953
17	17380300	17396540	55090
17	17397751	17399709	51655
17	17408877	17495022	10400
17	17584787	17680000	10743
17	17680000	17682843	140771,10743
17	17682843	17713713	140771
17	17713713	17714767	140771,6720
17	17714767	17717150	6720
17	17717150	17717245	693120,6720
17	17717245	17740325	693120
17	17746828	17761583	146691
17	17761583	17762295	100507131,146691
17	17762295	17875736	100507131
17	17876127	17880723	83450
17	17880723	17920203	91647,83450
17	17920203	17942523	91647
17	17942606	17971718	79018
17	17991200	18011285	1819
17	18012020	18075939	51168
17	18075939	18083116	101929865,51168,101930243
17	18083116	18086392	101929865,101930243
17	18086392	18088067	101929865,101930243,54890
17	18088067	18113268	54890
17	18128901	18148150	3996
17	18148150	18148189	2314,3996
17	18148189	18162230	2314
17	18163848	18169866	125170
17	18174742	18218321	7156
17	18218624	18226517	140775
17	18231187	18266856	102466733,6470
17	18280976	18283169	645027
17	18283169	18292298	645027,101928729
17	18292298	18292961	101928729
17	18314473	18317694	400579
17	18335365	18346209	729252
17	18380051	18398259	284194,654346
17	18414576	18429244	101060794,220594
17	18441117	18528930	284047,348254
17	18538319	18561742	254272
17	18561742	18565263	729288,254272
17	18565263	18574259	729288
17	18574259	18576186	729288,2310
17	18576186	18585575	2310
17	18601311	18639431	101930303,147166
17	18647326	18682662	100996906,10517
17	18684308	18710027	51030
17	18743398	18834581	5636
17	18853658	18854938	125206
17	18854938	18857462	101928787,125206
17	18857462	18872102	101928787
17	18872102	18908117	101928787,644815
17	18908117	18923986	644815
17	18923986	18925908	10750,644815
17	18925908	18950950	10750
17	18965225	18965807	26851,780852
17	18966762	18967449	26851,780852
17	19015313	19015949	780854
17	19030782	19062489	400581
17	19091329	19092027	780851
17	19092978	19093558	780853
17	19118928	19199909	22905,100874309
17	19199909	19209574	100874018,22905,100874309
17	19209574	19240028	100874018
17	19240867	19247819	27077
17	19247819	19247887	27077,100302256
17	19247887	19281034	100302256
17	19281034	19281495	5598,100302256
17	19281495	19286755	5598
17	19286755	19286857	5598,4239
17	19286857	19290553	4239
17	19314438	19320589	7732
17	19398698	19460524	55244
17	19460524	19461224	55244,677882,677885
17	19461224	19482347	677882
17	19483256	19499371	101060602
17	19519102	19537138	100996813
17	19551449	19580911	224
17	19581601	19622292	146802
17	19641297	19652256	218
17	19674142	19771249	9706
17	19807615	19881656	11216
17	19912657	20222339	92521
17	20320741	20322363	80039,100129396
17	20352708	20370852	284194
17	20404826	20415670	644945
17	20483037	20484224	256223
17	20619794	20640440	100287072
17	20739760	20771746	339184
17	20771746	20799453	440416,339184
17	20799453	20902910	440416
17	20902910	20905589	440416,23326
17	20905589	20947073	23326
17	20978869	20993928	101060544
17	21026677	21096578	25979
17	21100593	21117937	8834
17	21142183	21156722	256302
17	21187984	21218552	100996792,5606
17	21279509	21323179	100996843,3768,100134444
17	21428051	21477722	339263
17	21825297	21826499	284123
17	21906417	21913070	284124
17	22022437	22023991	100462977
17	25620936	25621022	100616277
17	25621102	25640657	26118
17	25744716	25758649	440419
17	25783670	25953461	8844
17	25956824	25976586	3965
17	26083792	26127525	4843
17	26205340	26221778	201229
17	26368763	26523407	51701
17	26553589	26555091	23615
17	26574470	26575315	23614
17	26596229	26599391	101060106
17	26603012	26644809	284085
17	26646121	26655352	27346
17	26655352	26655707	90410,27346
17	26655707	26662515	90410
17	26662628	26673659	7126
17	26673659	26674035	26073,7126
17	26674035	26684545	26073
17	26684604	26687677	100616388,147007
17	26687677	26687757	100616388,147007
17	26687757	26691290	100616388
17	26691290	26691378	100616388,7448,645832
17	26691378	26700110	23098,7448,645832,645832
17	26700110	26708716	23098,7448,645832
17	26708716	26721661	23098
17	26721661	26728065	23098,113235
17	26728065	26734215	113235
17	26800311	26824799	9058
17	26833261	26865914	8456
17	26873725	26879686	9094
17	26880401	26898890	94005
17	26900133	26904282	230
17	26904588	26926297	10615
17	26934982	26941218	124923
17	26941458	26972472	9703
17	26975374	26989109	6388
17	26989109	26989207	6830,6388
17	26989207	27029697	6830
17	27030215	27038872	147011
17	27041299	27045447	83871,100861437
17	27046411	27047568	6147,26809
17	27047568	27047634	26808,6147,26809
17	27047634	27048505	26808
17	27048505	27049600	26808,26773
17	27049600	27049671	26773,26773
17	27049671	27049895	26773,26773
17	27049895	27050447	26773
17	27050447	27050510	26773,26809
17	27050510	27050700	26809
17	27050700	27050771	26772,26809
17	27050771	27051366	26772
17	27051366	27051377	116238,26772
17	27051377	27052915	116238
17	27052915	27054953	116238,284086
17	27054953	27070473	284086
17	27071002	27077974	9618
17	27082996	27181956	55731
17	27181956	27182250	26284,55731
17	27182250	27188085	26284
17	27188090	27188984	100616273,574411,100616385,406936
17	27206353	27224697	2319
17	27224799	27230089	147015
17	27232268	27277531	57649
17	27277531	27278789	57649,51268
17	27278789	27281919	51268
17	27281919	27333458	124925,51268
17	27333458	27384234	124925
17	27400528	27400537	399687
17	27400537	27418537	9220,399687
17	27418537	27507430	9220
17	27573881	27581512	1411
17	27582854	27621136	57532
17	27696735	27717482	100616122
17	27717482	27717680	100616122,57551
17	27717680	27717748	100616122,57551
17	27717748	27717795	100616122
17	27717795	27878922	57551
17	27887565	27893070	116236
17	27893070	27894155	90313,116236
17	27894155	27900175	90313
17	27900487	27916787	28964
17	27916787	27921072	124930,28964
17	27921072	27941774	124930
17	27941774	27941779	124930,84940
17	27941779	27949925	84940
17	27952956	28256218	85464
17	28256218	28257294	374786,85464
17	28257294	28435470	374786
17	28442539	28444097	84081
17	28444097	28444190	100423003,84081,494335
17	28444190	28513493	100423003
17	28521337	28563020	6532
17	28575218	28619074	642
17	28643351	28661077	388364
17	28705923	28797007	1362
17	28804380	28854610	9527
17	28884130	28890511	26083
17	28900489	28904018	101927093
17	29096406	29151794	51379
17	29158988	29222887	79915
17	29224354	29233362	79736
17	29233362	29233838	79736,55803
17	29233838	29286340	55803
17	29295803	29302405	84282
17	29302405	29302972	84282,503645
17	29302972	29326929	503645
17	29421368	29421443	100616266
17	29421945	29599031	4763,101930150
17	29599031	29624557	4974,101927057,4763,101930150
17	29624557	29630784	4974,101927057
17	29630784	29641130	2124,101927057,4974
17	29641130	29644578	2124
17	29644578	29648902	2124,2123
17	29648902	29709134	2123
17	29718642	29861901	84440
17	29861901	29861989	84440,100616248
17	29861989	29865236	100616248
17	29887015	29887102	406968
17	29902288	29902377	100616449
17	29902430	29902540	100126356
17	30178883	30186356	55352
17	30187923	30228784	55813
17	30264037	30328064	23512
17	30334891	30366993	101929841,114659
17	30366993	30369847	6458,114659,101929841,6459
17	30369847	30380523	6458,6459
17	30469473	30580393	55288
17	30593195	30651584	162494
17	30651584	30651680	64149,162494
17	30651680	30677042	64149
17	30677128	30677136	693217
17	30677136	30677221	7756,693217
17	30677221	30708905	7756
17	30771279	30810336	5717
17	30813637	30818274	8851
17	30819540	31204195	4642
17	31254928	31272124	26022
17	31297394	31324895	124912
17	31340105	31856806	40
17	31856806	31860779	100506677,40
17	31860779	31861129	100506677
17	31861129	31868358	100506677,147004
17	31868358	32496391	147004
17	32496391	32501983	101927239,147004
17	32501983	32522956	101927239
17	32582304	32584222	6347
17	32597240	32599261	6354
17	32612687	32615353	6356
17	32646055	32648421	6355
17	32683471	32685629	6357
17	32687347	32690250	6346
17	32901142	32906388	400591
17	32907768	32966337	124842
17	33254878	33288549	10693
17	33288549	33290205	10693,91603
17	33290205	33307513	91603
17	33307513	33308097	3980,91603
17	33308097	33332083	3980
17	33333009	33416338	117584
17	33426811	33448541	5892
17	33448598	33455772	54752
17	33455772	33457751	54475,54752
17	33457751	33469334	54475
17	33474836	33516364	146862
17	33519539	33521412	146861
17	33570055	33600674	162394
17	33677324	33700720	91607
17	33738079	33760302	55106
17	33762115	33775856	146857
17	33791268	33864880	100506736
17	33875144	33885117	342618
17	33900676	33900772	692076
17	33901814	33905065	5193
17	33905065	33905882	5193,163
17	33905882	34053436	163
17	34058668	34070540	91608
17	34071530	34079897	246176
17	34083268	34087916	79148
17	34087916	34092098	146853,79148
17	34092098	34122711	146853
17	34136459	34181955	8148
17	34181955	34191619	8148,256957
17	34191619	34195895	256957
17	34198495	34207797	6352
17	34245070	34257777	201299
17	34261522	34270703	57151
17	34303529	34308532	6360
17	34310327	34310692	6358
17	34310692	34323476	6358,6359,6358
17	34323476	34328660	6359,6358
17	34328660	34329084	6359,6358
17	34329084	34329100	6358
17	34340096	34345005	6368
17	34391640	34399392	6362
17	34415602	34417515	6348
17	34430983	34433014	6351
17	34493061	34503996	414059
17	34522268	34524157	414062,6349
17	34538310	34540280	388372,9560
17	34580902	34581086	729873,729877
17	34581086	34623842	729873,729877,729877
17	34623842	34625731	414062,729877,6349,729877
17	34625731	34639793	414062,729877
17	34639793	34641846	414062,729877,388372,9560
17	34641846	34745936	388372,9560,729877
17	34745936	34757050	101060321,414060,101060351,388372,654341,729877,9560
17	34757050	34808061	101060321,414060,101060351,388372,654341,729877,9560
17	34808061	34808104	101060321,414060,101060351,729877,654341
17	34842473	34851477	9326
17	34851477	34855154	80179,9326
17	34855154	34890847	80179
17	34890847	34895159	80179,284098
17	34895159	34899284	284098
17	34900737	34946278	79893
17	34948228	34957235	79154
17	34958001	34965407	79922
17	35294084	35301917	3975
17	35306175	35391042	26574
17	35391042	35391110	100422969,26574
17	35391110	35414171	100422969
17	35441923	35732928	31
17	35732928	35749662	284099,31
17	35749662	35766909	284099
17	35766965	35839835	6871
17	35849937	35873603	11072
17	35874900	35969544	11276
17	35969787	36003493	11056
17	36046435	36105237	6928
17	36187925	36244363	284100
17	36283971	36294915	101060376,414060,84218,729877,101060421,101060389
17	36337711	36337717	729873,414060,414059,84218,101060421,101060389,100510707,101060376,101060321,101060351,654341
17	36337717	36358166	729873,414060,414059,84218,101060421,101929950,101060389,101060212,100510707,101060376,101060321,101060351,654341,100510707
17	36358166	36421858	101929950,101060212,100510707
17	36452989	36479101	84311
17	36481413	36499730	440435
17	36508111	36556019	30837
17	36584662	36606638	57636
17	36606638	36608688	101929494,57636
17	36608688	36668628	101929494
17	36686251	36762183	101929513,80725
17	36827961	36831187	100170841
17	36858515	36858584	100616203
17	36859733	36861795	101929533
17	36861795	36862514	4302,101929533
17	36862514	36875944	4302
17	36875944	36876001	4302,100616153
17	36876001	36886056	100616153
17	36886488	36890150	284106
17	36890150	36891297	284106,7703
17	36891297	36906070	7703
17	36908989	36920484	5691
17	36921942	36956379	8396
17	36956687	36981734	54883
17	36982091	36982145	100616416
17	36991341	36997708	388381
17	37004118	37010096	9349,619505
17	37026112	37078023	3927
17	37081421	37084310	100505576
17	37092685	37123655	494188
17	37183530	37209458	342666
17	37213272	37219556	100131347
17	37219556	37269443	100131347,57125
17	37269443	37310647	57125
17	37313147	37323737	390790
17	37329709	37353956	782
17	37356536	37360980	6143
17	37366789	37382125	342667
17	37415384	37558776	84961
17	37560538	37607539	5469
17	37617764	37721160	51755
17	37759789	37766030	4761
17	37782993	37792879	84152
17	37793318	37819737	10948
17	37820440	37822808	8557
17	37824234	37826728	5409
17	37827375	37844167	93210
17	37844167	37853050	2064,93210
17	37853050	37882748	2064
17	37882748	37882814	100616132,2064
17	37882814	37884749	100616132
17	37884749	37886679	100616132,84299
17	37886679	37887040	84299
17	37894180	37903544	2886
17	37921198	38020441	22806
17	38024417	38034149	124626
17	38060848	38076107	55876
17	38077294	38083854	94103
17	38097727	38101000	100505591
17	38119226	38134019	284110
17	38137050	38154213	5709
17	38171614	38174066	1440
17	38175350	38183795	102466757,9862
17	38183795	38183898	101340251,9862,102466757
17	38183898	38214543	101340251
17	38214543	38217468	101340251,7067
17	38217468	38249040	7067
17	38249040	38250120	9572,7067
17	38250120	38256978	9572
17	38278551	38293042	339287
17	38296571	38328436	22794,102466986
17	38333263	38351908	51195
17	38375556	38440388	147179
17	38443885	38459171	990
17	38465444	38497119	5914
17	38497119	38499388	5914,101929693
17	38499388	38513094	101929693
17	38517235	38520067	125111
17	38544768	38574202	7153
17	38599702	38613983	3487
17	38632080	38657849	84951
17	38673278	38683254	101059954
17	38710021	38721724	1236
17	38781214	38785049	6605
17	38785049	38804760	6605,125113
17	38804760	38810917	125113
17	38810917	38821393	125113,125113
17	38821393	38821433	125113
17	38854243	38860002	192666
17	38904273	38911584	147183
17	38922490	38928414	353288
17	38933060	38938786	342574
17	38948455	38956211	162605
17	38974369	38975358	3858
17	38975358	38978847	3858,147184
17	38978847	38992522	147184
17	39017555	39023462	3859
17	39032193	39041479	54474
17	39078948	39093886	25984
17	39114669	39123144	390792
17	39133968	39143387	125115
17	39149686	39150385	85293
17	39155447	39156138	83897
17	39164773	39175576	83896
17	39182278	39183454	83895
17	39185949	39186356	728255
17	39190142	39191107	81850
17	39196811	39197713	81851
17	39202793	39203568	81872
17	39210750	39211482	728279
17	39215495	39216344	730755,85294
17	39221369	39222131	730755,85294
17	39240459	39241396	100996750,81871,100132476
17	39253233	39254393	728224,101930568
17	39261584	39262740	100132386
17	39273433	39274606	728224,653240
17	39279343	39280419	83755
17	39295685	39296739	81871
17	39305178	39306054	85289
17	39315910	39316983	84616
17	39323484	39324424	85290
17	39333698	39334460	85291
17	39340354	39341594	85285
17	39344697	39346891	728318
17	39382900	39383904	83899
17	39388715	39389705	83900
17	39394297	39395256	83901
17	39405939	39406904	85280
17	39411636	39412616	81870
17	39421591	39422893	100507608
17	39431911	39432949	100505724
17	39458078	39459103	100533177
17	39463952	39465505	100505753
17	39471173	39471947	83902
17	39502344	39507064	3883
17	39519746	39526052	3884
17	39533902	39538655	3885,100653049
17	39549976	39553844	3881
17	39558668	39577005	100505782
17	39577005	39580775	8688,100505782
17	39580775	39581301	8688
17	39592698	39597173	8687
17	39616063	39623681	3882
17	39632941	39637392	3886
17	39642388	39648798	8689
17	39657233	39661957	3860
17	39669995	39678781	3866
17	39679869	39684560	3880
17	39705858	39710747	147093
17	39722096	39728310	3857
17	39738531	39743173	3861
17	39766030	39772151	3868
17	39775689	39775692	3872
17	39775692	39781094	3872,3728
17	39781094	39782579	3728
17	39782579	39796451	3728,284116
17	39796451	39845137	284116
17	39845137	39848920	284116,10209
17	39848920	39868578	10209
17	39868578	39872221	10209,2520
17	39872221	39873994	2520
17	39873994	39890896	9001,2520
17	39890896	39943183	9001
17	39958199	39968856	10609
17	39968932	39979465	60681
17	39981335	39991937	115024
17	39991937	39992523	115024,317719
17	39992523	40004636	317719
17	40009797	40021684	55175
17	40023161	40086795	47
17	40086888	40117648	83538
17	40118759	40128451	1267
17	40128451	40129749	1267,7266
17	40129749	40163400	7266
17	40163400	40173394	7266,28511
17	40173394	40177594	28511
17	40177594	40177659	28511,201181
17	40177659	40217383	201181
17	40253422	40264751	79132
17	40265126	40273376	2648
17	40274756	40275371	94086
17	40276994	40307035	5878
17	40308909	40333296	23415
17	40336078	40337470	3060
17	40340817	40346531	84514
17	40351186	40428725	6777
17	40439565	40463961	6776
17	40465342	40540586	6774
17	40554470	40575535	284119
17	40610862	40646791	535
17	40646791	40646848	100847030,535
17	40646848	40666206	100847030
17	40666206	40666325	100847030,100847046
17	40666325	40674629	100847046
17	40688190	40696467	4669
17	40701232	40707231	3292
17	40713485	40718295	80347
17	40719086	40724333	6945
17	40724333	40725257	6945,29893
17	40725257	40729849	29893
17	40731531	40761694	162427
17	40761694	40762641	7283,162427
17	40762641	40767252	7283
17	40811323	40819024	27175
17	40819932	40829048	79990
17	40830907	40834631	2826
17	40834631	40835935	2826,8506
17	40835935	40851832	8506
17	40852293	40897071	2145
17	40905932	40910465	100190938
17	40910465	40913275	100190938,10266
17	40913275	40915059	10266
17	40925454	40931617	84313
17	40932696	40947165	65266
17	40947165	40948954	65266,28958
17	40948954	40950722	28958
17	40950810	40962152	124817
17	40962152	40963605	8678,124817
17	40963605	40976402	8678
17	40976402	40985367	8678,10197
17	40985367	40995774	10197
17	40996617	41002724	314
17	41003201	41010147	8639
17	41017939	41026386	90586
17	41026687	41050751	388387
17	41052814	41065386	2538
17	41102543	41116515	80755,100885848,100885850
17	41116515	41120105	100885850,100885848
17	41120105	41132545	100885848,100885850
17	41132582	41145707	146923
17	41150290	41154976	6155
17	41158742	41166473	3430
17	41166622	41177140	10493
17	41177258	41184057	8153
17	41196312	41277500	672
17	41277627	41305688	10230
17	41316200	41322420	101929767
17	41322498	41363708	4077
17	41363854	41368960	113277
17	41368960	41372061	100874261,113277
17	41372061	41383338	100874261
17	41447213	41466567	100130581
17	41476327	41478505	379
17	41522075	41528568	100313779
17	41561233	41605212	1659
17	41605212	41621831	2118,1659
17	41621831	41656988	2118
17	41717756	41739322	4222
17	41831099	41836156	50964
17	41843489	41856356	1845
17	41857803	41864980	284067
17	41878167	41910538	4356
17	41924516	41940997	146894
17	41952725	41987068	4355
17	42018172	42019836	5539
17	42030106	42081837	5697
17	42081914	42086431	162417
17	42088556	42101314	84336
17	42112003	42144987	124801
17	42148103	42153709	92579
17	42154114	42201070	10014
17	42219274	42239844	78995
17	42247815	42253341	92591
17	42253341	42256451	339201,92591
17	42256451	42264085	339201
17	42264338	42269099	79089
17	42269173	42277481	56970
17	42282401	42298994	7343
17	42325753	42345509	6521
17	42376942	42385781	101926996
17	42385781	42392683	101926996,10900
17	42392683	42396039	10900
17	42396993	42402238	51629
17	42422614	42430470	2896
17	42430583	42441243	284069
17	42449548	42466873	3674
17	42472652	42580798	23131
17	42634925	42636907	2535
17	42723732	42727717	101927017
17	42733762	42750437	284071
17	42750437	42767147	124808,284071
17	42767147	42767676	124808
17	42785976	42829632	80174
17	42836399	42859214	4185
17	42875816	42908184	10052
17	42923721	42927311	51751
17	42927311	42927848	51751,9343
17	42927848	42976510	9343
17	42976510	42977030	388389,9343
17	42977030	42977135	388389
17	42977135	42982376	388389,388389
17	42982376	42982758	388389,2670
17	42982758	42994305	2670
17	43002077	43025082	146909
17	43037061	43045439	10882
17	43100708	43128978	79877
17	43128978	43138473	79877,4836
17	43138473	43186335	4836
17	43186335	43186384	4836,113026
17	43186384	43209967	113026
17	43209967	43210721	79777,113026
17	43210721	43221548	79777
17	43224684	43229468	10614
17	43238067	43247407	124790
17	43268298	43298811	339192
17	43298811	43299589	339192,752
17	43299589	43322553	752
17	43322553	43324687	752,101927036
17	43324687	43325292	101927036
17	43325292	43326203	100133991,101927036
17	43326203	43331760	100133991
17	43331760	43339479	124783,100133991
17	43339479	43345997	124783
17	43471275	43511787	201176
17	43513266	43568115	9842
17	43578685	43623170	55073
17	43623170	43627701	55073,101930029
17	43627701	43640596	101930029
17	43697694	43699267	401884,147081
17	43699267	43725582	1394,401884,147081
17	43725582	43913194	1394
17	43922256	43924438	162540
17	43971748	44076616	4137
17	44076616	44077060	246744,4137
17	44077060	44105700	246744
17	44107282	44270942	101929776,284058
17	44270942	44274089	284058,101929776,644246
17	44274089	44302733	644246
17	44352150	44370099	100506084,51326,100294341
17	44370099	44415160	100506084,474170,51326,9884,100294341
17	44415160	44439130	100506084,474170,100294341
17	44450221	44564507	728806
17	44588877	44594068	474170
17	44594068	44633016	100506084,474170,51326,100294341
17	44633016	44636196	100506084,51326,100294341
17	44636196	44640161	100506084,23591,51326,100294341
17	44640161	44657088	23591,100506084,51326
17	44668035	44834830	101930324,4905
17	44839872	44910520	7473,101929777
17	44910567	44964096	7484
17	45000483	45000499	9570
17	45000499	45050383	9570,9570
17	45050383	45050466	100847067,9570
17	45050466	45055523	100847067
17	45055523	45056614	388394,100847067
17	45056614	45061411	388394
17	45061411	45105003	388394,101927060
17	45105003	45124520	101927060,9570
17	45124520	45177689	9570
17	45195069	45266788	996
17	45277812	45301045	4635
17	45331212	45400656	3690
17	45400656	45421658	124989,3690
17	45421658	45518678	124989
17	45527934	45569858	653479
17	45600308	45700642	9520
17	45726842	45762871	3837
17	45771447	45789416	9755
17	45810610	45823485	30009
17	45884738	45899200	114881
17	45900638	45908900	124995
17	45908993	45915058	90506
17	45915058	45915079	90506,90507
17	45915079	45918699	90507
17	45922279	45933240	80320
17	45940708	45942556	101927122
17	45968621	45973178	100506325
17	45973516	45974696	6668
17	45974696	46006323	100506325,6668
17	46006323	46018776	100506325
17	46018872	46025654	55163
17	46029333	46035244	79170
17	46045176	46059140	80279
17	46103533	46114527	51226
17	46114527	46114613	406943,51226
17	46114613	46115392	406943
17	46125691	46138849	4779
17	46147414	46178883	10951
17	46180719	46200436	29916
17	46210802	46233789	8631
17	46233789	46233873	100302211,8631
17	46233873	46507637	100302211
17	46605888	46608359	3211
17	46618256	46620913	3212
17	46620913	46623441	100874362,3212
17	46623441	46626232	100874362
17	46626232	46626992	100874362,3213
17	46626992	46628610	404266,3213
17	46628610	46652875	404266,3213
17	46652875	46656992	3213,3214,404266
17	46656992	46657473	3214,406902,3214
17	46657473	46659621	406902,3214
17	46659621	46668619	3214
17	46668619	46671323	3214,3215
17	46671323	46671639	3215
17	46671639	46682274	3215,3216
17	46682274	46682354	3216,404266
17	46682354	46683776	404266
17	46684594	46688739	3217
17	46688739	46692478	3218,3217
17	46692478	46698518	3218
17	46698518	46703839	3219,3218
17	46703839	46709852	3219
17	46709852	46709921	406972,3219
17	46709921	46710934	406972
17	46782360	46784708	100506373
17	46799084	46799884	84366
17	46800530	46801770	100422978
17	46801770	46801837	100422978,100422978
17	46801837	46802125	100422978
17	46802125	46802819	100422978,10481
17	46802819	46806540	10481
17	46839597	46894576	284076
17	46908350	46943884	10241
17	46970127	46973233	516
17	46985731	47006418	65264
17	47006678	47022479	11267
17	47035916	47045958	2695
17	47074774	47133012	10642
17	47209822	47247351	124872
17	47280153	47287589	2793
17	47287589	47287936	2793,51225
17	47287936	47300587	51225
17	47300724	47308128	162466
17	47325601	47336024	124871
17	47366568	47439835	22834
17	47481414	47492246	5245
17	47535223	47539111	101927207
17	47572655	47583019	4804
17	47583019	47592379	100288866,4804
17	47592379	47651426	100288866
17	47653220	47661189	11248
17	47676246	47755596	8405
17	47778305	47786376	10237
17	47787694	47865917	81558
17	47865917	47866542	11143,81558
17	47866542	47906458	11143
17	47915671	47925379	729220,255061
17	48046334	48052321	1748
17	48067369	48072588	1747
17	48127713	48133103	284080
17	48133332	48167845	3675
17	48172101	48187404	5164
17	48187404	48189516	5164,201191
17	48189516	48207246	201191
17	48211104	48227991	84687
17	48241575	48248789	6442
17	48248789	48253292	6442,373861
17	48253292	48258539	373861
17	48260650	48278993	1277
17	48292055	48292781	101927230
17	48348767	48358844	162461
17	48423453	48440499	64132
17	48445218	48450575	51264
17	48450581	48452420	146956
17	48452420	48458844	55379,146956
17	48458844	48474914	55379
17	48503519	48541857	80221
17	48541857	48546327	1101,80221
17	48546327	48552206	1101
17	48556161	48563336	55316
17	48585745	48608862	84073
17	48609904	48620419	55040
17	48620419	48621111	55040,64847
17	48621111	48633213	64847
17	48633568	48638429	253962
17	48638429	48639469	8913,253962
17	48639469	48704393	8913
17	48704393	48704835	8913,101927253
17	48704835	48709301	101927253
17	48712138	48769613	8714
17	48770551	48785285	91369
17	48796905	48833574	51747
17	48838390	48844918	55018
17	48912011	48919709	124857
17	48939584	48944040	10140
17	48944040	48945339	400604,10140
17	48945339	48987098	400604
17	49039535	49198226	9043
17	49230897	49230920	4830
17	49230920	49230951	654364,4830,4831
17	49230951	49239789	654364,4830,4831,4831
17	49239789	49249105	654364,4831,4831
17	49249105	49249108	4831,4831
17	49254786	49337524	54799
17	49337889	49375297	51096
17	49389970	49412526	101927274
17	49414076	49419932	440446
17	49707674	50237377	56934
17	51062880	51065012	100506650
17	51183095	51183719	101927337
17	51900239	51902573	84643
17	52976748	53029263	10040
17	53029263	53039310	10040,1353
17	53039310	53046088	1353
17	53046088	53046146	1353,252983
17	53046146	53241646	252983
17	53342373	53402426	3131
17	53469974	53499353	23531
17	53796988	53809482	55273
17	53828340	53920191	58488
17	54188319	54589020	101927443,101927408,162282
17	54671060	54672951	9241
17	54869274	54911460	339210
17	54911460	54916134	8526,339210
17	54916134	54946036	8526
17	54962000	54962180	246754
17	54965270	54968631	7706
17	54968631	54968716	100500827,7706
17	54968716	54991399	100500827
17	55015548	55038415	8161
17	55055466	55084129	59342
17	55122839	55124158	376412
17	55162453	55198710	8165
17	55333212	55599609	124540
17	55599609	55600958	124540,101927557
17	55600958	55678217	101927557
17	55678217	55685773	101927539,101927557
17	55685773	55762046	101927539
17	55821842	55822673	101927581
17	55916842	55927417	51649
17	55938604	56032684	404093
17	56048910	56065620	7716
17	56066400	56072211	645460
17	56080721	56084707	6426
17	56154252	56160565	101927666
17	56160776	56172897	140735
17	56232494	56233517	26689
17	56234389	56235161	55545
17	56247017	56247940	124538
17	56270098	56282535	8288
17	56282803	56295909	54903
17	56295909	56296966	4025,54903
17	56296966	56345879	4025
17	56347217	56358296	4353
17	56378592	56402811	9256
17	56402811	56406152	9256,100506779
17	56406152	56408245	100506779
17	56408245	56409869	406934,100506779
17	56409869	56413337	406934
17	56413337	56413383	406934,100616220
17	56413383	56422539	100616220
17	56422539	56429861	100616220,6827
17	56429861	56430454	6827,54894,6827
17	56430454	56493127	6827,54894
17	56493127	56494956	54894
17	56497528	56565745	124535
17	56566898	56595266	9110
17	56597198	56597611	101927688
17	56597611	56618179	101927688,5414
17	56618179	56618948	5414
17	56618948	56621729	5414,284083
17	56621729	56634039	284083
17	56634039	56634338	56155,284083
17	56634338	56769416	56155
17	56769934	56811703	5889
17	56833230	57058983	22843
17	57059999	57184282	4591
17	57187312	57215119	348235
17	57215119	57215233	348235,768216
17	57215233	57228497	768216
17	57228497	57228582	407027,768216
17	57228582	57232630	407027
17	57232860	57282066	55771
17	57286761	57292608	55181
17	57297828	57353328	284161
17	57409050	57443444	388403
17	57443444	57443515	388403,100616204
17	57443515	57479090	100616204
17	57508230	57604307	101927728
17	57642886	57685706	79665
17	57697219	57751997	1213
17	57751997	57773671	1213,51651
17	57773671	57784553	51651
17	57784553	57784987	81671,406991,51651
17	57784987	57918627	81671,406991
17	57918627	57918698	81671,406991,406991
17	57918698	57919616	406991
17	57936851	57970304	51174
17	57970447	58027925	6198
17	58029601	58039724	51136
17	58039724	58042122	51136,653645
17	58042122	58042193	653645
17	58042193	58074333	101927755,653645
17	58074333	58096413	101927755
17	58120386	58120466	100616210
17	58120555	58156292	63897
17	58160927	58169246	645638
17	58227297	58248260	762
17	58256455	58308877	84669
17	58308877	58309007	677681,84669
17	58309007	58469790	677681
17	58469790	58499831	677681,124773
17	58499831	58508782	124773
17	58520520	58603580	10513
17	58677544	58741849	8493
17	58754814	59470199	54828
17	59477257	59486827	6909
17	59489112	59490641	388407
17	59529765	59562471	9496
17	59667794	59668563	342538
17	59758627	59940882	83990
17	59942731	60005377	57508
17	60019966	60142643	9969
17	60342066	60353016	440452
17	60447579	60493837	146779
17	60501228	60527454	339175
17	60536019	60692842	11011
17	60704762	60770958	9902
17	60778675	60885705	162333
17	60885861	60913732	101927877
17	61021576	61021673	693218
17	61086917	61505060	26115
17	61509665	61523739	1534
17	61554422	61599205	1636
17	61600695	61626338	81033
17	61627822	61671639	10238
17	61678231	61685725	51204
17	61699775	61773262	4215
17	61773262	61773663	4215,80774
17	61773663	61778532	80774
17	61780192	61819330	92335
17	61822610	61850963	57003
17	61850963	61853711	11325,57003
17	61853711	61896677	11325
17	61896793	61904512	117246
17	61904512	61907372	5705,117246
17	61907372	61909379	5705
17	61909444	61920425	6603
17	61926652	61941739	146771
17	61949372	61951126	1443,1442
17	61957578	61959295	2689
17	61972275	61974021	1444,2688,1442
17	61986957	61994560	1444
17	61994560	61996179	1444,2688
17	61996179	61996198	2688
17	62006100	62009714	974
17	62015914	62050278	6329
17	62073431	62075711	400612
17	62075711	62077259	400612,92340
17	62077259	62079954	92340
17	62079954	62081664	3384,92340
17	62081664	62097994	3384
17	62116502	62208179	2081
17	62223330	62223443	677842
17	62223443	62223512	692227,677842
17	62223512	62223836	692227
17	62224587	62340661	55852
17	62461569	62464760	284021
17	62473902	62493154	11232
17	62495734	62496891	1655,100616408,100616387
17	62496891	62496957	1655,100616408,100616387
17	62496957	62497332	100616387,100616408,100616387
17	62497332	62497431	100616408,100616387
17	62497431	62502706	100616408,100616387
17	62502706	62504317	90799,100616408,100616387
17	62504317	62538413	90799
17	62538413	62538579	90799,64750
17	62538579	62658186	64750
17	62745781	62775377	102464831,146880
17	62775377	62778117	440456,100422961,146880,100423004,102464831
17	62778117	62833272	440456,100422961,100423004,102464831
17	62850430	62915598	374819,101930430
17	62962668	62971694	201283
17	63006833	63052957	10672
17	63096930	63107176	100507002
17	63133549	63223821	8787
17	63524681	63557765	8313
17	63631656	64188202	201134
17	64208151	64252643	350
17	64298754	64394187	5578
17	64394187	64412972	5578,101928001
17	64412972	64783190	101928001
17	64783190	64783286	693219,101928001
17	64783286	64806861	693219
17	64831235	64881603	27091
17	64961026	65027509	27092,101929306
17	65027509	65028198	27092,101929306,101929306
17	65028198	65029514	101929306
17	65040706	65052909	786
17	65066554	65242105	9931
17	65334032	65362743	5718
17	65373575	65467605	26207
17	65467605	65467701	26207,693131,100500895
17	65467701	65693372	100500895
17	65713949	65736785	25926
17	65736785	65736915	25926,100124536
17	65736915	65740647	100124536
17	65821640	65980494	2186
17	65987217	65989765	284018
17	66031635	66042958	3838
17	66195062	66195737	440461
17	66243715	66253297	51321
17	66255323	66263167	22901
17	66263167	66287408	22901,9120
17	66287408	66417089	9120
17	66417089	66418872	55062,9120
17	66418872	66420592	55062
17	66420592	66420689	55062,693220
17	66420689	66453654	693220
17	66507921	66531254	5573
17	66531254	66547460	54757,5573
17	66547460	66587937	54757
17	66587937	66597530	101928104,54757
17	66597530	66760023	101928104
17	66863433	66951533	10351
17	66970629	67057205	10350
17	67074843	67095683	23460
17	67095683	67095797	100616316,100847008,23460
17	67095797	67138029	100616316
17	67143355	67240452	10349
17	67240452	67240987	23461,10349
17	67240987	67323385	23461
17	67410839	67539472	5608
17	67573392	67899141	101928122
17	68047418	68049570	101928141
17	68049570	68064236	101928141,3773
17	68064236	68131749	3773
17	68163102	68164814	400617
17	68164814	68165543	400617,3759
17	68165543	68176189	3759
17	69093916	69198318	101928165
17	70026432	70033455	102606463
17	70033455	70034889	102606463,400618
17	70034889	70068474	400618
17	70068474	70089622	101928205,400618
17	70089622	70117161	101928205
17	70117161	70122561	101928205,6662
17	70122561	70217977	6662
17	70319264	70339081	400619,100499467
17	70339081	70351277	400619,100499467,146795
17	70351277	70636611	146795
17	70642088	71088851	201266
17	71161151	71167185	6752
17	71189129	71203492	9382
17	71203492	71204646	9382,84923
17	71204646	71228372	84923
17	71228372	71232892	55028,84923
17	71232892	71244588	55028
17	71244588	71245091	642843,55028
17	71245091	71258491	642843
17	71279763	71308314	23580
17	71330523	71509824	54549
17	71509824	71514909	54549,101928251
17	71514909	71640228	101928251
17	71746469	71782941	283982
17	71782941	71796932	400620,283982
17	71796932	71824659	400620
17	72199721	72206119	6169
17	72206119	72206794	85001,6169
17	72206794	72209481	85001
17	72209653	72258155	94015
17	72270386	72311023	64446
17	72322349	72351959	124602
17	72352555	72358085	388419
17	72363546	72368761	350383
17	72420990	72447792	55890
17	72462555	72480933	11314
17	72517313	72527613	124599
17	72537247	72542282	10871
17	72575504	72580818	100131439
17	72580818	72588422	100131439,146723
17	72588422	72590348	146723
17	72595979	72603368	101928343
17	72606026	72619897	342510
17	72666717	72690452	326624
17	72690452	72709117	326624,146722
17	72709117	72743458	146722
17	72743458	72743474	146722,100500847
17	72743474	72744752	100500847
17	72744752	72744791	100500847,100500847
17	72744791	72744838	9368,100500847
17	72744838	72745051	9368,100500847
17	72745051	72765492	9368
17	72766686	72772506	26151
17	72772622	72835918	54868
17	72838162	72857627	2905
17	72858619	72869156	2232
17	72873428	72889708	283985
17	72912176	72919351	124590
17	72920370	72930007	92736
17	72931814	72946087	347741
17	72946838	72969261	283987
17	72983727	73001895	30850
17	73008765	73017356	3396
17	73028670	73034958	23510,101928375
17	73034958	73043080	101928375,10476,23510
17	73043080	73061984	10476
17	73083822	73102257	9121
17	73106047	73126320	79637
17	73126320	73126360	30833,79637
17	73126360	73127890	30833
17	73131343	73163408	51155
17	73163408	73164376	101929087,6613,6612,51155
17	73164376	73179078	101929087,6612,6613
17	73201754	73231853	79902
17	73232694	73257755	23163
17	73257755	73258444	51081,23163
17	73258444	73262309	51081
17	73262309	73262454	51081,57409
17	73262454	73267308	57409
17	73267450	73269073	100287042
17	73269073	73269976	100287042,60386
17	73269976	73285591	60386
17	73314157	73401790	2885
17	73402150	73402243	100500841
17	73437240	73496171	102466911,9772
17	73496342	73511664	57513
17	73512141	73520820	283989
17	73521161	73571289	3993
17	73584139	73622925	80022
17	73622925	73622929	9400,80022
17	73622929	73629514	9400
17	73629514	73637484	9400,643008
17	73637484	73642323	643008
17	73642323	73644057	100130933,643008
17	73644057	73663196	100130933
17	73663196	73663269	100130933,29115
17	73663269	73704142	29115
17	73717408	73747675	3691
17	73747675	73753899	2584,3691
17	73753899	73761792	2584
17	73772515	73780602	100616282,3021,3020
17	73780602	73780681	100616282,3021,3020
17	73780681	73780688	85451,100616282,3021,3020
17	73780688	73781974	100616282,3020,85451
17	73781974	73821886	85451
17	73823306	73840798	201294
17	73841780	73852588	23558
17	73870242	73874656	91107
17	73876416	73893084	201292
17	73894724	73905655	64978
17	73905655	73905899	64978,85302
17	73905899	73937221	85302
17	73937588	73975301	51
17	73975301	73975312	51,100134934
17	73975312	73975515	100529145,51,100134934
17	73975515	73996667	100529145,100134934
17	73996667	73996987	100529145
17	73996987	74000583	100529145,1018
17	74000583	74002080	100529145,1018,2125
17	74002080	74023533	2125
17	74035184	74068042	6730
17	74068042	74068734	353174,6730
17	74068734	74070875	353174
17	74070875	74073622	353174,8811
17	74073622	74077087	8811
17	74077087	74079747	23265,8811
17	74079747	74117657	23265
17	74132414	74136637	2302
17	74136637	74137380	100507218,2302
17	74137380	74138534	100507218
17	74138534	74150731	100507218,114804
17	74150731	74236454	114804
17	74261283	74267375	283991
17	74270130	74303761	84074
17	74305567	74372665	5635
17	74372665	74380602	8877,5635
17	74380602	74383941	8877
17	74385532	74449288	63893
17	74449433	74466199	15
17	74466973	74497872	79651
17	74523438	74523668	114757
17	74523668	74547257	114757,768206
17	74547257	74549660	768206
17	74553848	74557191	677850,100507246,677848
17	74557191	74557274	677850,677849,100507246,677848
17	74557274	74559792	677849,100507246,677848
17	74559792	74561430	677849,677848,100507246,10610
17	74561430	74583038	10610
17	74620843	74639920	55808
17	74668633	74707098	439921
17	74708919	74722866	23210
17	74722912	74730018	124512
17	74730197	74731947	6427,693221
17	74731947	74732532	6427,693221,79157
17	74732532	74732630	693221,79157,79157
17	74732630	74733456	693221,79157
17	74733456	74777531	693221
17	74795126	74802035	101928514
17	74846258	74857918	101928538
17	74864538	74946475	146664
17	75082798	75091068	6397,102466864,654434,677781
17	75091068	75213179	6397
17	75276651	75393066	10801
17	75393066	75393136	100422851,10801
17	75393136	75496678	100422851
17	75523080	75532674	400622
17	75543022	75559325	100507351
17	75718954	75724641	100132174
17	76000249	76103479	57690
17	76103479	76104916	100131096,57690
17	76104916	76106539	100131096
17	76106539	76107880	11322,100131096
17	76107880	76126851	11322
17	76126851	76128488	11322,147138
17	76128488	76139049	147138
17	76142434	76162258	100141515
17	76164639	76169608	9144
17	76170160	76183314	7083
17	76183398	76203782	125061
17	76210267	76221717	332
17	76227391	76237068	283999
17	76257430	76274573	100996291
17	76352864	76356158	9021
17	76356534	76369992	101928674
17	76374721	76419778	9489
17	76419778	76421195	8632,9489
17	76421195	76480964	8632
17	76480964	76495428	8632,100996295
17	76495428	76573476	100996295
17	76613471	76628139	101928710
17	76670130	76778379	9267
17	76783463	76837523	57602
17	76849059	76866992	7077
17	76866992	76899299	7077,100653515
17	76899299	76921469	100653515
17	76967320	76976191	3959
17	76987799	77005949	124583
17	77018896	77045870	114897
17	77071021	77084681	64772
17	77085427	77613550	146713
17	77680985	77681058	100616170
17	77681075	77686081	100652929
17	77704681	77716021	339221
17	77751931	77761782	84733
17	77765931	77775482	57332
17	77806955	77813228	8535
17	77889051	77893156	101928766
17	77893156	77899261	101928766,101928738
17	77899261	77900524	101928738
17	77906142	78009647	125058
17	78010435	78074412	55036
17	78075355	78093678	2548
17	78109013	78120982	9775
17	78143791	78174472	79092
17	78174472	78179748	79092,101929888
17	78179748	78180515	101929888
17	78180515	78183130	6448,101929888
17	78183130	78193498	6448
17	78193498	78194722	6448,284129
17	78194722	78227299	284129
17	78234665	78325628	57674
17	78325628	78372586	100294362,57674
17	78372586	78388965	100294362
17	78388965	78388968	100294362,284131
17	78388968	78393218	284131
17	78393218	78393293	284131,100616359
17	78393293	78411886	100616359
17	78440948	78451643	4884
17	78518619	78775440	57521
17	78775440	78779432	57521,101928855
17	78779432	78940039	101928855
17	78940039	78940171	101928855,400627
17	78940171	78945013	400627
17	78965398	78983317	79643
17	79002933	79008501	440465
17	79008948	79091095	10458
17	79091095	79091232	9625,10458
17	79091232	79099076	9625
17	79099076	79099173	9625,724027
17	79099173	79099677	724027
17	79099677	79099755	442906,100422915,724027
17	79099755	79106996	442906,100422915
17	79106996	79107108	442906,100422915,100302229
17	79107108	79139307	100302229
17	79139307	79139877	388428,100302229
17	79139877	79156964	388428
17	79163393	79196799	22994
17	79202077	79212891	146705
17	79213039	79215081	284184
17	79218800	79269347	124565
17	79277571	79283048	284185
17	79285074	79304474	284186
17	79361930	79364056	100507520
17	79373540	79374516	57597
17	79374516	79374578	57597,100616294
17	79374578	79418130	100616294
17	79418130	79418214	100422944,100616294
17	79418214	79433357	100422944
17	79476997	79490873	60,71
17	79495422	79504156	25794
17	79506911	79520987	80233
17	79523913	79604197	55666
17	79604197	79615495	55666,83882
17	79615495	79615779	83882
17	79617489	79630142	5148
17	79632066	79633394	339229
17	79633394	79633665	339230,339229
17	79633665	79640934	339230
17	79648204	79650356	339231
17	79650356	79650954	9146,339231
17	79650954	79670168	9146
17	79670387	79670401	6182
17	79670401	79670404	1468,6182
17	79670404	79674556	1468,6182,1468
17	79674556	79687569	1468,1468
17	79687569	79688042	1468
17	79762008	79771889	2642
17	79780287	79791178	348262
17	79791368	79792926	116729
17	79801035	79818570	5034
17	79825597	79829282	396
17	79845713	79848666	10189
17	79848666	79849462	51529,10189
17	79849462	79858621	51529
17	79858621	79858841	51529,256933
17	79858841	79858867	256933,5833
17	79858867	79860781	256933,5833
17	79860781	79869340	5833
17	79869815	79876146	51547
17	79876146	79879199	4097,51547
17	79879199	79885590	4097
17	79885705	79888629	92659
17	79890260	79897521	5831
17	79897521	79900288	255275,5831
17	79900288	79905109	255275
17	79910388	79919716	147111
17	79934683	79975282	79058
17	79976578	79981178	201254
17	79981178	79981983	201255,201254
17	79981983	79989027	201255
17	79989500	79992080	5881
17	79993012	79995608	51181
17	80005778	80008567	5986
17	80008567	80009707	5986,2873
17	80009707	80015346	2873
17	80015382	80023763	64118
17	80036214	80056208	2194
17	80059336	80170706	284001
17	80186273	80196899	9123,102465472
17	80196899	80219005	102465472,9123,1453
17	80219005	80231607	1453
17	80247922	80250690	101929511
17	80272744	80275478	924
17	80278900	80291950	6398
17	80317123	80321652	400629
17	80332153	80333462	2837
17	80347099	80376194	79701
17	80376194	80376513	284004,79701
17	80376513	80400465	284004
17	80400465	80400521	284004,79415
17	80400521	80408705	79415
17	80416056	80448413	26502
17	80477589	80560865	3607
17	80560865	80562054	3607,3607
17	80562054	80572438	3607
17	80572438	80602538	3607,56270
17	80602538	80606429	56270
17	80612849	80626109	10966
17	80626109	80626183	100616196,10966
17	80626183	80656604	100616196
17	80671784	80674131	101929552
17	80674559	80688204	79672
17	80693451	80709073	64122
17	80709940	80787311	101929597,6904
17	80787311	80798454	6904,79755,101929597
17	80798454	80900031	79755
17	80900031	80900724	146712,79755
17	80900724	81009686	146712
17	81037567	81052864	284207
17	81091900	81125376	101929650
17	81168296	81174666	100505909
17	81174666	81175490	100505909,388574,101930151,101929209
17	81175490	81188573	101930151,388574,101929209
17	81175490	81188573	101930151,388574,101930151,101929209
