4	206399	249774	642280
4	264464	299110	654254
4	331603	343946	7700
4	343946	344041	693156,7700
4	344041	378653	693156
4	419224	419604	79963
4	419604	467918	170960,79963
4	467918	492945	170960
4	492989	533985	54872
4	619373	646639	5158
4	646639	649434	5158,101928521
4	649434	664571	101928521
4	666225	667369	521
4	667369	668127	4636,521
4	668127	675618	4636
4	675618	675822	4636,84179
4	675822	683230	84179
4	699537	756175	10336
4	756175	758275	100129917,10336
4	758275	758862	100129917,10336,101930019
4	758862	764428	101930019
4	764428	775637	100129917
4	778745	819986	10815
4	843064	926161	2580
4	926175	952444	84286
4	952675	972861	1609
4	972861	980683	1609,10861
4	980683	980785	10861
4	980785	987228	10861,3425
4	987228	998316	3425
4	1003724	1020685	53834
4	1050038	1107350	285498
4	1108985	1147514	100379220
4	1160720	1202750	10417,100130872
4	1205236	1243088	1487
4	1243088	1243741	92070,1487
4	1243741	1282079	92070
4	1283639	1333935	101928676,10296
4	1341054	1381837	57654
4	1385340	1389780	285464
4	1575789	1581980	100507054
4	1619642	1686029	152877
4	1694527	1714282	7884
4	1717679	1723085	92305
4	1723227	1746898	10460
4	1795034	1810599	2261
4	1813206	1857974	3954
4	1873151	1976363	7468
4	1976363	1976487	7468,677770
4	1976487	1983934	677770
4	1984441	1988111	7469,100126332
4	1988111	1988204	7469,100126332,100126332
4	1988204	2043630	100126332
4	2043689	2045697	401115
4	2061239	2070816	339983
4	2073645	2229191	353497
4	2229191	2243848	353497,79441
4	2243848	2243891	79441
4	2249159	2251804	10608,100616358
4	2251804	2251883	10608,100616358,100616358
4	2251883	2264021	100616358
4	2271309	2420390	57732
4	2463947	2626988	6047
4	2626988	2627047	6047,8603
4	2627047	2734292	8603
4	2743375	2758103	79155
4	2794750	2842825	6452
4	2845584	2931803	118
4	2932288	2936586	10227
4	2936626	2939660	317648
4	2939660	2963465	8602,317648
4	2963465	2965112	8602
4	2965335	3042474	2868
4	3065198	3076241	100750326
4	3076408	3245676	3064
4	3246096	3273465	345222
4	3294755	3441640	6002
4	3443614	3451211	3083
4	3465033	3503200	285489
4	3508103	3534286	4043
4	3675320	3679582	100133461
4	3768075	3770251	152
4	4190530	4228616	133060
4	4237269	4249950	85013
4	4269428	4291896	55646
4	4291924	4323513	166793
4	4349867	4417469	27065
4	4417469	4420785	53407,27065
4	4420785	4543858	53407
4	4543858	4544073	53407,100507266
4	4544073	4712665	100507266
4	4861393	4865663	4487
4	5016313	5021199	54360
4	5053169	5502725	55351
4	5526296	5529528	10141
4	5544499	5711275	132884
4	5712924	5749811	2121
4	5749811	5830772	1400,2121
4	5830772	5894785	1400
4	5925002	5925055	100616201
4	5958845	5991545	389197
4	6027926	6202318	152789
4	6202460	6240044	285484
4	6271576	6304992	7466
4	6322305	6565327	5522
4	6576902	6625089	23324
4	6641818	6644472	93621
4	6672452	6675178	100507376
4	6675178	6675557	100507376,93622
4	6675557	6677774	93622
4	6689175	6692246	339988
4	6694796	6698897	6286
4	6709428	6711607	114932
4	6717842	6719387	55330
4	6783102	6885897	9778
4	6910969	7032281	57533
4	7032281	7034845	100129931,57533
4	7034845	7042579	100129931
4	7042579	7043626	100129931,257236
4	7043626	7044728	257236,93624
4	7044728	7047958	257236,93624
4	7047958	7059679	93624
4	7060633	7069924	80273
4	7096298	7105112	730971
4	7194265	7312177	57537
4	7312177	7312251	57537,100616471
4	7312251	7432022	100616471
4	7432022	7436700	768239,100616471
4	7436700	7461755	768239
4	7461755	7461845	100422826,768239
4	7461845	7744554	100422826
4	7755817	7760441	84740
4	7760441	7780655	60312,84740
4	7780655	7941653	60312
4	7967039	8007028	84448
4	8007028	8007108	407052,84448
4	8007108	8160559	407052
4	8183799	8243530	54436
4	8271492	8308838	94031
4	8368009	8437867	8310
4	8437867	8442450	152992,8310
4	8442450	8495258	152992
4	8560452	8594387	27201
4	8594387	8621486	8532,27201
4	8621486	8621488	8532
4	8747123	8747759	101928532
4	8847802	8873543	3166
4	9212383	9213975	100287238,100287144
4	9213975	9217131	100287238
4	9217131	9218723	100287238,100287178
4	9218723	9221878	100287178
4	9221878	9223470	100287205,100287178
4	9223470	9228214	100287205
4	9236111	9237700	100288520
4	9245605	9247197	100287327
4	9250356	9251948	100287364
4	9255104	9256696	100287404
4	9259850	9261442	100287441
4	9264598	9266190	100287478
4	9269345	9270937	100287513
4	9326891	9328483	728369,728393,728373,728419,728405,728400,728379
4	9331637	9333229	728369,728393,728373,728419,728405,728400,728379
4	9336384	9337976	728369,728393,728373,728419,728405,728400,728379
4	9341129	9342721	728386
4	9345874	9347466	728369,728393,728373,728419,728405,728400,728379
4	9350619	9352211	728369,728393,728373,728419,728405,728400,728379
4	9355364	9356956	728369,728393,728373,728419,728405,728400,728379
4	9360109	9361701	391627
4	9364855	9366447	728369,728393,728373,728419,728405,728400,728379
4	9369600	9370796	391622
4	9446260	9452240	100129216,644414
4	9557789	9557937	100302277
4	9772777	9783258	56606
4	9783258	9785632	56606,1816
4	9785632	10056560	1816
4	10075963	10080235	9948
4	10080235	10080316	100423011,9948
4	10080316	10118573	100423011
4	10441498	10459034	85460
4	10488019	10686489	116449
4	11370451	11370545	693157
4	11394774	11431389	9957
4	12225075	12252910	101929019
4	13362978	13485989	9364
4	13542454	13546674	579
4	13570362	13629347	259282
4	13629489	13629581	100847023
4	13656803	13978699	101929071
4	14113592	14141676	152742
4	14911585	15003669	441009
4	15004298	15071777	132864
4	15341442	15447790	114905
4	15471489	15603180	57545
4	15606162	15683285	26234
4	15683285	15683302	26234,285550
4	15683302	15704573	285550
4	15704573	15707188	683,285550
4	15707188	15739936	683
4	15779898	15854853	952
4	15937192	15940363	9982
4	15961866	15964699	83888
4	15964699	15970932	8842,83888
4	15970932	16086001	8842
4	16162128	16228286	202018
4	16228286	16229033	202020,202018
4	16229033	16321763	202020
4	16503164	16900432	9079
4	17173380	17187682	101929123
4	17461884	17513857	5860
4	17516788	17528727	645104
4	17578815	17609595	51056
4	17616254	17630929	80306
4	17630929	17635728	27146,80306
4	17635728	17783135	27146
4	17802278	17812381	54876
4	17812525	17842822	64151
4	17842822	17846485	254251,64151
4	17846485	18023499	254251
4	20254883	20393812	9353
4	20393812	20396479	9353,100505893
4	20396479	20529898	100505893
4	20529898	20530007	100505893,407000
4	20530007	20622184	407000
4	20697905	20730239	133015
4	20730239	20754530	80333,133015
4	20754530	21950422	80333
4	22346694	22517677	166647
4	22694537	22821198	57733
4	23756664	23905712	10891
4	24519064	24521815	1665
4	24521815	24521913	693158,1665
4	24521913	24586173	693158
4	24791534	24802464	6649
4	24807739	24981826	91050
4	25000469	25032501	55203
4	25121627	25162204	51091
4	25162263	25280714	55300,285540
4	25314407	25372005	29063
4	25378835	25420120	29945
4	25656923	25680370	10568
4	25749055	25863452	23231
4	25863452	25865382	23231,389203
4	25865382	25931435	389203
4	26165077	26436541	3516
4	26483022	26492084	886
4	26578059	26756973	55296
4	26859300	27027003	57620
4	27219101	27283847	101929199
4	30722037	31148422	5099
4	32352660	32354842	101927363
4	33777969	34041515	101928622
4	35949843	36245738	116984,101928667
4	36245738	36246131	116984,439933,101928667
4	36246131	36275842	439933
4	36283244	36347378	401124
4	37003438	37022330	100508631
4	37243532	37243613	100616435
4	37245842	37451087	57495
4	37455563	37592422	55286
4	37592422	37625117	768211,55286
4	37625117	37687998	768211
4	37828255	37864558	55276
4	37892708	37962056	23216
4	37962056	37962746	10744,23216
4	37962746	38140796	10744
4	38422283	38524801	101928776
4	38614322	38665817	79667
4	38665817	38666504	79667,51274
4	38666504	38702663	51274
4	38773860	38784611	81793
4	38792298	38825336	7096
4	38825336	38858438	7096,10333
4	38869298	38869653	92689
4	38869653	38869748	693159,92689
4	38869748	38947360	693159
4	38968365	39034542	80008
4	39046659	39128477	51088
4	39184024	39287430	57728
4	39289076	39367995	5981
4	39408473	39413530	152831
4	39413530	39413594	100847065,152831
4	39413594	39453156	100847065
4	39455744	39460568	6133
4	39460620	39479273	11019
4	39481875	39483525	401127
4	39500375	39529639	7358
4	39529639	39529931	100885776,7358
4	39529931	39547950	100885776
4	39547950	39596327	100885776,201895
4	39596327	39640710	201895
4	39699664	39784412	3093
4	39824483	39979576	23244
4	40044537	40058446	344967
4	40058446	40058819	55728,344967
4	40058819	40159872	55728
4	40192673	40248587	399
4	40318502	40332436	101060498
4	40337346	40357234	55584
4	40425272	40504057	54502
4	40504057	40504136	100616274,54502
4	40504136	40632892	100616274
4	40751914	40812002	79730
4	40812044	41218731	323
4	41222091	41258430	101410542
4	41258430	41258744	7345,101410542
4	41258744	41270472	7345
4	41361624	41702061	22998
4	41746099	41750987	8929
4	41878498	41884628	101927074
4	41937137	41962589	55161
4	41983713	41988476	285429
4	41992489	42092474	10463
4	42112955	42154895	389206
4	42399856	42404504	152573
4	42410390	42659122	10396
4	42708124	42709352	101927095
4	42895284	43032675	389207
4	44018878	44024080	100506827
4	44175926	44450824	386617
4	44624086	44680444	285525
4	44680444	44680573	285525,60558
4	44680573	44684217	60558
4	44684217	44702943	60558,132789
4	44702943	44728612	132789
4	46037786	46126098	2565
4	46250444	46477247	2555
4	46736844	46911252	170712
4	46920917	46995740	2557
4	46995740	46996424	2560,2557
4	46996424	47428461	2560
4	47452885	47465736	54951
4	47487305	47595503	57205
4	47596015	47840123	10699
4	47849257	47916159	152518
4	47916159	47916653	152518,101927157,152519
4	47916653	47937994	101927157,152519
4	47937994	48018689	152519,1259,101927157
4	48018689	48042188	152519,1259,1259
4	48068410	48136273	7294
4	48137800	48271881	7006
4	48343339	48428229	57606
4	48485360	48491213	201780
4	48492269	48496406	326340
4	48499378	48782339	285527
4	48807229	48863834	54940
4	48887036	48908954	132299
4	48988264	49064098	80157
4	52709166	52783003	23142
4	52859868	52883786	339977
4	52886872	52904648	6443
4	52917497	52963458	132671
4	53457138	53525502	64854
4	53525573	53527835	643783
4	53578597	53578849	57291
4	53578849	53578914	100616436,57291
4	53578914	53579416	100616436
4	53579416	53579537	100616436,677810
4	53579537	53586518	677810
4	53588785	53617807	100288413
4	53656161	53681631	152578
4	53728457	53733000	65997
4	53739149	54232242	152579
4	54243810	54325468	81608
4	54325468	54362567	84708,81608
4	54362567	54415745	100873939,84708,81608
4	54415745	54459123	100873939
4	54459123	54470214	100873939,100873955
4	54470214	54525375	100873955
4	54525375	54567572	100506444,100873955
4	54567572	54603323	100506444,84708
4	54603323	54852754	84708
4	54852754	54853225	402176,84708
4	54853225	54875956	402176
4	54875956	54930857	26511,402176
4	54930857	54965690	26511
4	54965690	54968672	26511,170825
4	54968672	55095264	170825
4	55095264	55161439	5156,170825
4	55161439	55164414	5156
4	55469378	55473298	339978
4	55524085	55606881	3815
4	55944644	55991756	3791
4	56212276	56230138	79644
4	56230138	56239263	100506462,79644
4	56239263	56262014	100506462
4	56262124	56294070	55858
4	56294070	56319564	9575,55858
4	56319564	56413305	9575
4	56422692	56458379	132954
4	56461396	56502865	10874
4	56686169	56703548	644145
4	56719782	56771200	55763
4	56815037	56899529	9662
4	57036361	57194791	57482
4	57204456	57253666	132949
4	57259528	57301781	5471
4	57301907	57327534	10606
4	57333081	57369839	6731
4	57371509	57390614	132946
4	57396775	57469673	100506564
4	57514155	57548065	84525
4	57676026	57687908	6691
4	57774075	57802010	5978
4	57829536	57843888	84273
4	57843888	57844989	5431,84273
4	57844989	57896939	5431
4	57896939	57897334	5431,3490
4	57897334	57975928	3490
4	57975928	57976551	255130,3490
4	57976551	58071676	255130
4	58292038	58332152	101928851
4	61788337	61788402	100616450
4	62066976	62944053	23284
4	65140975	65275186	253017
4	65779999	65870218	401134
4	66185281	66535679	2044
4	66535679	66536213	100144602,2044
4	66536213	66563747	100144602
4	67142542	67142646	100302177
4	68283023	68333969	101927237
4	68337521	68411324	1060
4	68424446	68473055	26228
4	68478370	68566897	55236
4	68566998	68605046	550112
4	68605046	68620078	2798,550112
4	68620078	68686594	2798
4	68686594	68749750	9407,2798
4	68749750	68775103	9407
4	68775103	68829858	9407,339967
4	68829858	68857402	339967
4	68857402	68881486	644759,339967
4	68881486	68918916	644759
4	68918916	68926312	644759,389208
4	68926312	68929015	401135,389208
4	68929015	68946670	401135,389208
4	68946670	68995598	401135
4	69048010	69078188	100130017
4	69092371	69111438	132724
4	69176105	69215807	91746
4	69313167	69363322	28983
4	69402902	69434245	7367
4	69512348	69536346	7366
4	69681711	69696914	7365,101929773
4	69794181	69817509	79799
4	69917081	69978705	7364
4	70047818	70065669	101930401,101929979
4	70065669	70080449	101930401,10720,101929979
4	70080449	70082484	10720
4	70146217	70160768	54490
4	70345883	70391732	7363
4	70454135	70454912	10941,574537
4	70454912	70505360	10941,574537
4	70505360	70518965	10941,10941
4	70518965	70518967	10941
4	70586880	70653679	27284
4	70676498	70725870	6783
4	70796799	70812289	1446
4	70820974	70826725	1447
4	70861647	70868287	6779
4	70894130	70902255	3347
4	70916119	70924562	3346
4	70933103	70951007	286828
4	70999333	71042516	401137
4	71062213	71070293	54959
4	71091788	71100969	260436
4	71108305	71117145	1448
4	71200683	71202833	85438
4	71226478	71232875	26952
4	71235810	71255961	10879
4	71263599	71275911	58503
4	71296209	71348714	4589
4	71384257	71398459	401138
4	71457973	71473005	258
4	71494461	71521258	10117
4	71521258	71547534	10117,3512
4	71547534	71552533	3512
4	71554196	71556267	57050
4	71569921	71673032	22902
4	71681499	71705662	2926
4	71768043	71858255	92597
4	71858255	71888166	92597,1633
4	71888166	71896631	1633
4	72053003	72437804	8671
4	72607410	72669758	2638
4	72897521	73013784	10886
4	73146686	73434516	9508
4	73921797	73935472	285521
4	73939093	74124515	26057
4	74262831	74287129	213
4	74296855	74321891	174
4	74347400	74369691	173
4	74374520	74399845	728040
4	74437267	74486348	166824
4	74606223	74609433	3576
4	74702214	74714781	6372
4	74718906	74719872	5197
4	74735110	74736959	2919
4	74846794	74847841	5196
4	74852755	74853914	5473
4	74861359	74864496	6374
4	74902306	74904524	2921
4	74919755	74921116	10895
4	74962752	74965010	2920
4	74979891	75168816	441024
4	75174190	75181024	255324
4	75230860	75254468	2069
4	75310851	75320726	374,727738
4	75480629	75490486	374,727738
4	75669969	75719896	685
4	75858305	75881184	25849
4	75881184	75895572	100507388,25849
4	75895572	75919087	100507388
4	75919087	75960034	100507388,101928702
4	75960034	75975325	101928702
4	76006912	76009927	100505946
4	76279286	76287776	441025
4	76404247	76439156	25898
4	76439156	76439974	25898,152815
4	76439974	76475683	152815
4	76481258	76491095	152816
4	76503215	76555900	8999
4	76567966	76649709	9908
4	76649777	76735382	8615
4	76781020	76823724	5470
4	76831809	76862103	27163
4	76862103	76862204	27163,55153
4	76862204	76901943	55153
4	76901943	76912115	55153,101928809
4	76912115	76922428	101928809
4	76922428	76927095	101928809,4283
4	76927095	76928641	4283
4	76932337	76942273	419
4	76942273	76944650	3627,419
4	76944650	76954835	3627
4	76954835	76962568	3627,6373
4	76962568	77033955	6373
4	77035812	77069668	53371
4	77079890	77135046	950
4	77135193	77172874	100129583
4	77172874	77172886	100129583,100631383
4	77172886	77204933	100129583,100631383,8987
4	77204933	77232282	100129583,100631383,8987
4	77232282	77232752	8987
4	77234154	77343021	339965
4	77356253	77494721	57619,100996628
4	77494721	77494785	57619,100996628,100616299
4	77494785	77496704	100616299
4	77496704	77496779	100616254,100616299
4	77496779	77704406	100616254
4	77816082	77819002	345079
4	77870856	77961537	55752
4	77968311	77997158	10983
4	78078304	78354542	901
4	78432907	78532988	10563
4	78634541	78740769	246175
4	78783674	78873944	65008
4	78978724	79465423	80144
4	79472673	79531597	306
4	79567057	79603853	100505702
4	79697496	79741906	55589
4	79741906	79741975	100616427,55589
4	79741975	79808281	100616427
4	79808281	79837526	152559,100616427
4	79837526	79860592	152559
4	79892902	80146848	100505875
4	80146848	80229952	84779,100505875
4	80229952	80247204	84779
4	80327508	80329372	2712
4	80413570	80497614	100506035
4	80517696	80518327	101928918
4	80748625	80798924	118425
4	80822303	81046608	118429
4	81105033	81125483	56978
4	81187753	81256874	2250
4	81256874	81257834	255119,2250
4	81257834	81884910	255119
4	81952119	81978685	651
4	82009837	82086094	5593
4	82086094	82114549	101928942,5593
4	82114549	82136218	101928942
4	82347547	82965397	153020
4	83273651	83295454	3184
4	83295454	83295656	3184,101928963
4	83295656	83305180	101928963
4	83343717	83351294	9987
4	83351715	83382244	58478
4	83404323	83483510	441027
4	83534266	83542590	439934
4	83550692	83674490	79966
4	83674490	83674583	693160,79966
4	83674583	83720010	693160
4	83739814	83814162	22872
4	83814162	83821837	22872,100499177
4	83821837	83822113	22872,100499177,79725
4	83822113	83822319	79725,100499177
4	83822319	83831126	79725
4	83831126	83841122	132660,79725
4	83841122	83934079	132660
4	83955600	83996971	51138
4	84011201	84058228	51316
4	84182689	84206067	27235
4	84213614	84256306	10855
4	84328496	84377009	113510
4	84377085	84382092	51023
4	84382092	84390888	51023,84142
4	84390888	84444501	84142
4	84457067	84527028	84803
4	84717589	85214565	101928978
4	85413140	85419603	4825
4	85504132	85572491	1040
4	85590704	85887538	23001
4	85887538	85887544	404201,23001
4	85887544	85932430	404201
4	86396267	86643621	83478
4	86643621	86643686	83478,100616349
4	86643686	86923823	100616349
4	86936276	87039065	5602
4	87039065	87141079	101929064,5602
4	87141079	87463635	101929064
4	87463635	87463705	101929064,100616463
4	87463705	87515284	100616463
4	87515468	87736324	5783
4	87744621	87770416	345274
4	87797358	87856154	132989,100506746
4	87856154	87857354	4299,100506746,132989
4	87857354	88062206	4299
4	88081255	88161466	57563
4	88221647	88221735	100847027
4	88224941	88244058	345275
4	88257762	88312538	51170
4	88343734	88380606	53343
4	88381959	88383432	101929090
4	88394487	88452213	8404
4	88529681	88538062	1834
4	88571459	88585513	1758
4	88720733	88733074	3381
4	88742563	88767969	56955
4	88896819	88904562	6696
4	88928820	88998929	5311
4	89011416	89152474	9429
4	89178772	89205921	152926
4	89206094	89252573	101929118
4	89299891	89364263	55008
4	89378268	89427314	51191
4	89442136	89442199	100996939,84992
4	89442199	89442724	8916,101929134,100996939,84992
4	89442724	89442940	8916,101929134,100996939,84992,84992
4	89442940	89444964	84992
4	89444964	89605999	101929134,8916
4	89605999	89606105	8916,101929134,100873748
4	89606105	89617066	100873748
4	89617066	89619386	266812,100873748
4	89619386	89629693	266812
4	89630940	89647106	285512
4	89647106	89651254	285512,10144
4	89651254	90032549	10144
4	90033968	90036050	166815
4	90157537	90229161	285513
4	90645250	90757559	6622
4	90757559	90759466	644248,6622
4	90759466	90763129	644248
4	90800683	90875780	22915
4	91048686	92523064	401145
4	93225550	94695707	2895
4	94750042	94751221	474
4	95038943	95128707	101929210
4	95128762	95212443	56916
4	95219686	95264027	27306
4	95373037	95589377	10611
4	95664951	95678684	100507012
4	95679119	96079599	658
4	96083655	96470357	8633
4	96761239	96762625	5161
4	97073448	97073554	100873749
4	98105244	98288077	285555
4	98288077	98411315	101410545,285555
4	98411315	99064391	101410545
4	99182535	99365012	5910
4	99391518	99579780	10098
4	99792835	99851788	1977
4	99916771	99918538	23173
4	99918538	99918611	23173,100500867
4	99918611	99983964	100500867
4	99992132	100009952	128
4	100010008	100044808	101929271,100507053
4	100044808	100078949	127,100507053,101929271
4	100078949	100081671	127
4	100081671	100082802	127,359806
4	100082802	100123795	359806
4	100123795	100140694	359806,130
4	100140694	100197524	130
4	100197524	100212185	124,130
4	100212185	100222513	124
4	100226121	100242558	125
4	100257649	100274184	126
4	100333418	100356894	131
4	100432161	100463460	84103
4	100467866	100484918	93587
4	100484918	100485189	93587,4547
4	100485189	100545156	4547
4	100557686	100575805	285556
4	100737990	100791311	27071
4	100799493	100815647	8649
4	100817405	100867883	79982
4	100869243	100871545	3015
4	101107027	101111190	115265
4	101111190	101111939	101929353,115265
4	101111939	101136662	101929353
4	101316498	101581436	51705
4	101581436	101596270	100874275,51705
4	101596270	101801283	100874275
4	101944566	102251459	5530
4	102251459	102251571	5530,100302193
4	102251571	102269435	100302193
4	102332443	102995969	55024
4	103172198	103352415	64116
4	103422486	103538459	4790
4	103552660	103682151	4126
4	103715540	103790053	7323
4	103790135	103806205	493856
4	103806205	103810399	493856,101929373,150159
4	103810399	103940896	150159,101929373
4	103941025	104000592	133308
4	104000592	104006986	133308,56898
4	104006986	104021040	56898
4	104026963	104119566	1062
4	104177316	104374815	101929448
4	104507188	104640973	6870
4	105389469	105412122	80319
4	105412122	105416058	80319,101929468
4	105416058	105618749	101929468
4	106058437	106061776	101929491
4	106067032	106200973	54790
4	106290234	106395238	27068
4	106473777	106482748	54848
4	106482748	106491395	100874374,54848
4	106491395	106603784	100874374
4	106603784	106629250	100874374,57117
4	106629250	106629935	57117
4	106629935	106667402	57117,79807
4	106667402	106748329	57117,79807,101929529
4	106748329	106768885	101929529
4	106768885	106815932	79807
4	106815932	106817143	79807,255743
4	106817143	106924474	255743
4	106924474	106925184	255743,101929577
4	106925184	106943635	101929577
4	106962756	107236701	93627
4	107236701	107242652	93627,9255
4	107242652	107270383	9255
4	107842959	108204963	27123
4	108511433	108641608	9061
4	108745719	108784635	166929
4	108784635	108836203	166929,101929595
4	108836203	108852525	101929595
4	108852525	108874613	113612,101929595
4	108874613	108899955	113612
4	108910870	108956331	3033
4	108968701	109088681	51176
4	109088681	109090112	51176,641518
4	109090112	109177992	641518
4	109459346	109541616	285456
4	109541722	109551568	6164
4	109571740	109588976	58505,646567
4	109663196	109684210	64850
4	109731877	110223813	84570
4	110268631	110354928	100533182
4	110354928	110354973	10427,100533182
4	110354973	110409854	10427
4	110409854	110409951	10427,693161
4	110409951	110462052	693161
4	110481361	110609785	55013
4	110609785	110609874	55013,839
4	110609874	110624739	839
4	110631145	110651233	81579
4	110661852	110723335	3426
4	110736666	110745893	54433
4	110749150	110765760	10692
4	110769358	110793471	345193
4	110834040	110913481	1950
4	110913481	110913587	100873750,1950
4	110913587	110933422	100873750
4	110967002	111120355	79071
4	111286889	111486441	2028
4	111538579	111563279	5308
4	111781738	111781803	100126354
4	113066553	113116412	132720
4	113152893	113191203	55435
4	113195698	113206665	92610
4	113206665	113207059	92610,80216
4	113207059	113363776	80216
4	113434672	113437328	63973
4	113460492	113558120	55345
4	113558120	113558151	55345,51574
4	113558151	113567632	51574
4	113567632	113569030	442894,51574
4	113569030	113569097	442894,442912
4	113569097	113569160	442894,442912
4	113569160	113569227	442894,442912,442896
4	113569227	113569339	442894,442896
4	113569339	113569407	407028,442894,442896
4	113569407	113569519	407028,442894
4	113569519	113569586	407028,442894,442895
4	113569586	113571207	442894,442895
4	113571207	113578748	442894
4	113739265	114135137	287
4	114135137	114138326	287,441502
4	114138326	114304896	441502
4	114372188	114683083	817
4	114821440	114900883	79642
4	115519611	115577915	7368
4	115577915	115578010	7368,693162
4	115578010	115599380	693162
4	115748919	116035032	64579
4	118004718	118006736	133022
4	118954773	119179803	9348
4	119199864	119200978	100093630,677809
4	119201193	119274158	8492
4	119388745	119476483	645455
4	119512928	119553429	729218,101926918
4	119553429	119554884	101926918,101930466,729218
4	119554884	119555914	101930466
4	119606523	119636588	57721
4	119643978	119759838	9871
4	119809996	119982402	171024
4	120056939	120108944	51778
4	120113928	120133742	101929762
4	120133742	120133799	54532,101929762
4	120133799	120216672	54532
4	120218207	120225600	401152
4	120238405	120243545	2169
4	120375946	120415550	645513,101926979
4	120415550	120473180	101926979,8654,645513
4	120473180	120550146	8654
4	120720244	120725670	101927007
4	120860695	120885448	100996694
4	120976763	120988229	4085
4	121606074	121844025	11107
4	121956768	121994176	79625
4	122052563	122148621	79931
4	122250467	122302214	84109
4	122589110	122618268	308
4	122680088	122686582	132332
4	122722472	122737599	5393
4	122737599	122738176	5393,890
4	122738176	122745087	890
4	122745595	122791652	55212
4	122800182	122872909	7222
4	123073488	123283913	84162
4	123300121	123350957	132612
4	123372625	123377880	3558
4	123533783	123540138	59067
4	123540138	123542224	100996941,59067
4	123542224	123610311	100996941
4	123653857	123666098	166379
4	123747863	123809852	2247
4	123809852	123819391	11162,2247
4	123819391	123844123	11162
4	123844229	124240605	166378
4	124317950	124324910	10252
4	124571422	124851561	285419
4	125421097	125479589	101927087
4	125585207	125633887	57182
4	126237554	126414087	79633
4	126991863	126993159	101927109
4	128544426	128647892	27152
4	128651533	128695448	83447
4	128702976	128761888	22824
4	128802016	128820350	10733
4	128838960	128886461	256471
4	128886461	128887150	80167,256471
4	128887150	128960866	80167
4	128982423	129144086	55132
4	129190397	129209984	10424
4	129213906	129440549	101927184
4	129473745	129474571	101927259
4	129730779	129786076	79960
4	129786076	129796379	79960,132320,101927137
4	129796379	130014472	132320,101927137
4	130014472	130014764	132320,101927137,132321
4	130014764	130037795	132321
4	130645326	130692636	101927282
4	132694457	132712637	101927305
4	133996466	134070271	101927359
4	134070470	134129356	57575
4	135117488	135122903	132430
4	136788138	136834835	100507528
4	138114910	138119521	729307
4	138440072	138453648	54510
4	138948576	138978618	641365
4	138978618	139051863	641365,641364
4	139051863	139085251	641364
4	139085251	139099331	23657,641364
4	139099331	139163503	23657
4	139230865	139345498	100874047
4	139936943	139949266	25819
4	139949266	139966906	25819,1998
4	139966906	140098372	1998
4	140187317	140188034	84709
4	140188034	140201492	4717,84709
4	140201492	140222609	4717
4	140222609	140223705	4717,80155
4	140223705	140341187	80155
4	140374386	140397763	83452
4	140417095	140527853	80854
4	140539290	140544386	101927490
4	140586922	140637907	4258
4	140637907	140661899	4258,55534
4	140661899	141049169	55534
4	141049169	141055719	101927516,55534
4	141055719	141075338	101927516
4	141178440	141204878	60592
4	141204878	141294535	60592,100129858
4	141294535	141306880	100129858
4	141309609	141349122	1047
4	141363416	141419531	152586
4	141445312	141474924	255520
4	141480588	141489959	7350
4	141541919	141677274	23158
4	141780961	142134031	57484
4	142142041	142155851	27309
4	142240604	142253772	100507639
4	142557752	142655140	3600
4	142944313	143768585	8821
4	144106070	144144983	84640
4	144257915	144264613	2549
4	144264613	144264688	100423017,2549
4	144264688	144395721	100423017
4	144434616	144434625	8467
4	144434625	144435788	8467,100128055
4	144435788	144478639	100128055
4	144480625	144498455	441046
4	144498455	144570458	441046,166752
4	144570458	144621828	166752
4	144792020	144826716	2996
4	144833484	144903607	101927636
4	144917257	145030457	2994
4	145030457	145061844	2994,2993
4	145061844	145061904	2993
4	145564074	145567173	646576
4	145567173	145582509	64399,646576
4	145582509	145666423	64399
4	145888264	146019084	10393
4	146019084	146019693	6059,10393
4	146019693	146031990	6059
4	146031990	146050331	6059,54726
4	146050331	146101313	54726
4	146402346	146418225	4086
4	146418225	146424123	101927659,4086
4	146424123	146479231	101927659
4	146539415	146581187	166785
4	146601356	146678779	646603
4	146678779	146692184	152485,101927707,646603
4	146692184	146859787	152485,101927707
4	147030607	147043065	100505545
4	147096837	147121152	11157
4	147175127	147443123	84068
4	147560045	147563626	5458
4	147627790	147867034	83894
4	148265781	148265869	100313938
4	148402069	148466106	1909
4	148538534	148558936	55751
4	148558936	148593195	90826,55751
4	148593195	148605381	90826
4	148653214	148703746	79658
4	148703746	148703819	100616246,79658
4	148703819	148993931	100616246
4	148999913	149365850	4306
4	150075447	150199275	101927849
4	150999426	151178609	166614
4	151185594	151503077	987
4	151503077	151505843	10586,987
4	151505843	151936879	10586
4	152020725	152023903	8944,6189
4	152023903	152024979	8944,152503,6189
4	152024979	152025043	8944,152503,152503
4	152025043	152025804	8944,152503
4	152025804	152198323	8944
4	152198323	152212605	8944,345062
4	152212605	152246784	345062
4	152330368	152584784	729830
4	152591656	152682175	5188
4	152877143	152890533	100505685
4	153021906	153025872	100996286
4	153242410	153258807	55294
4	153258807	153259250	55294,102191832
4	153259250	153410479	102191832
4	153410479	153410568	102191832,100422896
4	153410568	153457253	100422896
4	153457416	153460415	54553,100616193
4	153539784	153601317	201799
4	153690506	153700916	201798
4	153701089	153839615	27236
4	153857504	153900848	85462
4	154073494	154260472	23321
4	154265801	154336270	84057
4	154387498	154557863	23240
4	154622652	154626851	7097
4	154631277	154681387	285533
4	154701744	154710272	6423
4	155153399	155412930	54798
4	155456158	155471587	5356
4	155484108	155492238	2244
4	155504278	155511918	2243
4	155525286	155534119	2266
4	155548097	155674270	101927965,9227
4	155702365	155749965	166863
4	156129781	156138230	4887
4	156263810	156298122	79884
4	156587863	156653501	2982
4	156680144	156728743	2983
4	156750881	156775890	51802
4	156775890	156787425	6999,51802
4	156787425	156841558	6999
4	156845270	156875069	1519
4	157563732	157564721	100505784
4	157681606	157892546	56034
4	157997209	158093242	2743
4	158125334	158287227	2891
4	158493642	158497306	340017
4	159045626	159091904	51313
4	159091904	159094470	51313,101929911
4	159094470	159122756	101929911
4	159122756	159124029	55314,101929911
4	159124029	159176563	55314
4	159236463	159574524	59350
4	159587831	159593277	201725
4	159593277	159593407	201725,2110
4	159593407	159630286	2110
4	159630286	159630775	2110,5481
4	159630775	159644548	5481
4	159690290	159814286	57600
4	159814286	159829201	57600,152940
4	159829201	159959912	152940
4	160025330	160049954	9693
4	160049954	160050046	9693,100616303,100500881
4	160050046	160281321	100500881
4	162305049	162943885	56884
4	162943885	162968719	101928052,56884
4	162968719	163085187	101928052
4	164031225	164088073	92345
4	164245113	164265091	4886
4	164265091	164265984	4889,4886
4	164265984	164273086	4889
4	164392257	164395047	84076
4	164415594	164441691	55319
4	164445450	165305202	55016
4	165675216	165724947	100505989
4	165798156	165820117	100506013
4	165875598	165878100	391712
4	165878100	165880273	391712,152756
4	165880273	165898820	152756
4	165953105	165962896	166655
4	165995574	166128770	201931
4	166128770	166129701	201931,11275
4	166129701	166198944	11275
4	166198944	166201175	11275,2713
4	166201175	166244308	2713
4	166248775	166264312	6307
4	166282346	166307394	1363
4	166307394	166307489	1363,693163
4	166307489	166419472	693163
4	166605791	166683930	101928151
4	166794410	167025047	7092
4	167654535	168155947	50859
4	169013666	169108841	11199
4	169137444	169239958	55601
4	169277886	169418217	91351
4	169418217	169458937	91351,23022
4	169458937	169784921	23022
4	169784921	169849608	84869,23022
4	169849608	169931426	84869
4	170015407	170192256	57630
4	170314426	170533780	4750
4	170533784	170644824	1182
4	170650616	170679104	54969
4	170838912	170897053	100506085
4	170907748	170954182	101928198,9848
4	170981373	171012850	51166
4	171195070	171204230	101928223
4	171663620	171664869	100506107
4	171961753	171980314	100506122
4	172210626	172219418	101928288
4	172733405	173962710	442117
4	174089904	174189311	51809
4	174189311	174189384	51809,100422849
4	174189384	174245118	100422849
4	174252846	174256276	3148
4	174291120	174298683	8819
4	174305852	174327531	11341
4	174446120	174448421	9464
4	174448421	174451380	9464,79804
4	174451380	174512475	79804
4	175015811	175141549	101928509
4	175157809	175204828	26269
4	175204828	175205415	26269,80817
4	175205415	175254531	80817
4	175344946	175345015	100423042
4	175411328	175444305	3248
4	175558065	175750465	8001
4	175750819	175899331	11086,101928551
4	176415765	176417151	80746
4	176554085	176711458	2823
4	176711458	176733340	2823,101928590
4	176733340	176923815	101928590
4	176986985	177103978	116966
4	177105789	177116822	132851
4	177134824	177198722	140458
4	177241115	177253396	60559
4	177604689	177713881	7424
4	178230990	178284097	55247
4	178351924	178363657	175
4	178650792	178829090	101928656
4	181985242	182080302	728081
4	182795591	183065140	101928703,90768
4	183065140	183066402	101928703,90768,55714
4	183066402	183090446	55714
4	183090446	183090531	100302270,55714
4	183090531	183724177	100302270
4	183811213	183839089	1635
4	183958818	183961272	403315
4	184018170	184020352	152641
4	184020446	184154781	53842,80014
4	184154781	184161787	53842,101928734,80014
4	184161787	184239220	101928734
4	184239220	184241927	101928734,53842
4	184241927	184241930	53842
4	184242917	184243579	100132463
4	184365744	184369351	55602
4	184416091	184425647	389247
4	184426147	184432249	3622
4	184560788	184580378	201965
4	184580420	184634745	60684
4	184774584	184944679	56977
4	185009859	185142383	133121
4	185261909	185275130	728175
4	185308867	185395734	3660
4	185548850	185570663	836
4	185570767	185615772	201973
4	185615772	185616117	79682,201973
4	185616117	185655287	79682
4	185676749	185719450	2180
4	185719450	185720200	643036,2180
4	185720200	185747972	643036
4	185765739	185772167	731424
4	185772167	185772264	100500818,731424
4	185772264	185776905	100500818
4	185815025	185820608	100506229
4	185859537	185859594	100616111
4	185939995	185941958	391723
4	185973050	186028402	101928905,101928877
4	186064395	186071536	291
4	186080819	186125391	57587
4	186125391	186130658	57587,83891
4	186130658	186285032	83891
4	186285032	186291339	83891,55805
4	186291339	186317053	55805
4	186317175	186320694	353322
4	186320694	186321782	55325,353322
4	186321782	186347139	55325
4	186347394	186366336	441054
4	186366336	186370980	256309,441054
4	186370980	186392913	256309
4	186422851	186456766	27295
4	186506598	186877806	8470
4	186990306	187009223	7098
4	187025573	187093821	25854
4	187112674	187130133	285440
4	187130133	187134610	3818,285440
4	187134610	187179625	3818
4	187187099	187207248	2160
4	187207248	187210835	285441,2160
4	187210835	187422151	285441
4	187454809	187476721	4543
4	187508937	187647876	2195
4	188225237	188230836	339975
4	188454032	188593795	100506272
4	188916925	188926204	132625
4	189012427	189030757	205860
4	189060573	189068897	339976
4	189321890	189602205	401164
4	189698833	189717787	101930028,101930449
4	190580759	190582640	101928971
4	190701490	190802670	728339
4	190802670	190806023	728339,101930513,101930031
4	190806023	190861426	101930031
4	190861943	190884359	100289097,100996779,2483,101930278,101930531
4	190942562	190943820	554045
4	190945506	190948412	448831,100288255
4	190992087	190993897	652301,653543,728410,653544,22947,653548,100291626,653545,26583
4	190995380	190997190	728410,653543,22947,653544,653548,653545,26583
4	190998673	191000532	728410,653543,22947,653544,653548,653545,26583
4	191001979	191003777	441056,652301,100288494,100288289
4	191005267	191007077	100288466,653543,100288355,100288433,653548,100288593,100653046,100288523,100288325,26583,100288657,100288494,100288289,100288398,728410,653544,22947,100288557,100288627,653545
4	191008560	191010370	653543,653548,728410,22947,653544,653545,26583
4	191011860	191013719	653543,653548,26583,728410,22947,653544,653545,653545
4	191011860	191013719	653543,653548,26583,728410,22947,653544,653545,653545
